device_time_stamp,system_time_stamp,left_gaze_point_on_display_area,left_gaze_point_in_user_coordinate_system,left_gaze_point_validity,left_pupil_diameter,left_pupil_validity,left_gaze_origin_in_user_coordinate_system,left_gaze_origin_validity,right_gaze_point_on_display_area,right_gaze_point_in_user_coordinate_system,right_gaze_point_validity,right_pupil_diameter,right_pupil_validity,right_gaze_origin_in_user_coordinate_system,right_gaze_origin_validity
16051328120,16023062602,"(0.5220480561256409, 0.3125562071800232)","(13.281545639038086, 211.31837463378906, 70.07654571533203)",1,4.1102447509765625,1,"(13.201581954956055, -14.507153511047363, 595.9132080078125)",1,"(0.5158502459526062, 0.3251706659793854)","(9.85230827331543, 207.62911987304688, 68.73377227783203)",1,3.9358978271484375,1,"(80.24282836914062, -15.47141170501709, 590.6548461914062)",1
16051344861,16023079344,"(0.5216048955917358, 0.31380265951156616)","(13.036330223083496, 210.95384216308594, 69.94383239746094)",1,4.111114501953125,1,"(13.176342010498047, -14.527471542358398, 595.5303344726562)",1,"(0.5167573690414429, 0.3208981156349182)","(10.354203224182129, 208.87869262695312, 69.18855285644531)",1,3.929534912109375,1,"(80.17208099365234, -15.501206398010254, 590.1972045898438)",1
16051360953,16023095436,"(0.52217698097229, 0.31238648295402527)","(13.352889060974121, 211.36802673339844, 70.09463500976562)",1,4.100341796875,1,"(13.120172500610352, -14.568037986755371, 595.3886108398438)",1,"(0.5195282101631165, 0.32333260774612427)","(11.887334823608398, 208.1666717529297, 68.92945098876953)",1,3.9297027587890625,1,"(80.10917663574219, -15.533148765563965, 590.049560546875)",1
16051377990,16023112473,"(0.5233168601989746, 0.31568723917007446)","(13.983551979064941, 210.40269470214844, 69.74329376220703)",1,4.1042633056640625,1,"(13.079545974731445, -14.585741996765137, 595.4345703125)",1,"(0.518593430519104, 0.3295002579689026)","(11.37009048461914, 206.3628692626953, 68.27293395996094)",1,3.927703857421875,1,"(80.09056091308594, -15.556755065917969, 590.0975341796875)",1
16051394777,16023129260,"(0.5215911269187927, 0.3141385018825531)","(13.028717041015625, 210.8556365966797, 69.9081039428711)",1,4.1062469482421875,1,"(13.010392189025879, -14.637690544128418, 595.6228637695312)",1,"(0.5160573720932007, 0.3324917256832123)","(9.966878890991211, 205.48802185058594, 67.95448303222656)",1,3.9107513427734375,1,"(80.05076599121094, -15.603304862976074, 590.3302612304688)",1
16051410873,16023145356,"(0.5195513963699341, 0.3110760748386383)","(11.900145530700684, 211.7512664794922, 70.23410034179688)",1,4.0931549072265625,1,"(12.947152137756348, -14.6723051071167, 595.654541015625)",1,"(0.5159719586372375, 0.332053005695343)","(9.919666290283203, 205.61630249023438, 68.00115966796875)",1,3.904266357421875,1,"(79.99999237060547, -15.617447853088379, 590.3776245117188)",1
16051427956,16023162439,"(0.5208396911621094, 0.3155084550380707)","(12.612932205200195, 210.45498657226562, 69.76228332519531)",1,4.09906005859375,1,"(12.902077674865723, -14.671354293823242, 595.4834594726562)",1,"(0.5152402520179749, 0.3367316424846649)","(9.514793395996094, 204.24801635742188, 67.50311279296875)",1,3.92718505859375,1,"(79.94967651367188, -15.612065315246582, 590.2333374023438)",1
16051444692,16023179175,"(0.5221976637840271, 0.3168719708919525)","(13.3643159866333, 210.05621337890625, 69.61717224121094)",1,4.1022796630859375,1,"(12.864885330200195, -14.658398628234863, 595.4078369140625)",1,"(0.5171282887458801, 0.33564120531082153)","(10.559441566467285, 204.56686401367188, 67.61924743652344)",1,3.9291839599609375,1,"(79.89054870605469, -15.57896900177002, 590.144287109375)",1
16051460789,16023195272,"(0.5228452086448669, 0.3178214132785797)","(13.722606658935547, 209.77850341796875, 69.5160903930664)",1,4.1033477783203125,1,"(12.853711128234863, -14.653764724731445, 595.6057739257812)",1,"(0.5179858803749084, 0.3326442241668701)","(11.033935546875, 205.44338989257812, 67.93824005126953)",1,3.914520263671875,1,"(79.90691375732422, -15.566512107849121, 590.350830078125)",1
16051477824,16023212307,"(0.5212345123291016, 0.31378570199012756)","(12.831377983093262, 210.95880126953125, 69.94568634033203)",1,4.10693359375,1,"(12.857028007507324, -14.65549373626709, 595.8297729492188)",1,"(0.5150313377380371, 0.3313746750354767)","(9.399216651916504, 205.81468200683594, 68.07339477539062)",1,3.920440673828125,1,"(79.92478942871094, -15.56525993347168, 590.5222778320312)",1
16051494608,16023229091,"(0.520784318447113, 0.3156374394893646)","(12.58232593536377, 210.41722106933594, 69.74854278564453)",1,4.1058349609375,1,"(12.854805946350098, -14.634535789489746, 595.979248046875)",1,"(0.5153759717941284, 0.33129703998565674)","(9.58989143371582, 205.83738708496094, 68.08168029785156)",1,3.901153564453125,1,"(79.93872833251953, -15.535534858703613, 590.701416015625)",1
16051510709,16023245192,"(0.5225871205329895, 0.3126356899738312)","(13.579808235168457, 211.29515075683594, 70.0680923461914)",1,4.0998382568359375,1,"(12.84178638458252, -14.613471984863281, 595.8640747070312)",1,"(0.5138819217681885, 0.32665833830833435)","(8.763219833374023, 207.19403076171875, 68.5754165649414)",1,3.90972900390625,1,"(79.90495300292969, -15.517728805541992, 590.5952758789062)",1
16051527790,16023262273,"(0.5235467553138733, 0.31608840823173523)","(14.110771179199219, 210.28533935546875, 69.70057678222656)",1,4.1069793701171875,1,"(12.795148849487305, -14.613712310791016, 595.6505737304688)",1,"(0.5131618976593018, 0.32952040433883667)","(8.364823341369629, 206.35702514648438, 68.27075958251953)",1,3.9112701416015625,1,"(79.87133026123047, -15.515825271606445, 590.4364013671875)",1
16051544522,16023279005,"(0.46600979566574097, 0.3113898038864136)","(-17.724449157714844, 211.65951538085938, 70.20071411132812)",1,4.127655029296875,1,"(12.465258598327637, -14.559866905212402, 594.9158935546875)",1,"(0.45541417598724365, 0.314620703458786)","(-23.587007522583008, 210.714599609375, 69.8567886352539)",1,3.9481201171875,1,"(79.27104187011719, -15.45719051361084, 589.6127319335938)",1
16051560629,16023295112,"(0.3783142864704132, 0.29559680819511414)","(-66.24636840820312, 216.27833557128906, 71.88184356689453)",1,4.1200103759765625,1,"(11.980352401733398, -14.489376068115234, 595.0450439453125)",1,"(0.365531325340271, 0.30350688099861145)","(-73.31919860839844, 213.96495056152344, 71.03984069824219)",1,3.96160888671875,1,"(78.74356842041016, -15.400739669799805, 589.859375)",1
16051577660,16023312144,"(0.3739069402217865, 0.29218465089797974)","(-68.68498229980469, 217.2762908935547, 72.24507904052734)",1,4.104400634765625,1,"(11.89483642578125, -14.469364166259766, 594.2130737304688)",1,"(0.3632056713104248, 0.3131391108036041)","(-74.60598754882812, 211.14791870117188, 70.0145263671875)",1,3.94677734375,1,"(78.58447265625, -15.375397682189941, 589.353515625)",1
16051594438,16023328922,"(0.3618691563606262, 0.2905474305152893)","(-75.3454818725586, 217.75511169433594, 72.41934204101562)",1,4.1141510009765625,1,"(11.92713451385498, -14.420950889587402, 593.6495361328125)",1,"(0.36298641562461853, 0.3095817565917969)","(-74.727294921875, 212.1882781982422, 70.39315795898438)",1,3.9291839599609375,1,"(78.58111572265625, -15.343600273132324, 588.7247924804688)",1
16051610540,16023345024,"(0.36314448714256287, 0.2875550389289856)","(-74.63983154296875, 218.63027954101562, 72.7378921508789)",1,4.11004638671875,1,"(11.979159355163574, -14.423250198364258, 594.4921875)",1,"(0.36467304825782776, 0.30182233452796936)","(-73.79407501220703, 214.45762634277344, 71.21919250488281)",1,3.9341278076171875,1,"(78.71900939941406, -15.347713470458984, 589.3767700195312)",1
16051627626,16023362110,"(0.36569997668266296, 0.2882273197174072)","(-73.22588348388672, 218.43362426757812, 72.6662826538086)",1,4.10870361328125,1,"(12.009105682373047, -14.416669845581055, 594.5653686523438)",1,"(0.3613815903663635, 0.3071654140949249)","(-75.61524200439453, 212.8949737548828, 70.650390625)",1,3.9387054443359375,1,"(78.76988220214844, -15.339245796203613, 589.4566650390625)",1
16051644257,16023378741,"(0.3650936186313629, 0.288897842168808)","(-73.56137084960938, 218.23751831054688, 72.59494018554688)",1,4.10247802734375,1,"(12.061967849731445, -14.399799346923828, 594.5667114257812)",1,"(0.3597774803638458, 0.30438998341560364)","(-76.50277709960938, 213.7066650390625, 70.94584655761719)",1,3.9179840087890625,1,"(78.85205841064453, -15.335306167602539, 589.4503784179688)",1
16051660460,16023394944,"(0.3642171323299408, 0.29245176911354065)","(-74.04633331298828, 217.19813537597656, 72.21662902832031)",1,4.0872039794921875,1,"(12.104364395141602, -14.40142822265625, 594.9266357421875)",1,"(0.3642677068710327, 0.3032689392566681)","(-74.0183334350586, 214.0345458984375, 71.06513977050781)",1,3.896148681640625,1,"(78.92469787597656, -15.340433120727539, 589.7752075195312)",1
16051677592,16023412076,"(0.3649730682373047, 0.2923744320869446)","(-73.6280746459961, 217.2207794189453, 72.224853515625)",1,4.072540283203125,1,"(12.119524955749512, -14.404088020324707, 595.0457153320312)",1,"(0.36211806535720825, 0.3069687485694885)","(-75.20774841308594, 212.95249938964844, 70.67129516601562)",1,3.899200439453125,1,"(78.95832061767578, -15.346258163452148, 589.881591796875)",1
16051694269,16023428753,"(0.3658658564090729, 0.2943396270275116)","(-73.13410186767578, 216.64602661132812, 72.01567840576172)",1,4.049407958984375,1,"(12.124648094177246, -14.403477668762207, 595.1099853515625)",1,"(0.36318185925483704, 0.3060201406478882)","(-74.61917114257812, 213.2299346923828, 70.77230834960938)",1,3.86322021484375,1,"(78.97490692138672, -15.359222412109375, 589.9552612304688)",1
16051710380,16023444864,"(0.3675375282764435, 0.29627230763435364)","(-72.20916748046875, 216.080810546875, 71.80994415283203)",1,4.00958251953125,1,"(12.121135711669922, -14.395295143127441, 595.0643920898438)",1,"(0.3622738718986511, 0.30454331636428833)","(-75.12154388427734, 213.66184997558594, 70.92951202392578)",1,3.818572998046875,1,"(78.9697036743164, -15.353413581848145, 589.9182739257812)",1
16051727558,16023462042,"(0.36779165267944336, 0.2968619465827942)","(-72.06855773925781, 215.90835571289062, 71.74720001220703)",1,4.0071868896484375,1,"(12.119659423828125, -14.390750885009766, 595.0391845703125)",1,"(0.36067768931388855, 0.30462032556533813)","(-76.00468444824219, 213.6393280029297, 70.9212875366211)",1,3.80413818359375,1,"(78.96636962890625, -15.350831985473633, 589.8963012695312)",1
16051744185,16023478669,"(0.3668209910392761, 0.2951313257217407)","(-72.60562133789062, 216.41448974609375, 71.931396484375)",1,3.9732666015625,1,"(12.12448501586914, -14.382534980773926, 595.044677734375)",1,"(0.3628089725971222, 0.3041955828666687)","(-74.82545471191406, 213.76356506347656, 70.96652221679688)",1,3.768768310546875,1,"(78.97630310058594, -15.33918285369873, 589.9026489257812)",1
16051760300,16023494784,"(0.36397257447242737, 0.29101648926734924)","(-74.1816635131836, 217.617919921875, 72.3694076538086)",1,3.9316558837890625,1,"(12.14383602142334, -14.36669635772705, 595.07958984375)",1,"(0.3598678410053253, 0.30482468008995056)","(-76.45281219482422, 213.57955932617188, 70.89952087402344)",1,3.74578857421875,1,"(78.99916076660156, -15.320829391479492, 589.9432373046875)",1
16051777428,16023511912,"(0.36598238348960876, 0.2912752330303192)","(-73.06961822509766, 217.54225158691406, 72.34187316894531)",1,3.917236328125,1,"(12.146879196166992, -14.36260986328125, 595.05712890625)",1,"(0.3615117371082306, 0.30974528193473816)","(-75.5432357788086, 212.14047241210938, 70.37577056884766)",1,3.738250732421875,1,"(79.0033187866211, -15.305587768554688, 589.93017578125)",1
16051794099,16023528583,"(0.36607396602630615, 0.2959211468696594)","(-73.0189437866211, 216.18350219726562, 71.84734344482422)",1,3.8833160400390625,1,"(12.137194633483887, -14.347146987915039, 594.8687133789062)",1,"(0.36204302310943604, 0.31058773398399353)","(-75.24929809570312, 211.8940887451172, 70.2861099243164)",1,3.6976318359375,1,"(78.9581069946289, -15.279275894165039, 589.71484375)",1
16051810225,16023544710,"(0.3661048412322998, 0.29285505414009094)","(-73.00186920166016, 217.0802001953125, 72.17372131347656)",1,3.861968994140625,1,"(12.101799011230469, -14.370575904846191, 594.9228515625)",1,"(0.360445499420166, 0.3108042776584625)","(-76.13316345214844, 211.83074951171875, 70.2630386352539)",1,3.66864013671875,1,"(78.9452133178711, -15.28346061706543, 589.7890625)",1
16051827394,16023561879,"(0.3663654625415802, 0.29116103053092957)","(-72.85765838623047, 217.5756378173828, 72.3540267944336)",1,3.828857421875,1,"(12.073278427124023, -14.385298728942871, 594.9995727539062)",1,"(0.36724555492401123, 0.3097246587276459)","(-72.3707046508789, 212.14649963378906, 70.37797546386719)",1,3.6669158935546875,1,"(78.89924621582031, -15.301960945129395, 589.8551025390625)",1
16051844015,16023578500,"(0.3670441210269928, 0.2906760275363922)","(-72.48216247558594, 217.7174835205078, 72.40565490722656)",1,3.8281097412109375,1,"(12.016942977905273, -14.422449111938477, 595.1089477539062)",1,"(0.3642508387565613, 0.3052375316619873)","(-74.02767181396484, 213.45880126953125, 70.85562896728516)",1,3.659332275390625,1,"(78.85601043701172, -15.339500427246094, 589.990234375)",1
16051860140,16023594625,"(0.36903077363967896, 0.289716511964798)","(-71.38294219970703, 217.9980926513672, 72.5078125)",1,3.81781005859375,1,"(11.958464622497559, -14.459178924560547, 595.387451171875)",1,"(0.3649425506591797, 0.3114979863166809)","(-73.64498901367188, 211.6278839111328, 70.189208984375)",1,3.6535186767578125,1,"(78.8309326171875, -15.348719596862793, 590.2625122070312)",1
16051877263,16023611748,"(0.3998773694038391, 0.29399582743644714)","(-54.31550598144531, 216.7465362548828, 72.05225372314453)",1,3.8027496337890625,1,"(12.104537963867188, -14.51593017578125, 595.27490234375)",1,"(0.37884408235549927, 0.31871527433395386)","(-65.9532470703125, 209.51710510253906, 69.42095184326172)",1,3.6370849609375,1,"(78.88504028320312, -15.381187438964844, 590.2269287109375)",1
16051893931,16023628416,"(0.4660802185535431, 0.3454393148422241)","(-17.68547248840332, 201.70132446289062, 66.57625579833984)",1,3.8067169189453125,1,"(12.575973510742188, -14.704007148742676, 596.69384765625)",1,"(0.45969364047050476, 0.376768559217453)","(-21.219167709350586, 192.53871154785156, 63.24129867553711)",1,3.6374053955078125,1,"(79.47630310058594, -15.598668098449707, 591.8540649414062)",1
16051910060,16023644545,"(0.4550732970237732, 0.34868764877319336)","(-23.775606155395508, 200.75131225585938, 66.23047637939453)",1,3.8015594482421875,1,"(12.636886596679688, -14.76862907409668, 598.2644653320312)",1,"(0.45680248737335205, 0.3677041232585907)","(-22.818849563598633, 195.18971252441406, 64.20621490478516)",1,3.6138153076171875,1,"(79.67805480957031, -15.641207695007324, 592.893310546875)",1
16051927229,16023661714,"(0.4614480435848236, 0.3511599898338318)","(-20.24847412109375, 200.0282440185547, 65.96731567382812)",1,3.7789459228515625,1,"(12.61398983001709, -14.765602111816406, 597.9669189453125)",1,"(0.46076929569244385, 0.3651810884475708)","(-20.624032974243164, 195.92764282226562, 64.47476196289062)",1,3.6280670166015625,1,"(79.66577911376953, -15.628536224365234, 592.772216796875)",1
16051943943,16023678428,"(0.46400606632232666, 0.3531169593334198)","(-18.83310317993164, 199.45591735839844, 65.75898742675781)",1,3.764617919921875,1,"(12.596014976501465, -14.725510597229004, 597.6422119140625)",1,"(0.4631772041320801, 0.37359434366226196)","(-19.29174041748047, 193.46707153320312, 63.579200744628906)",1,3.6174774169921875,1,"(79.6248779296875, -15.569799423217773, 592.3867797851562)",1
16051959989,16023694474,"(0.4637130796909332, 0.3513283133506775)","(-18.995210647583008, 199.97901916503906, 65.94937133789062)",1,3.7469635009765625,1,"(12.560540199279785, -14.700007438659668, 597.3746337890625)",1,"(0.46022993326187134, 0.37302184104919434)","(-20.922414779663086, 193.63450622558594, 63.64011764526367)",1,3.59765625,1,"(79.59534454345703, -15.5299711227417, 592.1429443359375)",1
16051977099,16023711584,"(0.4650825560092926, 0.3533145785331726)","(-18.237449645996094, 199.39808654785156, 65.7379379272461)",1,3.75274658203125,1,"(12.528263092041016, -14.687511444091797, 597.2628784179688)",1,"(0.459471195936203, 0.37338218092918396)","(-21.34225082397461, 193.5290985107422, 63.60175704956055)",1,3.6053619384765625,1,"(79.57532501220703, -15.521750450134277, 592.0371704101562)",1
16051993858,16023728343,"(0.46395641565322876, 0.34928426146507263)","(-18.8605899810791, 200.57684326171875, 66.16696166992188)",1,3.7395172119140625,1,"(12.473797798156738, -14.702139854431152, 597.0696411132812)",1,"(0.4597114026546478, 0.36878928542137146)","(-21.209339141845703, 194.8723602294922, 64.09069061279297)",1,3.59503173828125,1,"(79.50503540039062, -15.530633926391602, 591.814697265625)",1
16052009909,16023744394,"(0.4653693437576294, 0.3522006571292877)","(-18.078815460205078, 199.72390747070312, 65.85649871826172)",1,3.7358856201171875,1,"(12.415974617004395, -14.718865394592285, 596.5521850585938)",1,"(0.45691758394241333, 0.3720523715019226)","(-22.755168914794922, 193.9180450439453, 63.743343353271484)",1,3.5797576904296875,1,"(79.41641998291016, -15.544177055358887, 591.337890625)",1
16052027065,16023761550,"(0.46324294805526733, 0.3526727855205536)","(-19.255346298217773, 199.5858154296875, 65.80626678466797)",1,3.7352752685546875,1,"(12.393660545349121, -14.720670700073242, 596.065673828125)",1,"(0.4592822194099426, 0.36874398589134216)","(-21.446807861328125, 194.88560485839844, 64.09548950195312)",1,3.5962371826171875,1,"(79.34797668457031, -15.557543754577637, 590.9520263671875)",1
16052043774,16023778260,"(0.461841881275177, 0.35877126455307007)","(-20.030555725097656, 197.80223083496094, 65.15709686279297)",1,3.729888916015625,1,"(12.36380672454834, -14.686737060546875, 595.2626953125)",1,"(0.4620482921600342, 0.3709695041179657)","(-19.916362762451172, 194.23475646972656, 63.85860824584961)",1,3.5890350341796875,1,"(79.20625305175781, -15.536117553710938, 590.0011596679688)",1
16052059829,16023794315,"(0.465565949678421, 0.3540545105934143)","(-17.970012664794922, 199.1816864013672, 65.6591567993164)",1,3.7193450927734375,1,"(12.340675354003906, -14.61468505859375, 594.5858154296875)",1,"(0.4586089551448822, 0.3683263957500458)","(-21.819364547729492, 195.00772094726562, 64.1399917602539)",1,3.588653564453125,1,"(79.16259765625, -15.496647834777832, 589.4055786132812)",1
16052077031,16023811517,"(nan, nan)","(nan, nan, nan)",0,nan,0,"(nan, nan, nan)",0,"(nan, nan)","(nan, nan, nan)",0,nan,0,"(nan, nan, nan)",0
16052093592,16023828078,"(nan, nan)","(nan, nan, nan)",0,nan,0,"(nan, nan, nan)",0,"(0.3262765407562256, 0.36326828598976135)","(-95.03885650634766, 196.4870147705078, 64.67837524414062)",1,3.5404510498046875,1,"(78.30705261230469, -15.109603881835938, 589.6285400390625)",1
16052109874,16023844360,"(0.18331557512283325, 0.4596424996852875)","(-174.1392059326172, 168.30125427246094, 54.41961669921875)",1,2.8658447265625,1,"(11.291044235229492, -14.104147911071777, 593.838134765625)",1,"(0.27295559644699097, 0.3211165964603424)","(-124.54133605957031, 208.8147735595703, 69.16532897949219)",1,3.5985260009765625,1,"(77.87838745117188, -15.026422500610352, 588.8486938476562)",1
16052126899,16023861385,"(nan, nan)","(nan, nan, nan)",0,nan,0,"(nan, nan, nan)",0,"(0.2768370509147644, 0.31303924322128296)","(-122.39375305175781, 211.1771240234375, 70.025146484375)",1,3.616943359375,1,"(77.85357666015625, -15.048604965209961, 588.8069458007812)",1
16052143411,16023877897,"(0.2999557554721832, 0.32701966166496277)","(-109.60218811035156, 207.08836364746094, 68.5370101928711)",1,3.6379547119140625,1,"(11.41792106628418, -14.189827919006348, 593.8179931640625)",1,"(0.2944609820842743, 0.320451557636261)","(-112.6424331665039, 209.00929260253906, 69.23612976074219)",1,3.61407470703125,1,"(77.96077728271484, -15.103998184204102, 588.6354370117188)",1
16052159656,16023894142,"(0.2927849590778351, 0.29120349884033203)","(-113.56978607177734, 217.56324768066406, 72.3495101928711)",1,3.6865692138671875,1,"(11.399555206298828, -14.284587860107422, 594.5173950195312)",1,"(0.29844653606414795, 0.3147149980068207)","(-110.4372329711914, 210.68702697753906, 69.84677124023438)",1,3.61358642578125,1,"(78.02298736572266, -15.170703887939453, 589.4932861328125)",1
16052176769,16023911255,"(0.29644903540611267, 0.2955624461174011)","(-111.54244232177734, 216.2884063720703, 71.88552856445312)",1,3.696014404296875,1,"(11.380882263183594, -14.320271492004395, 595.189453125)",1,"(0.2975280284881592, 0.3189035654067993)","(-110.9454345703125, 209.4620361328125, 69.40089416503906)",1,3.5973663330078125,1,"(78.08211517333984, -15.189902305603027, 590.1100463867188)",1
16052193327,16023927813,"(0.29639932513237, 0.28992730379104614)","(-111.56995391845703, 217.93649291992188, 72.48535919189453)",1,3.6920013427734375,1,"(11.36050796508789, -14.381216049194336, 596.3994140625)",1,"(0.2962050437927246, 0.31781452894210815)","(-111.67743682861328, 209.78053283691406, 69.51681518554688)",1,3.616363525390625,1,"(78.23267364501953, -15.221235275268555, 591.5628051757812)",1
16052209576,16023944062,"(0.29802852869033813, 0.28336137533187866)","(-110.66853332519531, 219.8567657470703, 73.18431091308594)",1,3.7028961181640625,1,"(11.332530975341797, -14.425288200378418, 597.9425659179688)",1,"(0.29190975427627563, 0.31326159834861755)","(-114.05403900146484, 211.11209106445312, 70.00149536132812)",1,3.6279754638671875,1,"(78.39372253417969, -15.234147071838379, 592.9273071289062)",1
16052226639,16023961125,"(0.297475665807724, 0.2848883271217346)","(-110.97444915771484, 219.41017150878906, 73.02181243896484)",1,3.7204742431640625,1,"(11.320755004882812, -14.43850326538086, 598.5641479492188)",1,"(0.2885778844356537, 0.3134334981441498)","(-115.89755249023438, 211.06179809570312, 69.98316955566406)",1,3.62200927734375,1,"(78.45319366455078, -15.238777160644531, 593.4913330078125)",1
16052243339,16023977825,"(0.29566490650177, 0.28380438685417175)","(-111.97630310058594, 219.72720336914062, 73.13713836669922)",1,3.733367919921875,1,"(11.298493385314941, -14.453801155090332, 599.1337280273438)",1,"(0.2896239161491394, 0.3063134551048279)","(-115.31875610351562, 213.14414978027344, 70.74105072021484)",1,3.62872314453125,1,"(78.50714111328125, -15.236087799072266, 594.15283203125)",1
16052259496,16023993982,"(0.2956978380680084, 0.28185105323791504)","(-111.95806884765625, 220.29844665527344, 73.34505462646484)",1,3.73333740234375,1,"(11.271925926208496, -14.470575332641602, 599.6831665039062)",1,"(0.2899208068847656, 0.2989392876625061)","(-115.15451049804688, 215.3008270263672, 71.52605438232422)",1,3.6443023681640625,1,"(78.55313110351562, -15.252472877502441, 594.6546020507812)",1
16052276605,16024011091,"(0.29531657695770264, 0.2769823968410492)","(-112.16900634765625, 221.7223663330078, 73.86331176757812)",1,3.7474517822265625,1,"(11.254838943481445, -14.489490509033203, 600.1305541992188)",1,"(0.2897406220436096, 0.30037617683410645)","(-115.25423431396484, 214.88059997558594, 71.37309265136719)",1,3.6637725830078125,1,"(78.58755493164062, -15.254816055297852, 595.0332641601562)",1
16052293157,16024027644,"(0.29388362169265747, 0.27808094024658203)","(-112.96188354492188, 221.40109252929688, 73.74636840820312)",1,3.759368896484375,1,"(11.221818923950195, -14.507097244262695, 600.9124755859375)",1,"(0.2838021218776703, 0.29652154445648193)","(-118.54000091552734, 216.00791931152344, 71.7834243774414)",1,3.6673736572265625,1,"(78.6779556274414, -15.2838134765625, 595.944580078125)",1
16052309416,16024043903,"(0.2922554314136505, 0.28283578157424927)","(-113.86276245117188, 220.01048278808594, 73.2402114868164)",1,3.7689361572265625,1,"(11.194439888000488, -14.51318073272705, 601.5272216796875)",1,"(0.28457796573638916, 0.29169487953186035)","(-118.1107406616211, 217.41957092285156, 72.29720306396484)",1,3.6600341796875,1,"(78.7088623046875, -15.291923522949219, 596.4898071289062)",1
16052326571,16024061058,"(0.29276731610298157, 0.2794870436191559)","(-113.57954406738281, 220.98983764648438, 73.59667205810547)",1,3.775634765625,1,"(11.168091773986816, -14.519746780395508, 601.7911376953125)",1,"(0.28676342964172363, 0.2909351885318756)","(-116.9015121459961, 217.64170837402344, 72.37805938720703)",1,3.680694580078125,1,"(78.72782897949219, -15.300926208496094, 596.7243041992188)",1
16052343073,16024077560,"(0.29359742999076843, 0.27810290455818176)","(-113.12025451660156, 221.3946533203125, 73.7440414428711)",1,3.787384033203125,1,"(11.152750015258789, -14.544927597045898, 602.0707397460938)",1,"(0.2860913574695587, 0.297583669424057)","(-117.27335357666016, 215.69725036621094, 71.67035675048828)",1,3.6904144287109375,1,"(78.75505828857422, -15.30950927734375, 597.0485229492188)",1
16052359340,16024093827,"(0.29226788878440857, 0.2732962667942047)","(-113.85587310791016, 222.80043029785156, 74.25566101074219)",1,3.786468505859375,1,"(11.152503967285156, -14.584878921508789, 602.1707763671875)",1,"(0.28809458017349243, 0.29865533113479614)","(-116.16497039794922, 215.38385009765625, 71.55622100830078)",1,3.69818115234375,1,"(78.77359771728516, -15.337057113647461, 597.1278686523438)",1
16052376537,16024111024,"(0.2930428087711334, 0.2727813422679901)","(-113.4271011352539, 222.9510040283203, 74.31046295166016)",1,3.7984619140625,1,"(11.160438537597656, -14.608241081237793, 602.2327270507812)",1,"(0.2866012156009674, 0.2995421886444092)","(-116.99124145507812, 215.12449645996094, 71.46182250976562)",1,3.6912078857421875,1,"(78.79220581054688, -15.352994918823242, 597.1749877929688)",1
16052393085,16024127572,"(0.2918400466442108, 0.2754925489425659)","(-114.09259033203125, 222.15811157226562, 74.02190399169922)",1,3.8090667724609375,1,"(11.172974586486816, -14.618813514709473, 602.3621826171875)",1,"(0.2872549891471863, 0.29751867055892944)","(-116.62948608398438, 215.71627807617188, 71.6772689819336)",1,3.7101898193359375,1,"(78.8357925415039, -15.3650541305542, 597.3277587890625)",1
16052409260,16024143747,"(0.2930790185928345, 0.2741636633872986)","(-113.40709686279297, 222.54676818847656, 74.16333770751953)",1,3.8225860595703125,1,"(11.177543640136719, -14.632173538208008, 602.65478515625)",1,"(0.2873201072216034, 0.2927674949169159)","(-116.59345245361328, 217.10581970214844, 72.18301391601562)",1,3.7038421630859375,1,"(78.86907196044922, -15.370858192443848, 597.59326171875)",1
16052426406,16024160893,"(0.2916639447212219, 0.2670632004737854)","(-114.19002532958984, 224.62335205078125, 74.91915893554688)",1,3.836273193359375,1,"(11.189237594604492, -14.654509544372559, 602.8740234375)",1,"(0.28661081194877625, 0.2959865927696228)","(-116.98593139648438, 216.16436767578125, 71.84036254882812)",1,3.7119598388671875,1,"(78.89424896240234, -15.382906913757324, 597.781982421875)",1
16052443000,16024177487,"(0.3313436806201935, 0.2660922110080719)","(-92.2352523803711, 224.9073486328125, 75.02251434326172)",1,3.8495941162109375,1,"(11.414117813110352, -14.66549015045166, 603.0328369140625)",1,"(0.3368223309516907, 0.3020903170108795)","(-89.20389556884766, 214.3792266845703, 71.19061279296875)",1,3.739166259765625,1,"(79.15607452392578, -15.39567756652832, 597.9161376953125)",1
16052459180,16024193667,"(0.37802496552467346, 0.2643478810787201)","(-66.40648651123047, 225.41751098632812, 75.20821380615234)",1,3.866485595703125,1,"(11.658541679382324, -14.591070175170898, 601.2670288085938)",1,"(0.37211737036705017, 0.29638969898223877)","(-69.67514038085938, 216.0464630126953, 71.79745483398438)",1,3.7343902587890625,1,"(79.1241455078125, -15.314316749572754, 596.1607666015625)",1
16052476276,16024210763,"(0.3743624687194824, 0.2664133310317993)","(-68.43290710449219, 224.8134002685547, 74.98835754394531)",1,3.8438873291015625,1,"(11.673786163330078, -14.58488941192627, 601.6102294921875)",1,"(0.36745700240135193, 0.28051236271858215)","(-72.25370788574219, 220.68995666503906, 73.48754119873047)",1,3.7150726318359375,1,"(79.14954376220703, -15.317811965942383, 596.3417358398438)",1
16052493012,16024227499,"(0.3813806176185608, 0.2647559940814972)","(-64.54976654052734, 225.298095703125, 75.164794921875)",1,3.834991455078125,1,"(11.677555084228516, -14.602744102478027, 602.3279418945312)",1,"(0.3710985779762268, 0.287567675113678)","(-70.23883819580078, 218.6265869140625, 72.73648071289062)",1,3.731964111328125,1,"(79.26994323730469, -15.33055305480957, 597.1723022460938)",1
16052509105,16024243592,"(0.38406267762184143, 0.2669070363044739)","(-63.06578826904297, 224.66900634765625, 74.93578338623047)",1,3.8485565185546875,1,"(11.68756103515625, -14.590892791748047, 602.1185913085938)",1,"(0.37226536870002747, 0.2854372262954712)","(-69.59325408935547, 219.24964904785156, 72.96334075927734)",1,3.7096710205078125,1,"(79.2684555053711, -15.321259498596191, 596.9857177734375)",1
16052526242,16024260730,"(0.3829575777053833, 0.2638084888458252)","(-63.67725372314453, 225.5752410888672, 75.26560974121094)",1,3.84661865234375,1,"(11.70095157623291, -14.58673095703125, 601.957763671875)",1,"(0.37086865305900574, 0.2862395942211151)","(-70.36605072021484, 219.01498413085938, 72.8779296875)",1,3.719512939453125,1,"(79.27703094482422, -15.31868839263916, 596.8532104492188)",1
16052542928,16024277416,"(0.38717737793922424, 0.26742053031921387)","(-61.34241485595703, 224.51882934570312, 74.88116455078125)",1,3.8570556640625,1,"(11.72007942199707, -14.56884765625, 601.4992065429688)",1,"(0.3697935938835144, 0.2869432866573334)","(-70.96085357666016, 218.80917358398438, 72.80294799804688)",1,3.716766357421875,1,"(79.25586700439453, -15.29630184173584, 596.30908203125)",1
16052559025,16024293513,"(0.3887699842453003, 0.27302056550979614)","(-60.46121597290039, 222.88104248046875, 74.2850341796875)",1,3.8666534423828125,1,"(11.72221851348877, -14.534772872924805, 600.6116333007812)",1,"(0.37019550800323486, 0.288192480802536)","(-70.73847961425781, 218.44386291503906, 72.66999053955078)",1,3.71685791015625,1,"(79.16059112548828, -15.262991905212402, 595.461669921875)",1
16052576208,16024310696,"(0.38635528087615967, 0.270442396402359)","(-61.79729461669922, 223.63504028320312, 74.55948638916016)",1,3.8695220947265625,1,"(11.717944145202637, -14.515223503112793, 600.1729736328125)",1,"(0.36753785610198975, 0.29496845602989197)","(-72.20899963378906, 216.46212768554688, 71.94871520996094)",1,3.7293243408203125,1,"(79.11219024658203, -15.248038291931152, 595.0894775390625)",1
16052592842,16024327330,"(0.3847914934158325, 0.27001020312309265)","(-62.66253662109375, 223.761474609375, 74.60547637939453)",1,3.8554534912109375,1,"(11.702239990234375, -14.49300479888916, 599.7177734375)",1,"(0.36591413617134094, 0.28868982195854187)","(-73.10736846923828, 218.29837036132812, 72.61711120605469)",1,3.7339019775390625,1,"(79.04277038574219, -15.233952522277832, 594.552734375)",1
16052608949,16024343437,"(0.38331475853919983, 0.27122053503990173)","(-63.4796028137207, 223.40748596191406, 74.47661590576172)",1,3.8621673583984375,1,"(11.690180778503418, -14.466100692749023, 599.2850341796875)",1,"(0.3711645007133484, 0.29190072417259216)","(-70.20238494873047, 217.3593292236328, 72.27527618408203)",1,3.7152252197265625,1,"(78.9678955078125, -15.202120780944824, 594.1627197265625)",1
16052626076,16024360564,"(0.3852495551109314, 0.2726427912712097)","(-62.40909957885742, 222.99154663085938, 74.32522583007812)",1,3.854766845703125,1,"(11.678004264831543, -14.458342552185059, 599.102783203125)",1,"(0.37052372097969055, 0.29124775528907776)","(-70.55690002441406, 217.55030822753906, 72.34479522705078)",1,3.71417236328125,1,"(78.94136047363281, -15.187971115112305, 594.0082397460938)",1
16052642758,16024377246,"(0.3848632276058197, 0.272318959236145)","(-62.62282943725586, 223.0862579345703, 74.35968017578125)",1,3.871063232421875,1,"(11.678356170654297, -14.448104858398438, 599.0023803710938)",1,"(0.36854782700538635, 0.2907809317111969)","(-71.65015411376953, 217.6868438720703, 72.39447021484375)",1,3.7136077880859375,1,"(78.9159164428711, -15.160613059997559, 593.8927001953125)",1
16052658869,16024393357,"(0.3826411962509155, 0.2752959728240967)","(-63.852294921875, 222.21556091308594, 74.04280090332031)",1,3.87261962890625,1,"(11.688176155090332, -14.424992561340332, 598.9415283203125)",1,"(0.36945509910583496, 0.2961461842060089)","(-71.14813995361328, 216.11769104003906, 71.82333374023438)",1,3.720916748046875,1,"(78.91522216796875, -15.130309104919434, 593.8330078125)",1
16052676042,16024410530,"(0.3845619261264801, 0.27405571937561035)","(-62.78955078125, 222.5783233642578, 74.1748046875)",1,3.8620147705078125,1,"(11.700780868530273, -14.41152572631836, 598.9533081054688)",1,"(0.3759109675884247, 0.2950734794139862)","(-67.57611846923828, 216.43142700195312, 71.9375228881836)",1,3.7266387939453125,1,"(78.9208755493164, -15.116147994995117, 593.8346557617188)",1
16052692674,16024427162,"(0.38835862278938293, 0.27446213364601135)","(-60.68883514404297, 222.45944213867188, 74.13155364990234)",1,3.8781890869140625,1,"(11.722285270690918, -14.396173477172852, 598.996337890625)",1,"(0.3758857846260071, 0.2988555431365967)","(-67.5900650024414, 215.32528686523438, 71.53492736816406)",1,3.7260284423828125,1,"(78.94834899902344, -15.093125343322754, 593.88232421875)",1
16052708789,16024443277,"(0.38798537850379944, 0.2799573242664337)","(-60.89535903930664, 220.85231018066406, 73.546630859375)",1,3.8829345703125,1,"(11.721917152404785, -14.39506721496582, 598.8819580078125)",1,"(0.372446209192276, 0.30718547105789185)","(-69.49317932128906, 212.88909912109375, 70.64826965332031)",1,3.74462890625,1,"(78.93449401855469, -15.0928955078125, 593.757568359375)",1
16052726008,16024460496,"(0.3862038850784302, 0.28172481060028076)","(-61.88105392456055, 220.33538818359375, 73.3584976196289)",1,3.8623199462890625,1,"(11.720718383789062, -14.40249252319336, 598.8462524414062)",1,"(0.3735317587852478, 0.3034406304359436)","(-68.89254760742188, 213.9843292236328, 71.04690551757812)",1,3.718719482421875,1,"(78.92772674560547, -15.093515396118164, 593.7275390625)",1
16052742589,16024477077,"(0.3858087360858917, 0.27739837765693665)","(-62.09971618652344, 221.6007080078125, 73.81900024414062)",1,3.8629150390625,1,"(11.7066650390625, -14.419750213623047, 598.8743896484375)",1,"(0.3716413676738739, 0.3044009506702423)","(-69.93851470947266, 213.70350646972656, 70.94464111328125)",1,3.7099609375,1,"(78.91000366210938, -15.098980903625488, 593.7630615234375)",1
16052758709,16024493198,"(0.38338395953178406, 0.27497169375419617)","(-63.44133758544922, 222.3104248046875, 74.07732391357422)",1,3.86077880859375,1,"(11.685632705688477, -14.436030387878418, 598.8709716796875)",1,"(0.37169957160949707, 0.3039623498916626)","(-69.90631103515625, 213.83177185058594, 70.99136352539062)",1,3.7177581787109375,1,"(78.88994598388672, -15.120271682739258, 593.7636108398438)",1
16052775878,16024510367,"(0.3821267783641815, 0.27768585085868835)","(-64.13694763183594, 221.51663208007812, 73.78839874267578)",1,3.8647003173828125,1,"(11.667059898376465, -14.448400497436523, 598.919921875)",1,"(0.36972862482070923, 0.3029441237449646)","(-70.996826171875, 214.1295623779297, 71.09974670410156)",1,3.6999053955078125,1,"(78.87388610839844, -15.129018783569336, 593.79638671875)",1
16052792505,16024526994,"(0.38178640604019165, 0.2770361006259918)","(-64.32525634765625, 221.70664978027344, 73.85758972167969)",1,3.8628387451171875,1,"(11.646442413330078, -14.458727836608887, 599.0533447265625)",1,"(0.3690275251865387, 0.29454460740089417)","(-71.3847427368164, 216.58607482910156, 71.9938735961914)",1,3.707794189453125,1,"(78.87156677246094, -15.151272773742676, 593.9567260742188)",1
16052808625,16024543114,"(0.3740141689777374, 0.275276780128479)","(-68.62564086914062, 222.22116088867188, 74.04487609863281)",1,3.8700408935546875,1,"(11.637852668762207, -14.437838554382324, 599.0787353515625)",1,"(0.36667314171791077, 0.29112765192985535)","(-72.68741607666016, 217.5854034423828, 72.35758209228516)",1,3.712127685546875,1,"(78.81654357910156, -15.125163078308105, 593.9434204101562)",1
16052825748,16024560237,"(0.3821794092655182, 0.2728065252304077)","(-64.10779571533203, 222.9436492919922, 74.30780792236328)",1,3.862457275390625,1,"(11.660489082336426, -14.411760330200195, 598.534423828125)",1,"(0.3679313659667969, 0.2889789640903473)","(-71.99124908447266, 218.21383666992188, 72.58629608154297)",1,3.6960296630859375,1,"(78.77639770507812, -15.093501091003418, 593.53515625)",1
16052842419,16024576908,"(0.37920862436294556, 0.2793103754520416)","(-65.75153350830078, 221.04151916503906, 73.61552429199219)",1,3.8493499755859375,1,"(11.647570610046387, -14.373061180114746, 597.759033203125)",1,"(0.3715662360191345, 0.2974891662597656)","(-69.9800796508789, 215.72491455078125, 71.680419921875)",1,3.7051544189453125,1,"(78.66664123535156, -15.046537399291992, 592.6336669921875)",1
16052858545,16024593034,"(0.3799232244491577, 0.2818906605243683)","(-65.35616302490234, 220.28688049316406, 73.3407974243164)",1,3.8592376708984375,1,"(11.639911651611328, -14.369084358215332, 598.050537109375)",1,"(0.37252455949783325, 0.29646292328834534)","(-69.44984436035156, 216.02503967285156, 71.78962707519531)",1,3.7144927978515625,1,"(78.7041244506836, -15.035612106323242, 592.9649047851562)",1
16052875714,16024610203,"(0.3805397152900696, 0.27996301651000977)","(-65.0150146484375, 220.85064697265625, 73.54598999023438)",1,3.855010986328125,1,"(11.626471519470215, -14.362096786499023, 598.3568115234375)",1,"(0.37110280990600586, 0.29385536909103394)","(-70.23649597167969, 216.78768920898438, 72.06719970703125)",1,3.6880340576171875,1,"(78.72500610351562, -15.030420303344727, 593.215087890625)",1
16052892335,16024626824,"(0.38046443462371826, 0.2827304005622864)","(-65.05670166015625, 220.04129028320312, 73.2514419555664)",1,3.866180419921875,1,"(11.599367141723633, -14.342338562011719, 598.8803100585938)",1,"(0.37340986728668213, 0.2950480878353119)","(-68.96002197265625, 216.4388427734375, 71.94026184082031)",1,3.697174072265625,1,"(78.76847076416016, -15.012069702148438, 593.8352661132812)",1
16052908465,16024642954,"(0.38175949454307556, 0.2847291827201843)","(-64.34013366699219, 219.45672607421875, 73.03868103027344)",1,3.871246337890625,1,"(11.55468463897705, -14.344464302062988, 599.4751586914062)",1,"(0.3675466477870941, 0.2887309193611145)","(-72.20413970947266, 218.286376953125, 72.61270141601562)",1,3.707489013671875,1,"(78.83185577392578, -15.028464317321777, 594.38623046875)",1
16052925583,16024660072,"(0.3818042576313019, 0.28065526485443115)","(-64.31536865234375, 220.648193359375, 73.47235107421875)",1,3.8717193603515625,1,"(11.534415245056152, -14.358409881591797, 599.5521240234375)",1,"(0.366747111082077, 0.289122611284256)","(-72.64651489257812, 218.17178344726562, 72.57101440429688)",1,3.71661376953125,1,"(78.83707427978516, -15.036931037902832, 594.4737548828125)",1
16052942251,16024676740,"(0.3828789293766022, 0.2799248695373535)","(-63.72074890136719, 220.86180114746094, 73.5500717163086)",1,3.870330810546875,1,"(11.510552406311035, -14.367527961730957, 599.3489990234375)",1,"(0.3712867498397827, 0.2932060658931732)","(-70.13472747802734, 216.97752380371094, 72.13634490966797)",1,3.7375335693359375,1,"(78.7774429321289, -15.039814949035645, 594.2405395507812)",1
16052958385,16024692874,"(0.3811764717102051, 0.2745300829410553)","(-64.6627426147461, 222.43955993652344, 74.12438201904297)",1,3.876708984375,1,"(11.518619537353516, -14.394468307495117, 599.34375)",1,"(0.3690505623817444, 0.29305171966552734)","(-71.37197875976562, 217.02267456054688, 72.15277862548828)",1,3.742462158203125,1,"(78.79232025146484, -15.054487228393555, 594.2655029296875)",1
16052975549,16024710038,"(0.38174256682395935, 0.27566343545913696)","(-64.34952545166016, 222.10809326171875, 74.00372314453125)",1,3.8844757080078125,1,"(11.529623031616211, -14.406428337097168, 599.4127807617188)",1,"(0.37187129259109497, 0.2928292751312256)","(-69.811279296875, 217.0877227783203, 72.17645263671875)",1,3.719482421875,1,"(78.81046295166016, -15.054705619812012, 594.3213500976562)",1
16052992166,16024726656,"(0.38215652108192444, 0.2717529237270355)","(-64.12047576904297, 223.2517852783203, 74.41995239257812)",1,3.8810272216796875,1,"(11.556234359741211, -14.417603492736816, 599.4594116210938)",1,"(0.372036874294281, 0.29235735535621643)","(-69.71968078613281, 217.2257537841797, 72.22663879394531)",1,3.7110595703125,1,"(78.84181213378906, -15.055645942687988, 594.3729858398438)",1
16053008305,16024742795,"(0.3824700117111206, 0.2728767991065979)","(-63.94700241088867, 222.923095703125, 74.3003158569336)",1,3.8747406005859375,1,"(11.57531452178955, -14.418106079101562, 599.523681640625)",1,"(0.37166813015937805, 0.2863190770149231)","(-69.92369842529297, 218.99169921875, 72.86944580078125)",1,3.7096405029296875,1,"(78.8605728149414, -15.063355445861816, 594.4234008789062)",1
16053025515,16024760005,"(0.38254258036613464, 0.2749771177768707)","(-63.906856536865234, 222.30882263183594, 74.0767593383789)",1,3.8761444091796875,1,"(11.595266342163086, -14.424328804016113, 599.60888671875)",1,"(0.37117329239845276, 0.2862929105758667)","(-70.19747161865234, 218.99937438964844, 72.87224578857422)",1,3.7229766845703125,1,"(78.8770751953125, -15.07156753540039, 594.4879760742188)",1
16053042082,16024776573,"(0.4227755069732666, 0.2687875032424927)","(-41.645965576171875, 224.11903381347656, 74.7356185913086)",1,3.8819427490234375,1,"(11.894142150878906, -14.443122863769531, 599.4700317382812)",1,"(0.4193359613418579, 0.29430288076400757)","(-43.54909133911133, 216.6567840576172, 72.01956176757812)",1,3.7387237548828125,1,"(79.17151641845703, -15.088839530944824, 594.2821044921875)",1
16053058225,16024792716,"(0.5674470663070679, 0.28699791431427)","(38.40083694458008, 218.793212890625, 72.79714965820312)",1,3.8950042724609375,1,"(12.747983932495117, -14.447487831115723, 598.0178833007812)",1,"(0.5565871000289917, 0.32452550530433655)","(32.39200210571289, 207.81781005859375, 68.802490234375)",1,3.736541748046875,1,"(79.73067474365234, -15.077547073364258, 592.9926147460938)",1
16053075385,16024809876,"(0.6347342133522034, 0.3035917282104492)","(75.63085174560547, 213.9401397705078, 71.03080749511719)",1,3.8982086181640625,1,"(13.220337867736816, -14.495050430297852, 598.8677368164062)",1,"(0.6160877346992493, 0.33685752749443054)","(65.3136978149414, 204.21116638183594, 67.48977661132812)",1,3.6746063232421875,1,"(80.11959838867188, -15.10428237915039, 593.34912109375)",1
16053091996,16024826487,"(0.6438862085342407, 0.3149336278438568)","(80.69461059570312, 210.62307739257812, 69.8235092163086)",1,3.8990325927734375,1,"(13.372533798217773, -14.496713638305664, 598.4722290039062)",1,"(0.637437641620636, 0.34376096725463867)","(77.12660217285156, 202.19216918945312, 66.75492858886719)",1,3.668304443359375,1,"(80.33731842041016, -15.106612205505371, 592.8391723632812)",1
16053108159,16024842650,"(0.6554794907569885, 0.3157886862754822)","(87.10917663574219, 210.37301635742188, 69.73247528076172)",1,3.876861572265625,1,"(13.355278968811035, -14.45566177368164, 597.5719604492188)",1,"(0.6447083353996277, 0.34541550278663635)","(81.14949798583984, 201.7082977294922, 66.57875061035156)",1,3.6569976806640625,1,"(80.30520629882812, -15.069902420043945, 592.2483520507812)",1
16053125253,16024859744,"(0.6564173102378845, 0.3146510422229767)","(87.62804412841797, 210.70571899414062, 69.85356140136719)",1,3.8858642578125,1,"(13.40203857421875, -14.456103324890137, 598.2861328125)",1,"(0.6446816325187683, 0.3403298556804657)","(81.13471221923828, 203.19561767578125, 67.1201171875)",1,3.659942626953125,1,"(80.43087005615234, -15.077329635620117, 592.848388671875)",1
16053141912,16024876403,"(0.6574666500091553, 0.30170589685440063)","(88.20868682861328, 214.49166870117188, 71.23152160644531)",1,3.8763275146484375,1,"(13.460511207580566, -14.437572479248047, 598.8616943359375)",1,"(0.6465713977813721, 0.34208378195762634)","(82.18031311035156, 202.68270874023438, 66.93342590332031)",1,3.654815673828125,1,"(80.59822082519531, -15.042815208435059, 593.540283203125)",1
16053158079,16024892570,"(0.656889021396637, 0.3053777515888214)","(87.8890609741211, 213.41778564453125, 70.84068298339844)",1,3.8877105712890625,1,"(13.503806114196777, -14.411636352539062, 599.1859741210938)",1,"(0.6456320285797119, 0.3359828293323517)","(81.66055297851562, 204.467041015625, 67.5828628540039)",1,3.658966064453125,1,"(80.68292999267578, -15.030072212219238, 593.7649536132812)",1
16053175123,16024909614,"(0.6577950119972229, 0.3082019090652466)","(88.39037322998047, 212.59182739257812, 70.54009246826172)",1,3.88604736328125,1,"(13.523575782775879, -14.387083053588867, 599.3890991210938)",1,"(0.6423249244689941, 0.33748480677604675)","(79.83076477050781, 204.02772521972656, 67.4229736328125)",1,3.6514892578125,1,"(80.73760986328125, -15.012951850891113, 593.9283447265625)",1
16053191828,16024926319,"(0.657415509223938, 0.30404597520828247)","(88.18038177490234, 213.80728149414062, 70.98248291015625)",1,3.90399169921875,1,"(13.53253173828125, -14.392281532287598, 599.7671508789062)",1,"(0.6432810425758362, 0.3400539755821228)","(80.35978698730469, 203.27633666992188, 67.14947509765625)",1,3.671661376953125,1,"(80.80838775634766, -15.0075044631958, 594.3928833007812)",1
16053208003,16024942494,"(0.6582472324371338, 0.30835509300231934)","(88.6405029296875, 212.5470733642578, 70.52376556396484)",1,3.91656494140625,1,"(13.51186752319336, -14.387110710144043, 599.8211059570312)",1,"(0.6413106322288513, 0.3418137729167938)","(79.2695083618164, 202.76165771484375, 66.96214294433594)",1,3.6890106201171875,1,"(80.80999755859375, -15.005829811096191, 594.4462280273438)",1
16053224993,16024959485,"(0.6595118641853333, 0.3060024678707123)","(89.34027862548828, 213.235107421875, 70.77417755126953)",1,3.9075164794921875,1,"(13.496698379516602, -14.385003089904785, 599.9778442382812)",1,"(0.6415498852729797, 0.3436625301837921)","(79.4018783569336, 202.22097778320312, 66.76534271240234)",1,3.6937408447265625,1,"(80.80924224853516, -15.00614070892334, 594.5473022460938)",1
16053241743,16024976235,"(0.6608849167823792, 0.30319449305534363)","(90.10000610351562, 214.0563201904297, 71.07305145263672)",1,3.918487548828125,1,"(13.5014009475708, -14.390809059143066, 600.4990844726562)",1,"(0.644224226474762, 0.3393319845199585)","(80.88160705566406, 203.48748779296875, 67.2263412475586)",1,3.70147705078125,1,"(80.89509582519531, -15.019808769226074, 595.1632080078125)",1
16053257923,16024992415,"(0.6606389284133911, 0.29944485425949097)","(89.96385955810547, 215.1529541015625, 71.47223663330078)",1,3.917144775390625,1,"(13.527525901794434, -14.40803337097168, 601.049072265625)",1,"(0.6459799408912659, 0.33698567748069763)","(81.85307312011719, 204.17372131347656, 67.47608947753906)",1,3.7021331787109375,1,"(80.99292755126953, -15.034297943115234, 595.664794921875)",1
16053274862,16025009354,"(0.6598001718521118, 0.2975366711616516)","(89.49980163574219, 215.71104431152344, 71.67536926269531)",1,3.907867431640625,1,"(13.561717987060547, -14.427319526672363, 601.215087890625)",1,"(0.6437553763389587, 0.3391864597797394)","(80.62226104736328, 203.53004455566406, 67.24181365966797)",1,3.6955413818359375,1,"(81.0428237915039, -15.049300193786621, 595.8111572265625)",1
16053291659,16025026151,"(0.6611430644989014, 0.2995869517326355)","(90.24284362792969, 215.1114044189453, 71.45709991455078)",1,3.9071197509765625,1,"(13.608016967773438, -14.434540748596191, 601.2564086914062)",1,"(0.6487460136413574, 0.3363094627857208)","(83.38350677490234, 204.37144470214844, 67.54813385009766)",1,3.7161407470703125,1,"(81.09941864013672, -15.075638771057129, 595.8616333007812)",1
16053307843,16025042335,"(0.6582018733024597, 0.29882457852363586)","(88.615478515625, 215.3343505859375, 71.53827667236328)",1,3.9245758056640625,1,"(13.661410331726074, -14.468076705932617, 601.5026245117188)",1,"(0.6484115123748779, 0.3343249261379242)","(83.19847869873047, 204.9518585205078, 67.75935363769531)",1,3.7274017333984375,1,"(81.18624114990234, -15.104220390319824, 596.1187744140625)",1
16053324732,16025059224,"(0.6617919206619263, 0.30189791321754456)","(90.60184478759766, 214.43551635742188, 71.21112823486328)",1,3.90948486328125,1,"(13.675697326660156, -14.496458053588867, 601.9290771484375)",1,"(0.644050657749176, 0.3286193907260895)","(80.78560638427734, 206.62051391601562, 68.36666870117188)",1,3.7211456298828125,1,"(81.26465606689453, -15.13071346282959, 596.4302978515625)",1
16053341573,16025076065,"(0.6619764566421509, 0.29796817898750305)","(90.70399475097656, 215.5848388671875, 71.62940216064453)",1,3.9094390869140625,1,"(13.688704490661621, -14.532181739807129, 602.4027099609375)",1,"(0.6426268815994263, 0.33259302377700806)","(79.997802734375, 205.45835876464844, 67.94368743896484)",1,3.727325439453125,1,"(81.35453033447266, -15.182441711425781, 596.9920654296875)",1
16053357763,16025092255,"(0.6633330583572388, 0.29838407039642334)","(91.45458984375, 215.4631805419922, 71.58513641357422)",1,3.9078521728515625,1,"(13.66826057434082, -14.56584644317627, 602.7745361328125)",1,"(0.6438443064689636, 0.3290303349494934)","(80.6714096069336, 206.5003204345703, 68.32294464111328)",1,3.722869873046875,1,"(81.38569641113281, -15.2264986038208, 597.3471069335938)",1
16053374698,16025109190,"(0.6624796390533447, 0.30165237188339233)","(90.98234558105469, 214.50733947753906, 71.2372055053711)",1,3.9004364013671875,1,"(13.661959648132324, -14.578950881958008, 603.0176391601562)",1,"(0.6456453800201416, 0.33547255396842957)","(81.66796875, 204.61622619628906, 67.63719940185547)",1,3.7198638916015625,1,"(81.40185546875, -15.244099617004395, 597.5589599609375)",1
16053391489,16025125981,"(0.6626248359680176, 0.3058289587497711)","(91.0626449584961, 213.28587341308594, 70.79267120361328)",1,3.89508056640625,1,"(13.654529571533203, -14.595841407775879, 603.3036499023438)",1,"(0.6466062664985657, 0.3343486189842224)","(82.19963073730469, 204.94496154785156, 67.75682830810547)",1,3.7162322998046875,1,"(81.44380187988281, -15.287139892578125, 597.8965454101562)",1
16053407683,16025142175,"(0.6625691056251526, 0.30588385462760925)","(91.03186798095703, 213.26980590820312, 70.78682708740234)",1,3.901580810546875,1,"(13.681132316589355, -14.589740753173828, 603.4921875)",1,"(0.6463826894760132, 0.33150115609169006)","(82.07594299316406, 205.77772521972656, 68.0599136352539)",1,3.70849609375,1,"(81.50090789794922, -15.290539741516113, 598.0694580078125)",1
16053424566,16025159058,"(0.6612846851348877, 0.3002125918865204)","(90.3211898803711, 214.92840576171875, 71.39049530029297)",1,3.894378662109375,1,"(13.715773582458496, -14.583113670349121, 603.613525390625)",1,"(0.6438932418823242, 0.33254560828208923)","(80.69853210449219, 205.4722442626953, 67.94874572753906)",1,3.71429443359375,1,"(81.54918670654297, -15.286295890808105, 598.1654052734375)",1
16053441405,16025175897,"(0.6633211374282837, 0.29328182339668274)","(91.44795989990234, 216.9553985595703, 72.12825775146484)",1,3.8883209228515625,1,"(13.784778594970703, -14.552719116210938, 603.6201782226562)",1,"(0.6482109427452087, 0.3339444398880005)","(83.08747863769531, 205.06314086914062, 67.79987335205078)",1,3.6880340576171875,1,"(81.61681365966797, -15.254411697387695, 598.167724609375)",1
16053457603,16025192096,"(0.6601653099060059, 0.29451391100883484)","(89.70182800292969, 216.59506225585938, 71.99712371826172)",1,3.892791748046875,1,"(13.864850044250488, -14.535882949829102, 603.612548828125)",1,"(0.6464794874191284, 0.33855608105659485)","(82.1294937133789, 203.7144012451172, 67.30892944335938)",1,3.6862945556640625,1,"(81.68768310546875, -15.241004943847656, 598.16015625)",1
16053474532,16025209025,"(0.6613261103630066, 0.2951658368110657)","(90.34413146972656, 216.4043731689453, 71.92772674560547)",1,3.891387939453125,1,"(13.908295631408691, -14.533581733703613, 603.7637939453125)",1,"(0.6458343267440796, 0.33843737840652466)","(81.77253723144531, 203.7491455078125, 67.3215560913086)",1,3.6871185302734375,1,"(81.73175811767578, -15.24348258972168, 598.2455444335938)",1
16053491320,16025225814,"(0.6636448502540588, 0.29628995060920715)","(91.6270523071289, 216.07565307617188, 71.80804443359375)",1,3.8929290771484375,1,"(13.936766624450684, -14.538959503173828, 604.0055541992188)",1,"(0.6474708318710327, 0.3370286226272583)","(82.677978515625, 204.1611328125, 67.47154998779297)",1,3.69573974609375,1,"(81.80839538574219, -15.268227577209473, 598.5301513671875)",1
16053507528,16025242022,"(0.6620816588401794, 0.3004228472709656)","(90.76213073730469, 214.86692810058594, 71.36812591552734)",1,3.8948516845703125,1,"(13.945073127746582, -14.531126022338867, 604.0811767578125)",1,"(0.6479960680007935, 0.33853477239608765)","(82.96861267089844, 203.72064208984375, 67.31118774414062)",1,3.6833953857421875,1,"(81.81009674072266, -15.274673461914062, 598.601806640625)",1
16053524498,16025258992,"(0.6628648638725281, 0.2986174523830414)","(91.19549560546875, 215.3949432373047, 71.56028747558594)",1,3.8934173583984375,1,"(13.938098907470703, -14.531826972961426, 604.1298828125)",1,"(0.6489648222923279, 0.3369207978248596)","(83.50463104248047, 204.19265747070312, 67.48298645019531)",1,3.688262939453125,1,"(81.80522155761719, -15.276056289672852, 598.6382446289062)",1
16053541236,16025275730,"(0.6609058976173401, 0.29786577820777893)","(90.11161041259766, 215.61477661132812, 71.64031219482422)",1,3.8959503173828125,1,"(13.928221702575684, -14.53699779510498, 604.2607421875)",1,"(0.6492354273796082, 0.3387529253959656)","(83.65433502197266, 203.6568603515625, 67.28800964355469)",1,3.7036285400390625,1,"(81.79864501953125, -15.28643798828125, 598.796142578125)",1
16053557448,16025291942,"(0.6623027920722961, 0.29958808422088623)","(90.88451385498047, 215.11105346679688, 71.45700073242188)",1,3.8987274169921875,1,"(13.93348503112793, -14.532146453857422, 604.4493408203125)",1,"(0.6507558822631836, 0.33536863327026367)","(84.49561309814453, 204.64663696289062, 67.64822387695312)",1,3.7050933837890625,1,"(81.82626342773438, -15.291515350341797, 598.984130859375)",1
16053574368,16025308862,"(0.66215980052948, 0.3041081726551056)","(90.80534362792969, 213.78912353515625, 70.97586822509766)",1,3.90338134765625,1,"(13.951727867126465, -14.525702476501465, 604.639404296875)",1,"(0.6514977216720581, 0.338496595621109)","(84.90608978271484, 203.73182678222656, 67.31526947021484)",1,3.707763671875,1,"(81.85924530029297, -15.292535781860352, 599.1300048828125)",1
16053591150,16025325644,"(0.6633251905441284, 0.30491751432418823)","(91.45023345947266, 213.55239868164062, 70.88970184326172)",1,3.8933258056640625,1,"(13.997116088867188, -14.508843421936035, 604.8784790039062)",1,"(0.6478810906410217, 0.3378962576389313)","(82.90495300292969, 203.90740966796875, 67.379150390625)",1,3.70440673828125,1,"(81.94309997558594, -15.282649993896484, 599.4111938476562)",1
16053607368,16025341862,"(0.6646990776062012, 0.3064752519130707)","(92.21038818359375, 213.09681701660156, 70.7238998413086)",1,3.9055023193359375,1,"(14.050485610961914, -14.493046760559082, 605.06689453125)",1,"(0.6486074328422546, 0.33925846219062805)","(83.30682373046875, 203.5089874267578, 67.23417663574219)",1,3.7100677490234375,1,"(82.00399780273438, -15.271491050720215, 599.5802612304688)",1
16053624334,16025358828,"(0.6641588807106018, 0.30557534098625183)","(91.91148376464844, 213.36000061035156, 70.8196792602539)",1,3.905548095703125,1,"(14.075801849365234, -14.48077392578125, 605.0934448242188)",1,"(0.6498630046844482, 0.3340194523334503)","(84.00155639648438, 205.0411834716797, 67.79187774658203)",1,3.6828765869140625,1,"(82.0268325805664, -15.26121711730957, 599.602294921875)",1
16053641066,16025375560,"(0.6588627099990845, 0.30838263034820557)","(88.98113250732422, 212.5389862060547, 70.52080535888672)",1,3.9091339111328125,1,"(14.061729431152344, -14.519913673400879, 604.9982299804688)",1,"(0.6428674459457397, 0.3473283648490906)","(80.13093566894531, 201.14889526367188, 66.3751449584961)",1,3.67633056640625,1,"(81.97555541992188, -15.291662216186523, 599.4972534179688)",1
16053657288,16025391782,"(0.6533548831939697, 0.3235253095626831)","(85.93357849121094, 208.1103515625, 68.908935546875)",1,3.9035797119140625,1,"(14.029278755187988, -14.568463325500488, 604.5321655273438)",1,"(0.6389433741569519, 0.3673954904079437)","(77.9597396850586, 195.28001403808594, 64.23902130126953)",1,3.6780853271484375,1,"(81.86075592041016, -15.324142456054688, 599.0717163085938)",1
16053674204,16025408698,"(0.6549712419509888, 0.3268161118030548)","(86.82797241210938, 207.14791870117188, 68.5586166381836)",1,3.889190673828125,1,"(13.995931625366211, -14.58122730255127, 604.2431640625)",1,"(0.6403495073318481, 0.35366129875183105)","(78.73777770996094, 199.29672241210938, 65.70099639892578)",1,3.6572723388671875,1,"(81.8228759765625, -15.339548110961914, 598.8654174804688)",1
16053690982,16025425476,"(0.6547549962997437, 0.3233545422554016)","(86.70829010009766, 208.1602783203125, 68.9271011352539)",1,3.8618316650390625,1,"(13.93830394744873, -14.586410522460938, 603.6192626953125)",1,"(0.6452824473381042, 0.3596734404563904)","(81.4671630859375, 197.53839111328125, 65.06104278564453)",1,3.6491241455078125,1,"(81.66918182373047, -15.356121063232422, 598.1314697265625)",1
16053707208,16025441703,"(0.6525225043296814, 0.33147501945495605)","(85.47309112548828, 205.7853546142578, 68.06271362304688)",1,3.87017822265625,1,"(13.899009704589844, -14.586380004882812, 603.2494506835938)",1,"(0.6432163119316101, 0.36272069811820984)","(80.3239517211914, 196.64718627929688, 64.73667907714844)",1,3.6533660888671875,1,"(81.61434936523438, -15.34786605834961, 597.8218994140625)",1
16053724170,16025458665,"(0.65329509973526, 0.32584330439567566)","(85.90054321289062, 207.4324188232422, 68.66217041015625)",1,3.8677825927734375,1,"(13.897737503051758, -14.583047866821289, 603.3877563476562)",1,"(0.6417568325996399, 0.3606179356575012)","(79.51640319824219, 197.2621612548828, 64.96054077148438)",1,3.6464080810546875,1,"(81.62103271484375, -15.346575736999512, 597.9059448242188)",1
16053740994,16025475489,"(0.6522665023803711, 0.33049243688583374)","(85.33140563964844, 206.0727081298828, 68.16728210449219)",1,3.8819732666015625,1,"(13.924278259277344, -14.571283340454102, 603.7141723632812)",1,"(0.643826425075531, 0.362781822681427)","(80.66155242919922, 196.6293182373047, 64.73017883300781)",1,3.6379852294921875,1,"(81.70352935791016, -15.326171875, 598.2926025390625)",1
16053757132,16025491627,"(0.6526100635528564, 0.3327280580997467)","(85.521484375, 205.41888427734375, 67.92933654785156)",1,3.872467041015625,1,"(13.963460922241211, -14.554764747619629, 603.9175415039062)",1,"(0.6430923938751221, 0.36154457926750183)","(80.25538635253906, 196.99114990234375, 64.86188507080078)",1,3.6502532958984375,1,"(81.76419830322266, -15.293514251708984, 598.462646484375)",1
16053774039,16025508534,"(0.6529025435447693, 0.3337704837322235)","(85.68340301513672, 205.114013671875, 67.81837463378906)",1,3.8796844482421875,1,"(13.981813430786133, -14.534987449645996, 603.8670043945312)",1,"(0.6404502987861633, 0.3599708080291748)","(78.79353332519531, 197.45143127441406, 65.02941131591797)",1,3.6338653564453125,1,"(81.78118133544922, -15.27097225189209, 598.423828125)",1
16053790909,16025525404,"(0.6531293988227844, 0.33575892448425293)","(85.80887603759766, 204.53250122070312, 67.60667419433594)",1,3.864990234375,1,"(13.987236976623535, -14.504212379455566, 603.724853515625)",1,"(0.6425906419754028, 0.3545776307582855)","(79.97775268554688, 199.0287322998047, 65.6034927368164)",1,3.6373443603515625,1,"(81.7741928100586, -15.243936538696289, 598.2550048828125)",1
16053807048,16025541543,"(0.6538901329040527, 0.33463987708091736)","(86.22977447509766, 204.85977172851562, 67.72584533691406)",1,3.8593292236328125,1,"(13.960234642028809, -14.501396179199219, 603.4739990234375)",1,"(0.6412550210952759, 0.3578200340270996)","(79.23877716064453, 198.08045959472656, 65.25834655761719)",1,3.64068603515625,1,"(81.73097229003906, -15.247271537780762, 598.0132446289062)",1
16053824005,16025558500,"(0.6526807546615601, 0.33458778262138367)","(85.56063842773438, 204.875, 67.73136901855469)",1,3.864715576171875,1,"(13.916722297668457, -14.520345687866211, 603.382568359375)",1,"(0.6405798196792603, 0.3565213680267334)","(78.86517333984375, 198.4602813720703, 65.39657592773438)",1,3.625213623046875,1,"(81.69810485839844, -15.249105453491211, 597.9173583984375)",1
16053840825,16025575320,"(0.6520494818687439, 0.32823458313941956)","(85.21135711669922, 206.73309326171875, 68.40763092041016)",1,3.8652191162109375,1,"(13.855381965637207, -14.57104206085205, 603.4847412109375)",1,"(0.6454482078552246, 0.3601175844669342)","(81.55884552001953, 197.4085235595703, 65.0137710571289)",1,3.6429443359375,1,"(81.62968444824219, -15.305551528930664, 598.0430297851562)",1
16053856968,16025591463,"(0.655205249786377, 0.33011847734451294)","(86.95741271972656, 206.18209838867188, 68.20709991455078)",1,3.849090576171875,1,"(13.798721313476562, -14.622312545776367, 603.7867431640625)",1,"(0.6435836553573608, 0.36367759108543396)","(80.52722930908203, 196.36732482910156, 64.63479614257812)",1,3.664642333984375,1,"(81.61486053466797, -15.356036186218262, 598.3467407226562)",1
16053873971,16025608466,"(0.6558840870857239, 0.3311416208744049)","(87.33302307128906, 205.88287353515625, 68.09819030761719)",1,3.854400634765625,1,"(13.766716003417969, -14.664710998535156, 604.087646484375)",1,"(0.6410120129585266, 0.358508437871933)","(79.10430145263672, 197.8791046142578, 65.18505859375)",1,3.6416168212890625,1,"(81.63705444335938, -15.379467964172363, 598.5853271484375)",1
16053890739,16025625234,"(0.6547955870628357, 0.33130523562431335)","(86.73081970214844, 205.8350067138672, 68.08078002929688)",1,3.8604888916015625,1,"(13.756271362304688, -14.703474998474121, 604.3927612304688)",1,"(0.6422773599624634, 0.36555376648902893)","(79.80443572998047, 195.81861877441406, 64.43511199951172)",1,3.6409759521484375,1,"(81.65925598144531, -15.408616065979004, 598.958740234375)",1
16053906888,16025641383,"(0.6397426128387451, 0.3286476731300354)","(78.40196990966797, 206.61221313476562, 68.3636474609375)",1,3.85479736328125,1,"(13.68597412109375, -14.680597305297852, 604.5763549804688)",1,"(0.6299845576286316, 0.347927451133728)","(73.0028305053711, 200.9736328125, 66.31139373779297)",1,3.65191650390625,1,"(81.56165313720703, -15.399518966674805, 599.1390991210938)",1
16053923841,16025658336,"(0.6183927655220032, 0.3140503168106079)","(66.58905792236328, 210.88143920898438, 69.91751098632812)",1,3.833892822265625,1,"(13.603485107421875, -14.622413635253906, 604.1415405273438)",1,"(0.6166664958000183, 0.32918834686279297)","(65.63394927978516, 206.4541015625, 68.3061294555664)",1,3.6368408203125,1,"(81.42654418945312, -15.362399101257324, 598.8558349609375)",1
16053940655,16025675151,"(0.6194838285446167, 0.3102087676525116)","(67.1927261352539, 212.0049285888672, 70.32646179199219)",1,3.8193206787109375,1,"(13.581696510314941, -14.601375579833984, 604.0282592773438)",1,"(0.6084325909614563, 0.31902647018432617)","(61.07809829711914, 209.42605590820312, 69.38782501220703)",1,3.63555908203125,1,"(81.3467025756836, -15.332935333251953, 598.7268676757812)",1
16053956808,16025691305,"(0.6175799369812012, 0.3071752190589905)","(66.13934326171875, 212.8921356201172, 70.64936828613281)",1,3.82305908203125,1,"(13.555546760559082, -14.626852989196777, 604.0338134765625)",1,"(0.6071489453315735, 0.3202875852584839)","(60.36785888671875, 209.0572509765625, 69.25357055664062)",1,3.62847900390625,1,"(81.31929779052734, -15.357028007507324, 598.608154296875)",1
16053973709,16025708206,"(0.6158304810523987, 0.3081972002983093)","(65.17137908935547, 212.5932159423828, 70.5405502319336)",1,3.8184967041015625,1,"(13.507271766662598, -14.641471862792969, 603.7604370117188)",1,"(0.6068682074546814, 0.3177517354488373)","(60.21253967285156, 209.7988739013672, 69.52352142333984)",1,3.60186767578125,1,"(81.25113677978516, -15.357498168945312, 598.3578491210938)",1
16053990571,16025725068,"(0.6197270750999451, 0.3095457851886749)","(67.32733917236328, 212.19883728027344, 70.39698028564453)",1,3.8137664794921875,1,"(13.40295124053955, -14.66960334777832, 603.4782104492188)",1,"(0.6038419604301453, 0.32481256127357483)","(58.53812026977539, 207.73385620117188, 68.77192687988281)",1,3.6119232177734375,1,"(81.11595916748047, -15.370427131652832, 598.0342407226562)",1
16054006728,16025741225,"(0.6173146367073059, 0.309285968542099)","(65.99254608154297, 212.27481079101562, 70.42463684082031)",1,3.8054962158203125,1,"(13.306221961975098, -14.691393852233887, 603.232177734375)",1,"(0.6043025851249695, 0.32721996307373047)","(58.79300308227539, 207.02981567382812, 68.5156478881836)",1,3.6062164306640625,1,"(80.98773956298828, -15.372605323791504, 597.8345336914062)",1
16054023675,16025758172,"(0.616421103477478, 0.30929774045944214)","(65.4981689453125, 212.27137756347656, 70.42339324951172)",1,3.80780029296875,1,"(13.239032745361328, -14.70610523223877, 602.9650268554688)",1,"(0.6043110489845276, 0.3285997211933136)","(58.79765701293945, 206.62623596191406, 68.36878967285156)",1,3.5850982666015625,1,"(80.90485382080078, -15.366750717163086, 597.6427612304688)",1
16054040583,16025775080,"(0.6176643967628479, 0.3040218949317932)","(66.18610382080078, 213.8143310546875, 70.9849853515625)",1,3.777801513671875,1,"(13.145109176635742, -14.710474014282227, 602.6205444335938)",1,"(0.6070160865783691, 0.32945677638053894)","(60.29437255859375, 206.37564086914062, 68.27751922607422)",1,3.5919952392578125,1,"(80.74785614013672, -15.358323097229004, 597.2453002929688)",1
16054056643,16025791140,"(0.6174135208129883, 0.31128427386283875)","(66.04730987548828, 211.69036865234375, 70.21190643310547)",1,3.7750396728515625,1,"(13.101814270019531, -14.704142570495605, 602.2515869140625)",1,"(0.6033294796943665, 0.3285001516342163)","(58.254547119140625, 206.6553955078125, 68.37931060791016)",1,3.58868408203125,1,"(80.67900085449219, -15.334800720214844, 596.9118041992188)",1
16054073641,16025808138,"(0.613165020942688, 0.3100353181362152)","(63.696598052978516, 212.0556640625, 70.34486389160156)",1,3.7847900390625,1,"(13.036553382873535, -14.69629192352295, 602.2066650390625)",1,"(0.6036871075630188, 0.3273519277572632)","(58.45242691040039, 206.99118041992188, 68.50154113769531)",1,3.5933837890625,1,"(80.62726593017578, -15.314948081970215, 596.8341064453125)",1
16054090402,16025824899,"(0.5237166285514832, 0.2964487075805664)","(14.204745292663574, 216.02919006347656, 71.79114532470703)",1,3.798675537109375,1,"(12.509033203125, -14.603304862976074, 601.21435546875)",1,"(0.5092375874519348, 0.3007906973361969)","(6.193520545959473, 214.7593231201172, 71.32896423339844)",1,3.61834716796875,1,"(79.79515075683594, -15.203192710876465, 595.7344970703125)",1
16054106563,16025841060,"(0.40063852071762085, 0.2701658010482788)","(-53.894351959228516, 223.71595764160156, 74.58888244628906)",1,3.7319793701171875,1,"(11.805656433105469, -14.492757797241211, 600.4169921875)",1,"(0.3943457305431366, 0.2744903564453125)","(-57.37617874145508, 222.451171875, 74.12861633300781)",1,3.6168975830078125,1,"(78.92150115966797, -15.11767578125, 595.2199096679688)",1
16054123607,16025858104,"(0.3866085708141327, 0.27388134598731995)","(-61.65716552734375, 222.6293182373047, 74.19339752197266)",1,3.7080078125,1,"(11.633984565734863, -14.465910911560059, 599.579345703125)",1,"(0.37090760469436646, 0.2708807587623596)","(-70.34449768066406, 223.50685119628906, 74.5128173828125)",1,3.5891876220703125,1,"(78.67259216308594, -15.097491264343262, 594.7590942382812)",1
16054140414,16025874911,"(0.3819170296192169, 0.2729339003562927)","(-64.25297546386719, 222.9063720703125, 74.29427337646484)",1,3.71282958984375,1,"(11.567748069763184, -14.477027893066406, 599.4354858398438)",1,"(0.365179181098938, 0.27216973900794983)","(-73.51404571533203, 223.1298828125, 74.37557220458984)",1,3.5690765380859375,1,"(78.66146087646484, -15.126077651977539, 594.5967407226562)",1
16054156469,16025890966,"(0.38210558891296387, 0.2680712342262268)","(-64.14862823486328, 224.32852172851562, 74.81187438964844)",1,3.69818115234375,1,"(11.510494232177734, -14.509956359863281, 599.8399658203125)",1,"(0.36465227603912354, 0.26936066150665283)","(-73.8055648803711, 223.951416015625, 74.67461395263672)",1,3.5542144775390625,1,"(78.65896606445312, -15.15452766418457, 594.76171875)",1
16054173573,16025908071,"(0.38308238983154297, 0.2646313011646271)","(-63.60818862915039, 225.33457946777344, 75.17806243896484)",1,3.696258544921875,1,"(11.478983879089355, -14.54621696472168, 599.8618774414062)",1,"(0.36620578169822693, 0.26640966534614563)","(-72.94599151611328, 224.814453125, 74.98871612548828)",1,3.54986572265625,1,"(78.65113067626953, -15.176748275756836, 594.7848510742188)",1
16054190232,16025924730,"(0.38126426935195923, 0.262448787689209)","(-64.61414337158203, 225.97286987304688, 75.410400390625)",1,3.6934356689453125,1,"(11.463220596313477, -14.579996109008789, 600.0003051757812)",1,"(0.3652976453304291, 0.2673821449279785)","(-73.4484634399414, 224.53004455566406, 74.88526153564453)",1,3.5530242919921875,1,"(78.68213653564453, -15.219648361206055, 594.9397583007812)",1
16054206389,16025940887,"(0.3832338750362396, 0.26519131660461426)","(-63.524383544921875, 225.17080688476562, 75.11840057373047)",1,3.6790618896484375,1,"(11.447988510131836, -14.592268943786621, 599.7142333984375)",1,"(0.3678750693798065, 0.2699265778064728)","(-72.02238464355469, 223.78590393066406, 74.6143798828125)",1,3.5413970947265625,1,"(78.65149688720703, -15.233061790466309, 594.6416015625)",1
16054223539,16025958037,"(0.38384270668029785, 0.26329368352890015)","(-63.1874885559082, 225.7257843017578, 75.32038879394531)",1,3.67156982421875,1,"(11.446882247924805, -14.603043556213379, 599.507568359375)",1,"(0.3676773011684418, 0.26868098974227905)","(-72.13179779052734, 224.15017700195312, 74.74695587158203)",1,3.5057830810546875,1,"(78.63777160644531, -15.239483833312988, 594.4683837890625)",1
16054240148,16025974646,"(0.38124486804008484, 0.26239803433418274)","(-64.62489318847656, 225.9877471923828, 75.41574096679688)",1,3.660552978515625,1,"(11.461199760437012, -14.615168571472168, 599.3509521484375)",1,"(0.3711439371109009, 0.2681390345096588)","(-70.2137451171875, 224.3087158203125, 74.8046646118164)",1,3.5030364990234375,1,"(78.6387710571289, -15.256050109863281, 594.2839965820312)",1
16054256305,16025990803,"(0.3820821940898895, 0.2613500654697418)","(-64.16161346435547, 226.2942352294922, 75.5273208618164)",1,3.6432647705078125,1,"(11.467594146728516, -14.637331008911133, 599.2230224609375)",1,"(0.37026315927505493, 0.2709169387817383)","(-70.7010498046875, 223.49624633789062, 74.50897216796875)",1,3.5077667236328125,1,"(78.65119934082031, -15.2701997756958, 594.1593627929688)",1
16054273409,16026007907,"(0.38328635692596436, 0.26615986227989197)","(-63.49531936645508, 224.88754272460938, 75.01532745361328)",1,3.65576171875,1,"(11.466841697692871, -14.652885437011719, 599.3138427734375)",1,"(0.3715493381023407, 0.2744079828262329)","(-69.98942565917969, 222.47528076171875, 74.13734436035156)",1,3.5012969970703125,1,"(78.66565704345703, -15.281460762023926, 594.2001342773438)",1
16054290063,16026024561,"(0.384432852268219, 0.27062860131263733)","(-62.86099624633789, 223.5806121826172, 74.53964233398438)",1,3.6524810791015625,1,"(11.452620506286621, -14.688925743103027, 599.625732421875)",1,"(0.3694033622741699, 0.2771052122116089)","(-71.17677307128906, 221.68643188476562, 73.8502426147461)",1,3.5082550048828125,1,"(78.7135009765625, -15.32295036315918, 594.5638427734375)",1
16054306225,16026040723,"(0.38448476791381836, 0.26636865735054016)","(-62.83226013183594, 224.8264617919922, 74.99311828613281)",1,3.6610107421875,1,"(11.413592338562012, -14.733765602111816, 599.9148559570312)",1,"(0.37044990062713623, 0.2734394669532776)","(-70.59772491455078, 222.75852966308594, 74.24046325683594)",1,3.516021728515625,1,"(78.72056579589844, -15.364754676818848, 594.8272094726562)",1
16054323375,16026057873,"(0.3857079744338989, 0.2651151418685913)","(-62.155460357666016, 225.19308471679688, 75.12657928466797)",1,3.649169921875,1,"(11.384220123291016, -14.754341125488281, 599.9373168945312)",1,"(0.3671313524246216, 0.26589640974998474)","(-72.43389129638672, 224.96456909179688, 75.04340362548828)",1,3.499114990234375,1,"(78.71139526367188, -15.388224601745605, 594.8757934570312)",1
16054340075,16026074573,"(0.3883060812950134, 0.26771238446235657)","(-60.71790313720703, 224.43348693847656, 74.8500747680664)",1,3.647674560546875,1,"(11.346208572387695, -14.77892017364502, 599.84423828125)",1,"(0.3650614023208618, 0.2637958526611328)","(-73.57919311523438, 225.57891845703125, 75.26696014404297)",1,3.5002593994140625,1,"(78.6847152709961, -15.419403076171875, 594.7659301757812)",1
16054356145,16026090643,"(0.38928157091140747, 0.2675815224647522)","(-60.17818069458008, 224.47177124023438, 74.8639907836914)",1,3.6387176513671875,1,"(11.332559585571289, -14.801032066345215, 599.6598510742188)",1,"(0.3653932511806488, 0.26629266142845154)","(-73.39559936523438, 224.8487091064453, 75.0012435913086)",1,3.4984893798828125,1,"(78.6590576171875, -15.440454483032227, 594.5814208984375)",1
16054373245,16026107743,"(0.38638079166412354, 0.26967328786849976)","(-61.783206939697266, 223.86000061035156, 74.6413345336914)",1,3.6405181884765625,1,"(11.34426212310791, -14.809858322143555, 599.3871459960938)",1,"(0.36400410532951355, 0.26329416036605835)","(-74.1642074584961, 225.7256317138672, 75.32041931152344)",1,3.5009613037109375,1,"(78.63764953613281, -15.44941234588623, 594.375732421875)",1
16054389991,16026124490,"(0.3865121603012085, 0.2691638171672821)","(-61.710514068603516, 224.00900268554688, 74.695556640625)",1,3.6337127685546875,1,"(11.369712829589844, -14.804204940795898, 598.9169311523438)",1,"(0.36734700202941895, 0.2671179473400116)","(-72.3145980834961, 224.60733032226562, 74.91336822509766)",1,3.47894287109375,1,"(78.58206176757812, -15.430944442749023, 593.8331298828125)",1
16054406065,16026140565,"(0.38523101806640625, 0.26731714606285095)","(-62.419342041015625, 224.5491180419922, 74.89212036132812)",1,3.6317138671875,1,"(11.411398887634277, -14.786589622497559, 598.824462890625)",1,"(0.3640357553958893, 0.2696043848991394)","(-74.14669799804688, 223.88015747070312, 74.6486587524414)",1,3.479034423828125,1,"(78.62242889404297, -15.418603897094727, 593.7657470703125)",1
16054423211,16026157711,"(0.3837599754333496, 0.2694322168827057)","(-63.23329162597656, 223.93051147460938, 74.6669692993164)",1,3.625518798828125,1,"(11.42890739440918, -14.780762672424316, 598.9425659179688)",1,"(0.36676135659217834, 0.2696766257286072)","(-72.63862609863281, 223.85902404785156, 74.64100646972656)",1,3.4801788330078125,1,"(78.64308166503906, -15.417218208312988, 593.8370971679688)",1
16054439905,16026174405,"(0.3845650255680084, 0.26972514390945435)","(-62.78784942626953, 223.84481811523438, 74.6358413696289)",1,3.618408203125,1,"(11.448773384094238, -14.776301383972168, 598.985595703125)",1,"(0.36669018864631653, 0.2678649127483368)","(-72.67801666259766, 224.3888702392578, 74.83383178710938)",1,3.4816741943359375,1,"(78.66600799560547, -15.422264099121094, 593.8843994140625)",1
16054455985,16026190485,"(0.3852376937866211, 0.26664406061172485)","(-62.41566848754883, 224.7459259033203, 74.96378326416016)",1,3.61859130859375,1,"(11.4442777633667, -14.775275230407715, 598.78515625)",1,"(0.36875903606414795, 0.269977867603302)","(-71.53328704833984, 223.77090454101562, 74.60894012451172)",1,3.4800567626953125,1,"(78.63508605957031, -15.424938201904297, 593.68505859375)",1
16054473080,16026207580,"(0.3830268979072571, 0.27298399806022644)","(-63.63886642456055, 222.8917236328125, 74.28893280029297)",1,3.62353515625,1,"(11.437565803527832, -14.772299766540527, 598.63427734375)",1,"(0.36942237615585327, 0.2718052864074707)","(-71.16629791259766, 223.23646545410156, 74.41439819335938)",1,3.49371337890625,1,"(78.6156997680664, -15.423431396484375, 593.5633544921875)",1
16054489821,16026224321,"(0.3839441239833832, 0.26978471875190735)","(-63.13141632080078, 223.827392578125, 74.62948608398438)",1,3.624267578125,1,"(11.430108070373535, -14.770605087280273, 598.4942016601562)",1,"(0.36808276176452637, 0.27070412039756775)","(-71.907470703125, 223.55850219726562, 74.5316162109375)",1,3.4894256591796875,1,"(78.57703399658203, -15.426756858825684, 593.4032592773438)",1
16054505905,16026240405,"(0.3765591084957123, 0.2764661908149719)","(-67.21754455566406, 221.87332153320312, 73.91827392578125)",1,3.62823486328125,1,"(11.361920356750488, -14.80367660522461, 598.3585815429688)",1,"(0.35724496841430664, 0.2784716486930847)","(-77.9040298461914, 221.28680419921875, 73.7047348022461)",1,3.5074462890625,1,"(78.46280670166016, -15.456851959228516, 593.293212890625)",1
16054523046,16026257546,"(0.34420180320739746, 0.3009200394153595)","(-85.12081909179688, 214.7215118408203, 71.31523132324219)",1,3.6255035400390625,1,"(11.284896850585938, -14.893271446228027, 599.1384887695312)",1,"(0.32878378033638, 0.2999129593372345)","(-93.65160369873047, 215.0160675048828, 71.42237091064453)",1,3.5147705078125,1,"(78.42851257324219, -15.546951293945312, 593.9423828125)",1
16054539737,16026274237,"(0.3251025676727295, 0.31703853607177734)","(-95.68843841552734, 210.00750732421875, 69.59941101074219)",1,3.6292572021484375,1,"(11.28245735168457, -14.989234924316406, 600.5601806640625)",1,"(0.3208918869495392, 0.3194212317466736)","(-98.01819610595703, 209.31063842773438, 69.34575653076172)",1,3.5095672607421875,1,"(78.54792022705078, -15.664341926574707, 595.5390014648438)",1
16054555825,16026290325,"(0.32197999954223633, 0.3162744641304016)","(-97.41617584228516, 210.23095703125, 69.68074035644531)",1,3.6320953369140625,1,"(11.264580726623535, -14.978485107421875, 599.666015625)",1,"(0.318840354681015, 0.32430267333984375)","(-99.1532974243164, 207.88296508789062, 68.82617950439453)",1,3.4983978271484375,1,"(78.47462463378906, -15.644588470458984, 594.6233520507812)",1
16054573012,16026307512,"(0.3223791718482971, 0.3236474096775055)","(-97.19530487060547, 208.07461547851562, 68.89592742919922)",1,3.62054443359375,1,"(11.26225471496582, -14.972979545593262, 599.4442749023438)",1,"(0.31582844257354736, 0.32458552718162537)","(-100.81983184814453, 207.80026245117188, 68.79610443115234)",1,3.4968414306640625,1,"(78.45340728759766, -15.638734817504883, 594.4066162109375)",1
16054589556,16026324056,"(0.3238797187805176, 0.32461270689964294)","(-96.36502838134766, 207.7923126220703, 68.79318237304688)",1,3.6275482177734375,1,"(11.243990898132324, -14.96557331085205, 599.2698974609375)",1,"(0.31897395849227905, 0.3310718536376953)","(-99.07941436767578, 205.9032745361328, 68.10565948486328)",1,3.5004730224609375,1,"(78.43744659423828, -15.634847640991211, 594.2017822265625)",1
16054605745,16026340245,"(0.32389411330223083, 0.32571062445640564)","(-96.35706329345703, 207.47119140625, 68.6762924194336)",1,3.62933349609375,1,"(11.217459678649902, -14.967060089111328, 599.1924438476562)",1,"(0.31762152910232544, 0.3343862295150757)","(-99.82772827148438, 204.9339599609375, 67.7528076171875)",1,3.5050201416015625,1,"(78.41800689697266, -15.628352165222168, 594.142578125)",1
16054622978,16026357478,"(0.3237355947494507, 0.3195086419582367)","(-96.44477844238281, 209.2850341796875, 69.33649444580078)",1,3.6231689453125,1,"(11.19662857055664, -14.979509353637695, 599.296630859375)",1,"(0.31652718782424927, 0.32413411140441895)","(-100.43321228027344, 207.93228149414062, 68.8440933227539)",1,3.47869873046875,1,"(78.41419982910156, -15.627915382385254, 594.2218017578125)",1
16054639568,16026374069,"(0.3228906989097595, 0.31827548146247864)","(-96.91224670410156, 209.64572143554688, 69.46778869628906)",1,3.6234130859375,1,"(11.16211986541748, -15.000588417053223, 599.682373046875)",1,"(0.31568172574043274, 0.31948143243789673)","(-100.90099334716797, 209.29302978515625, 69.33939361572266)",1,3.5027923583984375,1,"(78.445068359375, -15.656108856201172, 594.6788940429688)",1
16054655665,16026390166,"(0.32064196467399597, 0.3140956163406372)","(-98.15648651123047, 210.86817932128906, 69.91266632080078)",1,3.61236572265625,1,"(11.134103775024414, -15.01138687133789, 600.1494750976562)",1,"(0.3170187473297119, 0.31811952590942383)","(-100.16121673583984, 209.69131469726562, 69.48439025878906)",1,3.4979705810546875,1,"(78.475830078125, -15.655383110046387, 595.111572265625)",1
16054672848,16026407349,"(0.3220548927783966, 0.31563690304756165)","(-97.37469482421875, 210.41738891601562, 69.74860382080078)",1,3.6184844970703125,1,"(11.120461463928223, -15.003654479980469, 600.3723754882812)",1,"(0.31769996881484985, 0.31809455156326294)","(-99.78429412841797, 209.69862365722656, 69.48704528808594)",1,3.495361328125,1,"(78.49278259277344, -15.64732551574707, 595.315673828125)",1
16054689386,16026423887,"(0.3218308389186859, 0.31282952427864075)","(-97.49864196777344, 211.23843383789062, 70.04747772216797)",1,3.6274261474609375,1,"(11.120417594909668, -14.991286277770996, 600.5850219726562)",1,"(0.3176109194755554, 0.316200315952301)","(-99.83357238769531, 210.25262451171875, 69.68867492675781)",1,3.4928436279296875,1,"(78.5275650024414, -15.623769760131836, 595.5584106445312)",1
16054705580,16026440081,"(0.3231925964355469, 0.31678831577301025)","(-96.74520111083984, 210.0806121826172, 69.62606811523438)",1,3.623870849609375,1,"(11.123454093933105, -14.984637260437012, 600.5830078125)",1,"(0.31683453917503357, 0.3192001283168793)","(-100.26315307617188, 209.3753204345703, 69.36935424804688)",1,3.49066162109375,1,"(78.53728485107422, -15.616517066955566, 595.5367431640625)",1
16054722814,16026457315,"(0.3237416446208954, 0.31534212827682495)","(-96.44143676757812, 210.50357055664062, 69.77999877929688)",1,3.6136016845703125,1,"(11.128165245056152, -14.991427421569824, 600.5237426757812)",1,"(0.3163813650608063, 0.32438793778419495)","(-100.51387023925781, 207.85804748535156, 68.81710815429688)",1,3.49407958984375,1,"(78.5453109741211, -15.617076873779297, 595.4911499023438)",1
16054739302,16026473803,"(0.34401798248291016, 0.31570443511009216)","(-85.22252655029297, 210.3976287841797, 69.7414321899414)",1,3.6121063232421875,1,"(11.277956008911133, -14.969748497009277, 600.2059326171875)",1,"(0.33896109461784363, 0.3263808488845825)","(-88.02049255371094, 207.27520751953125, 68.60494232177734)",1,3.4794769287109375,1,"(78.65924072265625, -15.594802856445312, 595.0936279296875)",1
16054755500,16026490001,"(0.4222091734409332, 0.29466506838798523)","(-41.959346771240234, 216.55084228515625, 71.98104858398438)",1,3.6327667236328125,1,"(11.683329582214355, -14.8709077835083, 599.32763671875)",1,"(0.40092557668685913, 0.3054506480693817)","(-53.73555374145508, 213.396484375, 70.83291625976562)",1,3.483184814453125,1,"(78.9130859375, -15.496946334838867, 594.3563842773438)",1
16054772682,16026507183,"(0.4258720278739929, 0.28114989399909973)","(-39.932674407958984, 220.50352478027344, 73.41966247558594)",1,3.6454010009765625,1,"(11.78604507446289, -14.88830852508545, 600.3162231445312)",1,"(0.4139763116836548, 0.2913169264793396)","(-46.514591217041016, 217.5300750732422, 72.33741760253906)",1,3.47686767578125,1,"(79.07648468017578, -15.511516571044922, 595.0401000976562)",1
16054789314,16026523815,"(0.4247317910194397, 0.2814693748950958)","(-40.56357955932617, 220.41009521484375, 73.38569641113281)",1,3.625457763671875,1,"(11.79710578918457, -14.92928695678711, 600.7474365234375)",1,"(0.415717750787735, 0.29412350058555603)","(-45.55105209350586, 216.70924377441406, 72.03866577148438)",1,3.484375,1,"(79.17931365966797, -15.565869331359863, 595.5292358398438)",1
16054805429,16026539930,"(0.4266941547393799, 0.2832051217556)","(-39.4777946472168, 219.90248107910156, 73.20087432861328)",1,3.626556396484375,1,"(11.801558494567871, -14.923741340637207, 600.3116455078125)",1,"(0.4165523648262024, 0.29242148995399475)","(-45.08926773071289, 217.20701599121094, 72.2198486328125)",1,3.468048095703125,1,"(79.16297149658203, -15.577010154724121, 595.1885986328125)",1
16054822552,16026557053,"(0.4266662001609802, 0.28308582305908203)","(-39.49325180053711, 219.93734741210938, 73.21359252929688)",1,3.6231231689453125,1,"(11.807502746582031, -14.922606468200684, 600.1415405273438)",1,"(0.4166683852672577, 0.28889384865760803)","(-45.025062561035156, 218.2387237548828, 72.59534454345703)",1,3.4611053466796875,1,"(79.14791107177734, -15.586886405944824, 595.0203857421875)",1
16054839229,16026573731,"(0.42562633752822876, 0.28238818049430847)","(-40.06861877441406, 220.14137268066406, 73.28784942626953)",1,3.61956787109375,1,"(11.821205139160156, -14.924561500549316, 599.9059448242188)",1,"(0.41817429661750793, 0.2920261025428772)","(-44.191795349121094, 217.3226318359375, 72.26192474365234)",1,3.4551849365234375,1,"(79.14035034179688, -15.591687202453613, 594.742431640625)",1
16054855349,16026589851,"(0.4258800148963928, 0.27516835927963257)","(-39.928253173828125, 222.25291442871094, 74.056396484375)",1,3.621063232421875,1,"(11.829059600830078, -14.94288158416748, 599.7154541015625)",1,"(0.4179624915122986, 0.2920864522457123)","(-44.309043884277344, 217.30502319335938, 72.25552368164062)",1,3.46563720703125,1,"(79.13725280761719, -15.59946060180664, 594.5599365234375)",1
16054872518,16026607021,"(0.4259087145328522, 0.28359538316726685)","(-39.912391662597656, 219.78831481933594, 73.15935516357422)",1,3.615203857421875,1,"(11.83098316192627, -14.95254135131836, 599.6521606445312)",1,"(0.4154342710971832, 0.28829506039619446)","(-45.707881927490234, 218.41383361816406, 72.65908813476562)",1,3.4517059326171875,1,"(79.13175964355469, -15.60716438293457, 594.4953002929688)",1
16054889145,16026623648,"(0.42698508501052856, 0.2831014096736908)","(-39.31682586669922, 219.9327850341797, 73.2119140625)",1,3.616455078125,1,"(11.814910888671875, -14.96285343170166, 599.6301879882812)",1,"(0.4152892231941223, 0.28564003109931946)","(-45.788124084472656, 219.19032287597656, 72.94172668457031)",1,3.453338623046875,1,"(79.11166381835938, -15.616948127746582, 594.4723510742188)",1
16054905269,16026639772,"(0.42537856101989746, 0.28007352352142334)","(-40.205718994140625, 220.81832885742188, 73.53428649902344)",1,3.60528564453125,1,"(11.794417381286621, -14.961167335510254, 599.745361328125)",1,"(0.41808632016181946, 0.28739234805107117)","(-44.24049377441406, 218.67784118652344, 72.75521087646484)",1,3.467376708984375,1,"(79.10033416748047, -15.609275817871094, 594.6046752929688)",1
16054922484,16026656987,"(0.42920011281967163, 0.2822430729866028)","(-38.09122085571289, 220.18380737304688, 73.30335998535156)",1,3.5998382568359375,1,"(11.753311157226562, -14.965835571289062, 599.9030151367188)",1,"(0.41656985878944397, 0.29169535636901855)","(-45.07957077026367, 217.4193572998047, 72.29716491699219)",1,3.466461181640625,1,"(79.11004638671875, -15.605467796325684, 594.7438354492188)",1
16054939157,16026673660,"(0.42681899666786194, 0.2847578823566437)","(-39.40872573852539, 219.4483184814453, 73.03562927246094)",1,3.614013671875,1,"(11.72308349609375, -14.972983360290527, 599.9730834960938)",1,"(0.4132695496082306, 0.29053446650505066)","(-46.905635833740234, 217.75892639160156, 72.42068481445312)",1,3.4614105224609375,1,"(79.08126068115234, -15.596283912658691, 594.82763671875)",1
16054955189,16026689692,"(0.46902400255203247, 0.27952468395233154)","(-16.056692123413086, 220.97885131835938, 73.59269714355469)",1,3.6307373046875,1,"(11.95991325378418, -14.931113243103027, 599.804931640625)",1,"(0.46050408482551575, 0.2998867332935333)","(-20.770769119262695, 215.0237274169922, 71.4251708984375)",1,3.4877471923828125,1,"(79.27190399169922, -15.523681640625, 594.7129516601562)",1
16054972354,16026706857,"(0.5227004289627075, 0.26372087001800537)","(13.6425199508667, 225.6008758544922, 75.27494049072266)",1,3.6060791015625,1,"(12.272640228271484, -14.864656448364258, 598.9873657226562)",1,"(0.5089869499206543, 0.28616955876350403)","(6.054839134216309, 219.03546142578125, 72.88533020019531)",1,3.4770050048828125,1,"(79.36519622802734, -15.459944725036621, 594.0391235351562)",1
16054989071,16026723574,"(0.5330155491828918, 0.2672851085662842)","(19.349855422973633, 224.55844116210938, 74.89556121826172)",1,3.5779571533203125,1,"(12.418478012084961, -14.794891357421875, 597.0391845703125)",1,"(0.5245891213417053, 0.2886675298213959)","(14.687506675720215, 218.30491638183594, 72.61941528320312)",1,3.449951171875,1,"(79.29165649414062, -15.373385429382324, 591.689697265625)",1
16055005109,16026739612,"(0.5439065098762512, 0.26297250390052795)","(25.375883102416992, 225.81968688964844, 75.3546142578125)",1,3.555572509765625,1,"(12.402627944946289, -14.808612823486328, 596.949462890625)",1,"(0.5230750441551208, 0.29033470153808594)","(13.849782943725586, 217.81732177734375, 72.44200134277344)",1,3.4622650146484375,1,"(79.341064453125, -15.381426811218262, 591.6912231445312)",1
16055022320,16026756823,"(0.5458295345306396, 0.26094910502433777)","(26.439830780029297, 226.41151428222656, 75.57000732421875)",1,3.542755126953125,1,"(12.42083740234375, -14.805620193481445, 597.0955810546875)",1,"(0.5278612375259399, 0.28868988156318665)","(16.497962951660156, 218.2983856201172, 72.61711883544922)",1,3.45379638671875,1,"(79.37674713134766, -15.390110969543457, 591.842529296875)",1
16055038987,16026773490,"(0.5459393858909607, 0.2635608911514282)","(26.500598907470703, 225.6476287841797, 75.29198455810547)",1,3.54949951171875,1,"(12.447117805480957, -14.8104248046875, 597.2239990234375)",1,"(0.5275493264198303, 0.293527215719223)","(16.32537841796875, 216.8836212158203, 72.10216522216797)",1,3.450164794921875,1,"(79.45276641845703, -15.407464981079102, 591.9838256835938)",1
16055055033,16026789536,"(0.5466898679733276, 0.2666694223880768)","(26.91581916809082, 224.73851013183594, 74.96106719970703)",1,3.5517120361328125,1,"(12.479150772094727, -14.829153060913086, 597.6392822265625)",1,"(0.5286016464233398, 0.28939682245254517)","(16.907636642456055, 218.09158325195312, 72.54183197021484)",1,3.4459686279296875,1,"(79.5426254272461, -15.437997817993164, 592.3684692382812)",1
16055072189,16026806692,"(0.5489703416824341, 0.265607088804245)","(28.177648544311523, 225.0491943359375, 75.07415008544922)",1,3.5624237060546875,1,"(12.493250846862793, -14.844344139099121, 597.79833984375)",1,"(0.5285043716430664, 0.2905809283256531)","(16.85383415222168, 217.74530029296875, 72.41580963134766)",1,3.4478759765625,1,"(79.58428192138672, -15.450370788574219, 592.4981689453125)",1
16055088903,16026823407,"(0.5489247441291809, 0.2657257914543152)","(28.152429580688477, 225.0144805908203, 75.06151580810547)",1,3.5744476318359375,1,"(12.499835014343262, -14.875811576843262, 597.8829345703125)",1,"(0.5278230905532837, 0.2881268262863159)","(16.476839065551758, 218.46302795410156, 72.67706298828125)",1,3.448089599609375,1,"(79.61943817138672, -15.495946884155273, 592.5988159179688)",1
16055104953,16026839457,"(0.5496802926063538, 0.26538100838661194)","(28.570436477661133, 225.11532592773438, 75.09825134277344)",1,3.5793304443359375,1,"(12.481715202331543, -14.903162002563477, 597.9238891601562)",1,"(0.5255447030067444, 0.28465914726257324)","(15.216172218322754, 219.47720336914062, 73.046142578125)",1,3.459869384765625,1,"(79.62540435791016, -15.52942943572998, 592.6241455078125)",1
16055122059,16026856563,"(0.5513741374015808, 0.2621772885322571)","(29.50765037536621, 226.0522918701172, 75.43928527832031)",1,3.5734710693359375,1,"(12.467222213745117, -14.919886589050293, 597.916015625)",1,"(0.5234367251396179, 0.282311350107193)","(14.049920082092285, 220.16383361816406, 73.29605865478516)",1,3.4712677001953125,1,"(79.62500762939453, -15.538738250732422, 592.6383056640625)",1
16055138818,16026873322,"(0.5486124157905579, 0.26164761185646057)","(27.97962760925293, 226.2071990966797, 75.49564361572266)",1,3.5789031982421875,1,"(12.445282936096191, -14.939508438110352, 597.8416137695312)",1,"(0.5232662558555603, 0.2775941491127014)","(13.955581665039062, 221.54342651367188, 73.79818725585938)",1,3.489593505859375,1,"(79.60186004638672, -15.561537742614746, 592.5548095703125)",1
16055154873,16026889377,"(0.5478143692016602, 0.2658793330192566)","(27.538057327270508, 224.96958923339844, 75.04517364501953)",1,3.5828399658203125,1,"(12.412280082702637, -14.942428588867188, 597.495361328125)",1,"(0.5239015221595764, 0.2828007936477661)","(14.307038307189941, 220.02069091796875, 73.24395751953125)",1,3.47320556640625,1,"(79.54510498046875, -15.55019760131836, 592.2196655273438)",1
16055171927,16026906431,"(0.5508220791816711, 0.26272812485694885)","(29.20221710205078, 225.8912353515625, 75.38060760498047)",1,3.584320068359375,1,"(12.384298324584961, -14.94740104675293, 597.2235107421875)",1,"(0.5221633315086365, 0.2828373610973358)","(13.345343589782715, 220.01002502441406, 73.24004364013672)",1,3.4833526611328125,1,"(79.49665832519531, -15.545493125915527, 591.9924926757812)",1
16055188734,16026923238,"(0.5484731197357178, 0.2657898962497711)","(27.90252685546875, 224.9957275390625, 75.05469512939453)",1,3.58807373046875,1,"(12.35444164276123, -14.937809944152832, 596.7699584960938)",1,"(0.5260646939277649, 0.2862232029438019)","(15.503928184509277, 219.01979064941406, 72.8796157836914)",1,3.47332763671875,1,"(79.37661743164062, -15.524974822998047, 591.4653930664062)",1
16055204793,16026939297,"(0.547366738319397, 0.26890408992767334)","(27.29037094116211, 224.0849609375, 74.72318267822266)",1,3.5908203125,1,"(12.313945770263672, -14.937674522399902, 596.3900756835938)",1,"(0.5306859016418457, 0.29219570755958557)","(18.060880661010742, 217.2730255126953, 72.2438735961914)",1,3.4677276611328125,1,"(79.29602813720703, -15.507416725158691, 591.1046752929688)",1
16055221893,16026956397,"(0.5500711798667908, 0.2642348110675812)","(28.7867374420166, 225.45057678222656, 75.22021484375)",1,3.5788421630859375,1,"(12.284285545349121, -14.938560485839844, 596.251953125)",1,"(0.5302248001098633, 0.29224663972854614)","(17.80573272705078, 217.25816345214844, 72.23849487304688)",1,3.4719696044921875,1,"(79.26405334472656, -15.499006271362305, 590.9817504882812)",1
16055238648,16026973152,"(0.5496352314949036, 0.2638576924800873)","(28.545555114746094, 225.56082153320312, 75.26038360595703)",1,3.58978271484375,1,"(12.240882873535156, -14.958395957946777, 596.4872436523438)",1,"(0.5252968668937683, 0.28807494044303894)","(15.079124450683594, 218.4781951904297, 72.68253326416016)",1,3.4647369384765625,1,"(79.26139068603516, -15.500862121582031, 591.2511596679688)",1
16055254709,16026989213,"(0.5471965670585632, 0.2706574499607086)","(27.196182250976562, 223.5721435546875, 74.53659057617188)",1,3.5894317626953125,1,"(12.203285217285156, -14.973423957824707, 596.9319458007812)",1,"(0.5246852040290833, 0.2888847887516022)","(14.740650177001953, 218.24139404296875, 72.59628295898438)",1,3.4754638671875,1,"(79.26612854003906, -15.512410163879395, 591.69677734375)",1
16055271763,16027006267,"(0.5464778542518616, 0.27119722962379456)","(26.7985897064209, 223.41427612304688, 74.4791259765625)",1,3.594146728515625,1,"(12.163515090942383, -14.987360000610352, 597.0469360351562)",1,"(0.5314685106277466, 0.2986358106136322)","(18.493837356567383, 215.3896026611328, 71.5583267211914)",1,3.4792327880859375,1,"(79.2188949584961, -15.515342712402344, 591.7589721679688)",1
16055288468,16027022973,"(0.546501100063324, 0.2733982503414154)","(26.81139373779297, 222.77061462402344, 74.24480438232422)",1,3.5950927734375,1,"(12.106969833374023, -15.0066499710083, 597.342041015625)",1,"(0.5265270471572876, 0.2937639057636261)","(15.759719848632812, 216.81442260742188, 72.0769271850586)",1,3.4747161865234375,1,"(79.19921112060547, -15.534001350402832, 592.1070556640625)",1
16055304629,16027039134,"(0.5480023622512817, 0.26745861768722534)","(27.64205551147461, 224.50770568847656, 74.87710571289062)",1,3.57635498046875,1,"(12.06175422668457, -15.016568183898926, 597.8884887695312)",1,"(0.528275728225708, 0.29827672243118286)","(16.727279663085938, 215.4945831298828, 71.59654998779297)",1,3.4745330810546875,1,"(79.20806121826172, -15.529986381530762, 592.6594848632812)",1
16055321729,16027056234,"(0.5556912422180176, 0.2826997935771942)","(31.896371841430664, 220.05023193359375, 73.25469207763672)",1,3.56890869140625,1,"(12.074414253234863, -15.067282676696777, 597.6801147460938)",1,"(0.5274038314819336, 0.2974199056625366)","(16.244895935058594, 215.74517822265625, 71.6877670288086)",1,3.446502685546875,1,"(79.18616485595703, -15.551389694213867, 592.585693359375)",1
16055338480,16027072985,"(0.559950053691864, 0.3193243741989136)","(34.25273513793945, 209.3389434814453, 69.35610961914062)",1,3.55682373046875,1,"(12.095324516296387, -15.146101951599121, 597.132568359375)",1,"(0.5406755805015564, 0.34560737013816833)","(23.58812141418457, 201.65219116210938, 66.55835723876953)",1,3.44757080078125,1,"(79.03976440429688, -15.629060745239258, 591.9450073242188)",1
16055354549,16027089055,"(0.557340681552887, 0.3088569939136505)","(32.8089714050293, 212.4002685546875, 70.4703369140625)",1,3.5454559326171875,1,"(12.034991264343262, -15.128750801086426, 596.5895385742188)",1,"(0.5408468246459961, 0.34097301959991455)","(23.682933807373047, 203.007568359375, 67.05164337158203)",1,3.43536376953125,1,"(78.96049499511719, -15.590283393859863, 591.4053955078125)",1
16055371599,16027106105,"(0.5553971529006958, 0.31123676896095276)","(31.733610153198242, 211.70425415039062, 70.21700286865234)",1,3.53961181640625,1,"(12.019173622131348, -15.116764068603516, 596.5404052734375)",1,"(0.5389958620071411, 0.3396037220954895)","(22.658775329589844, 203.40802001953125, 67.19739532470703)",1,3.4341888427734375,1,"(78.93743133544922, -15.581787109375, 591.3723754882812)",1
16055388395,16027122901,"(0.5564485788345337, 0.3170947730541229)","(32.31536102294922, 209.99102783203125, 69.59342193603516)",1,3.53277587890625,1,"(11.974658012390137, -15.095114707946777, 596.4329223632812)",1,"(0.5426676869392395, 0.3380988836288452)","(24.690441131591797, 203.84811401367188, 67.35755157470703)",1,3.4298858642578125,1,"(78.8840103149414, -15.560168266296387, 591.2484130859375)",1
16055404469,16027138975,"(0.557602047920227, 0.31545063853263855)","(32.95356750488281, 210.4718780517578, 69.76847839355469)",1,3.528350830078125,1,"(11.925628662109375, -15.098212242126465, 596.4942626953125)",1,"(0.5433151125907898, 0.33834031224250793)","(25.048606872558594, 203.7775115966797, 67.33189392089844)",1,3.4385528564453125,1,"(78.84575653076172, -15.551430702209473, 591.296630859375)",1
16055421565,16027156071,"(0.5592400431632996, 0.31544095277786255)","(33.859867095947266, 210.47470092773438, 69.76951599121094)",1,3.5382537841796875,1,"(11.881172180175781, -15.115129470825195, 596.6415405273438)",1,"(0.5389707088470459, 0.33159828186035156)","(22.644866943359375, 205.74929809570312, 68.04954528808594)",1,3.42095947265625,1,"(78.85161590576172, -15.552644729614258, 591.4242553710938)",1
16055438311,16027172817,"(0.5576820373535156, 0.31940728425979614)","(32.99784469604492, 209.31468200683594, 69.34725189208984)",1,3.53955078125,1,"(11.832115173339844, -15.131341934204102, 596.78125)",1,"(0.543471097946167, 0.34044259786605835)","(25.134916305541992, 203.1626739501953, 67.10810852050781)",1,3.4166412353515625,1,"(78.78977966308594, -15.553876876831055, 591.6046142578125)",1
16055454389,16027188895,"(0.5575382709503174, 0.3167575001716614)","(32.91828155517578, 210.08966064453125, 69.62932586669922)",1,3.5226898193359375,1,"(11.778570175170898, -15.142110824584961, 596.721923828125)",1,"(0.5392114520072937, 0.3433660566806793)","(22.778039932250977, 202.3076629638672, 66.79695892333984)",1,3.43609619140625,1,"(78.73487091064453, -15.550729751586914, 591.54833984375)",1
16055471434,16027205940,"(0.5546706914901733, 0.31853342056274414)","(31.331623077392578, 209.5702667236328, 69.44029998779297)",1,3.5350341796875,1,"(11.740116119384766, -15.152182579040527, 596.8712158203125)",1,"(0.5389199256896973, 0.3395971953868866)","(22.616743087768555, 203.409912109375, 67.19813537597656)",1,3.4089813232421875,1,"(78.72684478759766, -15.550798416137695, 591.637939453125)",1
16055488225,16027222731,"(0.5535927414894104, 0.31713443994522095)","(30.73525619506836, 209.9794158935547, 69.58920288085938)",1,3.5296630859375,1,"(11.706045150756836, -15.156962394714355, 597.2054443359375)",1,"(0.5345732569694519, 0.3407214879989624)","(20.211727142333984, 203.08111572265625, 67.07841491699219)",1,3.4138641357421875,1,"(78.7505874633789, -15.54093074798584, 592.0421752929688)",1
16055504309,16027238816,"(0.5550857186317444, 0.3151776194572449)","(31.561283111572266, 210.5517120361328, 69.79752349853516)",1,3.52130126953125,1,"(11.687071800231934, -15.1471586227417, 597.4913940429688)",1,"(0.5364002585411072, 0.34146547317504883)","(21.222597122192383, 202.863525390625, 66.99923706054688)",1,3.4110107421875,1,"(78.76253509521484, -15.523968696594238, 592.3112182617188)",1
16055521400,16027255907,"(0.5560871958732605, 0.31230899691581726)","(32.11540603637695, 211.39068603515625, 70.10289764404297)",1,3.513214111328125,1,"(11.685263633728027, -15.134007453918457, 597.4774780273438)",1,"(0.5357473492622375, 0.3402269184589386)","(20.861330032348633, 203.2257843017578, 67.13109588623047)",1,3.410858154296875,1,"(78.75792694091797, -15.505829811096191, 592.3216552734375)",1
16055538141,16027272648,"(0.5572799444198608, 0.3078567385673523)","(32.77537155151367, 212.6927947998047, 70.57679748535156)",1,3.5155181884765625,1,"(11.681144714355469, -15.111674308776855, 597.40283203125)",1,"(0.5392525792121887, 0.3395954668521881)","(22.800783157348633, 203.41043090820312, 67.19833374023438)",1,3.4027557373046875,1,"(78.73754119873047, -15.469440460205078, 592.23583984375)",1
16055554229,16027288736,"(0.5583744645118713, 0.3139478862285614)","(33.380985260009766, 210.91134643554688, 69.92843627929688)",1,3.5166778564453125,1,"(11.706324577331543, -15.069120407104492, 597.27490234375)",1,"(0.5373474955558777, 0.339399516582489)","(21.7467098236084, 203.4677276611328, 67.2191390991211)",1,3.39752197265625,1,"(78.76494598388672, -15.440678596496582, 592.1185913085938)",1
16055571366,16027305873,"(0.585610032081604, 0.30382826924324036)","(48.450408935546875, 213.87095642089844, 71.00564575195312)",1,3.523529052734375,1,"(11.871063232421875, -15.030844688415527, 597.0460205078125)",1,"(0.5550225377082825, 0.3354770541191101)","(31.526304244995117, 204.6149139404297, 67.6366958618164)",1,3.4001617431640625,1,"(78.84967803955078, -15.407724380493164, 592.0454711914062)",1
16055588057,16027322564,"(0.6179755330085754, 0.3005921542644501)","(66.35820770263672, 214.81739807128906, 71.35011291503906)",1,3.524810791015625,1,"(12.08775806427002, -14.94965934753418, 596.6160888671875)",1,"(0.5960454344749451, 0.3238920569419861)","(54.224308013916016, 208.0030517578125, 68.86986541748047)",1,3.3765106201171875,1,"(78.98677062988281, -15.320284843444824, 591.5117797851562)",1
16055604149,16027338656,"(0.6128910779953003, 0.3065015971660614)","(63.54505157470703, 213.089111328125, 70.72103881835938)",1,3.5308380126953125,1,"(12.063036918640137, -14.980477333068848, 596.8208618164062)",1,"(0.5994483828544617, 0.32443174719810486)","(56.107154846191406, 207.84524536132812, 68.81243896484375)",1,3.370452880859375,1,"(79.00431060791016, -15.349383354187012, 591.5380249023438)",1
16055621236,16027355743,"(0.6182345747947693, 0.31001460552215576)","(66.50154113769531, 212.0616912841797, 70.34709930419922)",1,3.5262298583984375,1,"(12.05761432647705, -14.994490623474121, 597.0032958984375)",1,"(0.6001766324043274, 0.3251434862613678)","(56.5101318359375, 207.63705444335938, 68.73668670654297)",1,3.3721771240234375,1,"(79.04683685302734, -15.37159538269043, 591.7677612304688)",1
16055637972,16027372479,"(0.620043158531189, 0.305172324180603)","(67.50227355957031, 213.47787475585938, 70.86255645751953)",1,3.50323486328125,1,"(12.051514625549316, -15.004914283752441, 597.0142211914062)",1,"(0.5999698638916016, 0.33046695590019226)","(56.39568328857422, 206.08016967773438, 68.1700210571289)",1,3.3778839111328125,1,"(79.06670379638672, -15.391377449035645, 591.7791137695312)",1
16055654069,16027388576,"(0.6205563545227051, 0.3051275610923767)","(67.78622436523438, 213.49093627929688, 70.8673324584961)",1,3.4959869384765625,1,"(12.056468963623047, -15.012857437133789, 596.88037109375)",1,"(0.6019338965415955, 0.3277280330657959)","(57.482398986816406, 206.8811798095703, 68.46157836914062)",1,3.388275146484375,1,"(79.06888580322266, -15.394917488098145, 591.6650390625)",1
16055671104,16027405611,"(0.6188808083534241, 0.31259873509407043)","(66.8591079711914, 211.305908203125, 70.07205200195312)",1,3.5126190185546875,1,"(12.061521530151367, -15.010828971862793, 596.7512817382812)",1,"(0.6032900810241699, 0.3251442313194275)","(58.23274230957031, 207.63685607910156, 68.73661041259766)",1,3.3769073486328125,1,"(79.06318664550781, -15.392027854919434, 591.55908203125)",1
16055687888,16027422395,"(0.6191396117210388, 0.311582088470459)","(67.00230407714844, 211.60325622558594, 70.18024444580078)",1,3.5079803466796875,1,"(12.074369430541992, -15.007204055786133, 596.6472778320312)",1,"(0.6024708151817322, 0.3323097229003906)","(57.779483795166016, 205.5412139892578, 67.97386169433594)",1,3.3814239501953125,1,"(79.0697021484375, -15.38689136505127, 591.4329223632812)",1
16055703989,16027438496,"(0.618364691734314, 0.31182247400283813)","(66.57357025146484, 211.53298950195312, 70.15463256835938)",1,3.504302978515625,1,"(12.082158088684082, -15.007088661193848, 596.6354370117188)",1,"(0.5976128578186035, 0.3336801826953888)","(55.09156799316406, 205.14039611816406, 67.82796478271484)",1,3.3788604736328125,1,"(79.08631896972656, -15.389512062072754, 591.4027709960938)",1
16055721070,16027455577,"(0.6177307367324829, 0.3149432837963104)","(66.22276306152344, 210.6202850341797, 69.82244873046875)",1,3.517303466796875,1,"(12.086915016174316, -15.011960983276367, 596.7069702148438)",1,"(0.5983411073684692, 0.3304556906223297)","(55.494476318359375, 206.08348083496094, 68.17119598388672)",1,3.3752899169921875,1,"(79.09517669677734, -15.393562316894531, 591.4464111328125)",1
16055737802,16027472310,"(0.6185256838798523, 0.3158200681209564)","(66.66261291503906, 210.36383056640625, 69.72914123535156)",1,3.5128326416015625,1,"(12.08640193939209, -15.019859313964844, 596.8392944335938)",1,"(0.5999603271484375, 0.3316595256328583)","(56.39043426513672, 205.7313690185547, 68.0430679321289)",1,3.39398193359375,1,"(79.11157989501953, -15.407716751098633, 591.6016845703125)",1
16055753909,16027488417,"(0.6196128129959106, 0.31701064109802246)","(67.26412963867188, 210.01564025878906, 69.60237121582031)",1,3.506072998046875,1,"(12.076432228088379, -15.028534889221191, 596.9251708984375)",1,"(0.6003812551498413, 0.33226555585861206)","(56.62331771850586, 205.55413818359375, 67.978515625)",1,3.3889007568359375,1,"(79.11656951904297, -15.414186477661133, 591.6953735351562)",1
16055770940,16027505448,"(0.6214771866798401, 0.31649601459503174)","(68.29566955566406, 210.1661376953125, 69.65715789794922)",1,3.51141357421875,1,"(12.064899444580078, -15.025252342224121, 596.9327392578125)",1,"(0.6006293296813965, 0.3301800787448883)","(56.760555267333984, 206.16407775878906, 68.20052337646484)",1,3.400604248046875,1,"(79.108154296875, -15.412271499633789, 591.7083740234375)",1
16055787718,16027522226,"(0.6207116842269897, 0.31319156289100647)","(67.87218475341797, 211.132568359375, 70.00894927978516)",1,3.5090484619140625,1,"(12.05077075958252, -15.015003204345703, 596.9813232421875)",1,"(0.6006860733032227, 0.3320678472518921)","(56.791988372802734, 205.6119384765625, 67.99962615966797)",1,3.4010772705078125,1,"(79.10101318359375, -15.392892837524414, 591.7652587890625)",1
16055803829,16027538337,"(0.6199839115142822, 0.3082776665687561)","(67.46949768066406, 212.56968688964844, 70.53199768066406)",1,3.49462890625,1,"(12.035566329956055, -15.005788803100586, 596.9277954101562)",1,"(0.6002113223075867, 0.3358643054962158)","(56.529266357421875, 204.50164794921875, 67.59548950195312)",1,3.406951904296875,1,"(79.06387329101562, -15.37376880645752, 591.6854858398438)",1
16055820810,16027555319,"(0.6215941905975342, 0.3099736273288727)","(68.36046600341797, 212.0736846923828, 70.35145568847656)",1,3.5131988525390625,1,"(12.018722534179688, -15.000579833984375, 596.773681640625)",1,"(0.5977279543876648, 0.3285517692565918)","(55.155235290527344, 206.64028930664062, 68.37388610839844)",1,3.38909912109375,1,"(79.04647064208984, -15.366621017456055, 591.5814819335938)",1
16055837730,16027572239,"(0.6233627200126648, 0.3121325969696045)","(69.3389663696289, 211.4422607421875, 70.12166595458984)",1,3.5045318603515625,1,"(11.99718189239502, -14.992460250854492, 596.5389404296875)",1,"(0.5986872315406799, 0.330536812543869)","(55.68601608276367, 206.05972290039062, 68.16259002685547)",1,3.385498046875,1,"(78.9840316772461, -15.352264404296875, 591.3111572265625)",1
16055853749,16027588258,"(0.6386680603027344, 0.3175681531429291)","(77.80741882324219, 209.85255432128906, 69.54303741455078)",1,3.5185699462890625,1,"(12.113826751708984, -15.00363540649414, 596.497802734375)",1,"(0.6148026585578918, 0.3370817303657532)","(64.60269165039062, 204.1456298828125, 67.46588134765625)",1,3.3985443115234375,1,"(79.07525634765625, -15.367324829101562, 591.2907104492188)",1
16055870776,16027605285,"(0.668097198009491, 0.3238092064857483)","(94.0905532836914, 208.02731323242188, 68.87869262695312)",1,3.5122528076171875,1,"(12.290828704833984, -15.040517807006836, 597.2740478515625)",1,"(0.6348283290863037, 0.3499082326889038)","(75.6828842163086, 200.39439392089844, 66.10054016113281)",1,3.428253173828125,1,"(79.24559020996094, -15.38821792602539, 591.8573608398438)",1
16055887549,16027622058,"(0.661042332649231, 0.32872289419174194)","(90.18710327148438, 206.59022521972656, 68.35563659667969)",1,3.5131988525390625,1,"(12.338238716125488, -15.055305480957031, 597.7911376953125)",1,"(0.6416876316070557, 0.35672643780708313)","(79.47814178466797, 198.40029907226562, 65.37474060058594)",1,3.4087371826171875,1,"(79.40863800048828, -15.39846134185791, 592.4878540039062)",1
16055903673,16027638182,"(0.6684890389442444, 0.32700562477111816)","(94.30733489990234, 207.09246826171875, 68.5384750366211)",1,3.5012054443359375,1,"(12.319975852966309, -15.056299209594727, 597.75927734375)",1,"(0.6455487012863159, 0.35627833008766174)","(81.61443328857422, 198.53134155273438, 65.42243957519531)",1,3.4067230224609375,1,"(79.42613220214844, -15.399712562561035, 592.5307006835938)",1
16055920645,16027655154,"(0.672752320766449, 0.3266671299934387)","(96.66622924804688, 207.1914520263672, 68.57452392578125)",1,3.5067901611328125,1,"(12.350251197814941, -15.066472053527832, 598.3458862304688)",1,"(0.6490987539291382, 0.3584616482257843)","(83.57872009277344, 197.89280700683594, 65.19001770019531)",1,3.412322998046875,1,"(79.49597930908203, -15.414532661437988, 592.9860229492188)",1
16055937465,16027671974,"(0.6727673411369324, 0.329030305147171)","(96.67456817626953, 206.50033569335938, 68.32292175292969)",1,3.5021820068359375,1,"(12.39665412902832, -15.086385726928711, 599.2255859375)",1,"(0.6495314240455627, 0.35513025522232056)","(83.81813049316406, 198.8670654296875, 65.5447006225586)",1,3.425079345703125,1,"(79.69204711914062, -15.460709571838379, 594.0352172851562)",1
16055953593,16027688103,"(0.6698458790779114, 0.3243546485900879)","(95.05810546875, 207.86778259277344, 68.82066345214844)",1,3.52545166015625,1,"(12.453088760375977, -15.12784194946289, 600.208984375)",1,"(0.6490166187286377, 0.34726014733314514)","(83.53326416015625, 201.16879272460938, 66.38243865966797)",1,3.4428558349609375,1,"(79.85953521728516, -15.510088920593262, 594.9386596679688)",1
16055970515,16027705025,"(0.6734312176704407, 0.3227851688861847)","(97.0418472290039, 208.3267822265625, 68.98773956298828)",1,3.51446533203125,1,"(12.476887702941895, -15.140477180480957, 600.8253784179688)",1,"(0.6467333436012268, 0.3425182104110718)","(82.2698974609375, 202.55563354492188, 66.88719177246094)",1,3.4459991455078125,1,"(79.95244598388672, -15.524004936218262, 595.4307861328125)",1
16055987379,16027721889,"(0.6741464734077454, 0.3195870816707611)","(97.4376220703125, 209.2621307373047, 69.32814025878906)",1,3.520263671875,1,"(12.514856338500977, -15.141151428222656, 601.6279296875)",1,"(0.6469679474830627, 0.3437933623790741)","(82.39972686767578, 202.1826934814453, 66.7514419555664)",1,3.467681884765625,1,"(80.12037658691406, -15.529810905456543, 596.3713989257812)",1
16056003513,16027738023,"(0.6730810403823853, 0.3207474648952484)","(96.84810638427734, 208.9227294921875, 69.2046127319336)",1,3.5449371337890625,1,"(12.531758308410645, -15.132742881774902, 602.1397094726562)",1,"(0.6492584943771362, 0.34340327978134155)","(83.66703796386719, 202.29681396484375, 66.79296875)",1,3.46405029296875,1,"(80.19440460205078, -15.513090133666992, 596.8331298828125)",1
16056020383,16027754893,"(0.6766886711120605, 0.31572842597961426)","(98.84424591064453, 210.39064025878906, 69.73887634277344)",1,3.527069091796875,1,"(12.528038024902344, -15.126266479492188, 602.2823486328125)",1,"(0.6457903385162354, 0.34593141078948975)","(81.74813842773438, 201.5574188232422, 66.52387237548828)",1,3.44384765625,1,"(80.21288299560547, -15.503487586975098, 596.953125)",1
16056037295,16027771805,"(0.6738471984863281, 0.31741058826446533)","(97.27200317382812, 209.89866638183594, 69.5597915649414)",1,3.5483245849609375,1,"(12.517838478088379, -15.117693901062012, 602.4226684570312)",1,"(0.6452873349189758, 0.3418167531490326)","(81.46989440917969, 202.7607879638672, 66.96183776855469)",1,3.46588134765625,1,"(80.22337341308594, -15.484758377075195, 597.1212158203125)",1
16056053439,16027787949,"(0.6737096309661865, 0.31804201006889343)","(97.1958999633789, 209.71401977539062, 69.49258422851562)",1,3.56488037109375,1,"(12.511868476867676, -15.109599113464355, 602.5175170898438)",1,"(0.6469323039054871, 0.33831244707107544)","(82.38002014160156, 203.78565979003906, 67.33487701416016)",1,3.4785614013671875,1,"(80.23347473144531, -15.466063499450684, 597.2117919921875)",1
16056070349,16027804859,"(0.6734648942947388, 0.3172842264175415)","(97.06051635742188, 209.93563842773438, 69.5732421875)",1,3.5625,1,"(12.518081665039062, -15.108205795288086, 602.6124877929688)",1,"(0.6479872465133667, 0.3446236550807953)","(82.96370697021484, 201.9398651123047, 66.66307067871094)",1,3.4822235107421875,1,"(80.24224853515625, -15.465339660644531, 597.277587890625)",1
16056087211,16027821721,"(0.6752432584762573, 0.3178066909313202)","(98.04450225830078, 209.7827911376953, 69.51768493652344)",1,3.56964111328125,1,"(12.5431489944458, -15.097142219543457, 602.8619995117188)",1,"(0.6514158844947815, 0.3455703556537628)","(84.86079406738281, 201.6630096435547, 66.56230163574219)",1,3.4919586181640625,1,"(80.30358123779297, -15.460612297058105, 597.56982421875)",1
16056103359,16027837869,"(0.6783598065376282, 0.309391051530838)","(99.76885986328125, 212.2440643310547, 70.41349029541016)",1,3.5819854736328125,1,"(12.56915283203125, -15.085112571716309, 603.3175659179688)",1,"(0.653476893901825, 0.3431393504142761)","(86.00114440917969, 202.3739776611328, 66.82107543945312)",1,3.500640869140625,1,"(80.38229370117188, -15.455570220947266, 597.9970092773438)",1
16056120315,16027854825,"(0.632413923740387, 0.30346569418907166)","(74.34698486328125, 213.97703552246094, 71.04424285888672)",1,3.6191558837890625,1,"(12.403702735900879, -15.021058082580566, 604.1253662109375)",1,"(0.630568265914917, 0.3291070759296417)","(73.32581329345703, 206.4779052734375, 68.31475830078125)",1,3.5115814208984375,1,"(80.32801055908203, -15.428580284118652, 598.4725952148438)",1
16056137126,16027871636,"(0.48138996958732605, 0.23620863258838654)","(-9.214591026306152, 233.6471405029297, 78.2035903930664)",1,3.6407928466796875,1,"(11.7249174118042, -14.824296951293945, 604.87744140625)",1,"(0.4727945625782013, 0.24836380779743195)","(-13.970423698425293, 230.0922088623047, 76.9096450805664)",1,3.596832275390625,1,"(79.40644073486328, -15.206795692443848, 599.4515991210938)",1
16056153279,16027887789,"(0.4219340980052948, 0.23828482627868652)","(-42.11152267456055, 233.0399169921875, 77.98258209228516)",1,3.600372314453125,1,"(11.280376434326172, -14.700037956237793, 603.302978515625)",1,"(0.40246787667274475, 0.2340952605009079)","(-52.882225036621094, 234.26522827148438, 78.42852020263672)",1,3.567718505859375,1,"(78.73486328125, -15.156285285949707, 598.3059692382812)",1
16056170185,16027904695,"(0.41925251483917236, 0.245381698012352)","(-43.59524917602539, 230.96438598632812, 77.22711944580078)",1,3.59674072265625,1,"(11.21824836730957, -14.690296173095703, 602.1568603515625)",1,"(0.3928503692150116, 0.24685996770858765)","(-58.203590393066406, 230.53201293945312, 77.0697250366211)",1,3.5483245849609375,1,"(78.57546997070312, -15.163939476013184, 597.4531860351562)",1
16056187042,16027921553,"(0.40864846110343933, 0.24039922654628754)","(-49.462486267089844, 232.42153930664062, 77.75746154785156)",1,3.6014556884765625,1,"(11.179232597351074, -14.691720962524414, 600.2739868164062)",1,"(0.389437735080719, 0.239800825715065)","(-60.09175491333008, 232.59657287597656, 77.8211441040039)",1,3.5399169921875,1,"(78.38336944580078, -15.18159008026123, 595.2977294921875)",1
16056203185,16027937696,"(0.4123704135417938, 0.24338333308696747)","(-47.40314483642578, 231.54884338378906, 77.4398422241211)",1,3.5962371826171875,1,"(11.159784317016602, -14.690808296203613, 600.188720703125)",1,"(0.39460426568984985, 0.23964880406856537)","(-57.23311996459961, 232.6410369873047, 77.83735656738281)",1,3.52764892578125,1,"(78.37799835205078, -15.182107925415039, 595.139892578125)",1
16056220151,16027954662,"(0.4134231507778168, 0.24429745972156525)","(-46.82064437866211, 231.2814483642578, 77.342529296875)",1,3.59381103515625,1,"(11.147031784057617, -14.692489624023438, 600.00048828125)",1,"(0.395740270614624, 0.24111899733543396)","(-56.60457992553711, 232.21102905273438, 77.68087768554688)",1,3.5283355712890625,1,"(78.37358093261719, -15.190750122070312, 594.9981689453125)",1
16056237054,16027971565,"(0.4145731031894684, 0.24512013792991638)","(-46.18436050415039, 231.04086303710938, 77.25492858886719)",1,3.5970001220703125,1,"(11.130084037780762, -14.70383358001709, 599.8441162109375)",1,"(0.3882940113544464, 0.24334296584129333)","(-60.72459411621094, 231.5606231689453, 77.4441146850586)",1,3.5301666259765625,1,"(78.3880386352539, -15.212610244750977, 594.813232421875)",1
16056253105,16027987616,"(0.4121316373348236, 0.23877295851707458)","(-47.53523254394531, 232.89715576171875, 77.93058013916016)",1,3.6007080078125,1,"(11.133880615234375, -14.737412452697754, 599.6824951171875)",1,"(0.38995206356048584, 0.24245192110538483)","(-59.807193756103516, 231.8212127685547, 77.53897094726562)",1,3.5446014404296875,1,"(78.38150024414062, -15.24495792388916, 594.6541748046875)",1
16056270117,16028004628,"(0.41031599044799805, 0.233225017786026)","(-48.53982925415039, 234.5196990966797, 78.52114868164062)",1,3.6002349853515625,1,"(11.140700340270996, -14.761323928833008, 599.5260009765625)",1,"(0.3915698230266571, 0.2464912086725235)","(-58.91212463378906, 230.639892578125, 77.1090087890625)",1,3.540802001953125,1,"(78.37259674072266, -15.251792907714844, 594.5153198242188)",1
16056286968,16028021480,"(0.4140148460865021, 0.24166277050971985)","(-46.493263244628906, 232.052001953125, 77.62297821044922)",1,3.604888916015625,1,"(11.100516319274902, -14.786503791809082, 599.300537109375)",1,"(0.38764989376068115, 0.2462792992591858)","(-61.08098220825195, 230.70184326171875, 77.13156127929688)",1,3.548431396484375,1,"(78.31737518310547, -15.282285690307617, 594.2608642578125)",1
16056303025,16028037537,"(0.36715415120124817, 0.28612110018730164)","(-72.42127990722656, 219.04965209960938, 72.89049530029297)",1,3.5902862548828125,1,"(10.98196029663086, -14.96407413482666, 599.2836303710938)",1,"(0.3372943699359894, 0.2829757630825043)","(-88.94270324707031, 219.96954345703125, 73.22530364990234)",1,3.5605926513671875,1,"(78.05848693847656, -15.4874849319458, 594.1688842773438)",1
16056320083,16028054595,"(0.36817899346351624, 0.30378812551498413)","(-71.854248046875, 213.8826904296875, 71.00991821289062)",1,3.595001220703125,1,"(10.937755584716797, -15.00590991973877, 598.4364013671875)",1,"(0.33090221881866455, 0.32048162817955017)","(-92.47947692871094, 209.00047302246094, 69.2328872680664)",1,3.5672454833984375,1,"(77.9213638305664, -15.525291442871094, 593.5900268554688)",1
16056336788,16028071300,"(0.36482393741607666, 0.2958022654056549)","(-73.7105941772461, 216.21824645996094, 71.85997772216797)",1,3.599273681640625,1,"(10.889094352722168, -14.985309600830078, 597.9813232421875)",1,"(0.33785900473594666, 0.303259015083313)","(-88.63026428222656, 214.03744506835938, 71.06623840332031)",1,3.57147216796875,1,"(77.921630859375, -15.496387481689453, 593.0639038085938)",1
16056352945,16028087457,"(0.36085328459739685, 0.30678051710128784)","(-75.90753173828125, 213.00755310058594, 70.69136810302734)",1,3.5941314697265625,1,"(10.860702514648438, -14.981913566589355, 598.3380126953125)",1,"(0.3401021659374237, 0.31687453389167786)","(-87.3891372680664, 210.05543518066406, 69.61687469482422)",1,3.568695068359375,1,"(77.93302917480469, -15.48273754119873, 593.3126220703125)",1
16056370049,16028104561,"(0.3624166250228882, 0.3018031418323517)","(-75.04258728027344, 214.46324157714844, 71.22120666503906)",1,3.598114013671875,1,"(10.840253829956055, -14.980713844299316, 598.2546997070312)",1,"(0.3383655250072479, 0.31162533164024353)","(-88.35002136230469, 211.5906219482422, 70.1756362915039)",1,3.57806396484375,1,"(77.92001342773438, -15.475080490112305, 593.2642822265625)",1
16056386703,16028121215,"(0.3654122054576874, 0.3034363389015198)","(-73.3851318359375, 213.98561096191406, 71.04735565185547)",1,3.6050872802734375,1,"(10.793221473693848, -14.940387725830078, 598.1080322265625)",1,"(0.34252461791038513, 0.31803470849990845)","(-86.04882049560547, 209.71612548828125, 69.49336242675781)",1,3.59100341796875,1,"(77.88146209716797, -15.435989379882812, 593.0977783203125)",1
16056402865,16028137378,"(0.36935585737228394, 0.3011619746685028)","(-71.2031021118164, 214.65077209472656, 71.28943634033203)",1,3.6050262451171875,1,"(10.78315258026123, -14.886107444763184, 598.2427368164062)",1,"(0.3411983847618103, 0.30807292461395264)","(-86.78260803222656, 212.6295928955078, 70.55372619628906)",1,3.5703582763671875,1,"(77.93415832519531, -15.410503387451172, 593.2572021484375)",1
16056420015,16028154528,"(0.3664858639240265, 0.30474966764450073)","(-72.79106140136719, 213.6015167236328, 70.90751647949219)",1,3.61663818359375,1,"(10.795998573303223, -14.854354858398438, 598.3516235351562)",1,"(0.3418863117694855, 0.31064775586128235)","(-86.4019546508789, 211.87655639648438, 70.2796401977539)",1,3.5726470947265625,1,"(77.95842742919922, -15.385881423950195, 593.3428955078125)",1
16056436619,16028171132,"(0.3645366132259369, 0.30659687519073486)","(-73.86958312988281, 213.061279296875, 70.71092987060547)",1,3.620361328125,1,"(10.836045265197754, -14.821459770202637, 598.435302734375)",1,"(0.3352392315864563, 0.3128817081451416)","(-90.07984924316406, 211.22320556640625, 70.04190826416016)",1,3.5717010498046875,1,"(78.05401611328125, -15.346292495727539, 593.4314575195312)",1
16056452785,16028187298,"(0.3655723035335541, 0.301432728767395)","(-73.2965087890625, 214.57154846191406, 71.2606430053711)",1,3.6358642578125,1,"(10.89829158782959, -14.834790229797363, 598.629638671875)",1,"(0.3401329517364502, 0.30913206934928894)","(-87.37211608886719, 212.31979370117188, 70.44107055664062)",1,3.576629638671875,1,"(78.14306640625, -15.369865417480469, 593.605224609375)",1
16056469885,16028204398,"(0.3675980567932129, 0.30588218569755554)","(-72.17567443847656, 213.27027893066406, 70.78700256347656)",1,3.6497802734375,1,"(10.936626434326172, -14.846786499023438, 598.7842407226562)",1,"(0.3480672240257263, 0.3074542284011841)","(-82.98208618164062, 212.8105010986328, 70.61967468261719)",1,3.5720672607421875,1,"(78.18789672851562, -15.399418830871582, 593.7388916015625)",1
16056486631,16028221144,"(0.36371204257011414, 0.30402839183807373)","(-74.3258056640625, 213.8124542236328, 70.98432922363281)",1,3.6572113037109375,1,"(11.010767936706543, -14.880658149719238, 598.9599609375)",1,"(0.34078434109687805, 0.3041488528251648)","(-87.01171112060547, 213.77725219726562, 70.97149658203125)",1,3.575836181640625,1,"(78.31379699707031, -15.449244499206543, 593.9262084960938)",1
16056502705,16028237218,"(0.3610655665397644, 0.30025219917297363)","(-75.79008483886719, 214.91680908203125, 71.38629913330078)",1,3.6618499755859375,1,"(11.052833557128906, -14.930572509765625, 598.9174194335938)",1,"(0.3401680886745453, 0.30064380168914795)","(-87.3526840209961, 214.8023223876953, 71.3446044921875)",1,3.588714599609375,1,"(78.34849548339844, -15.507763862609863, 593.8455810546875)",1
16056519851,16028254364,"(0.36123180389404297, 0.29853448271751404)","(-75.6981201171875, 215.419189453125, 71.56914520263672)",1,3.6721954345703125,1,"(11.079534530639648, -14.920699119567871, 598.7409057617188)",1,"(0.33991166949272156, 0.2973495423793793)","(-87.49455261230469, 215.76576232910156, 71.6952896118164)",1,3.579864501953125,1,"(78.35009765625, -15.526435852050781, 593.7047119140625)",1
16056536449,16028270962,"(0.37244749069213867, 0.2885369062423706)","(-69.49250793457031, 218.34310913085938, 72.63336944580078)",1,3.6721954345703125,1,"(11.135395050048828, -14.8558931350708, 598.485107421875)",1,"(0.34786471724510193, 0.27858009934425354)","(-83.09414672851562, 221.25511169433594, 73.6932144165039)",1,3.5947265625,1,"(78.33209228515625, -15.49354362487793, 593.4089965820312)",1
16056552625,16028287138,"(0.3737592399120331, 0.28652769327163696)","(-68.7667007446289, 218.93072509765625, 72.84722900390625)",1,3.662078857421875,1,"(11.143596649169922, -14.899418830871582, 598.3186645507812)",1,"(0.3481961190700531, 0.28280460834503174)","(-82.91078186035156, 220.01959228515625, 73.24353790283203)",1,3.6118011474609375,1,"(78.35443115234375, -15.555228233337402, 593.2512817382812)",1
16056569817,16028304330,"(0.3717556893825531, 0.2814418077468872)","(-69.8752670288086, 220.4181671142578, 73.38861083984375)",1,3.67645263671875,1,"(11.157796859741211, -14.935995101928711, 598.2022705078125)",1,"(0.3477218449115753, 0.27922216057777405)","(-83.17322540283203, 221.0673370361328, 73.62487030029297)",1,3.5964202880859375,1,"(78.36680603027344, -15.593172073364258, 593.15673828125)",1
16056586365,16028320878,"(0.3729340136051178, 0.28411421179771423)","(-69.2232894897461, 219.63656616210938, 73.10417938232422)",1,3.6839599609375,1,"(11.18801498413086, -14.95643138885498, 598.1868896484375)",1,"(0.3470815122127533, 0.28534671664237976)","(-83.5274658203125, 219.27610778808594, 72.97297668457031)",1,3.59320068359375,1,"(78.40925598144531, -15.609903335571289, 593.135986328125)",1
16056602545,16028337058,"(0.37388086318969727, 0.2803174555301666)","(-68.69939422607422, 220.74697875976562, 73.50827026367188)",1,3.669952392578125,1,"(11.226858139038086, -14.966512680053711, 598.2965698242188)",1,"(0.3468671143054962, 0.28726258873939514)","(-83.64608764648438, 218.7157440185547, 72.76904296875)",1,3.60308837890625,1,"(78.45455169677734, -15.618006706237793, 593.2374877929688)",1
16056619686,16028354199,"(0.3717573881149292, 0.2827678918838501)","(-69.87432861328125, 220.0303497314453, 73.2474365234375)",1,3.662017822265625,1,"(11.243762016296387, -14.956021308898926, 598.2342529296875)",1,"(0.34663113951683044, 0.28780871629714966)","(-83.77667999267578, 218.5560760498047, 72.71090698242188)",1,3.5903167724609375,1,"(78.46405792236328, -15.60955810546875, 593.1953735351562)",1
16056636377,16028370891,"(0.372805118560791, 0.2870541512966156)","(-69.29459381103516, 218.77676391601562, 72.79117584228516)",1,3.6805572509765625,1,"(11.247267723083496, -14.938697814941406, 597.9349365234375)",1,"(0.3460444211959839, 0.2802043855190277)","(-84.10130310058594, 220.7800750732422, 73.52030181884766)",1,3.5930938720703125,1,"(78.44093322753906, -15.595392227172852, 592.8485107421875)",1
16056652465,16028386979,"(0.37348732352256775, 0.28915679454803467)","(-68.91712188720703, 218.16180419921875, 72.56733703613281)",1,3.663970947265625,1,"(11.22780990600586, -14.926814079284668, 597.7658081054688)",1,"(0.34459325671195984, 0.2824555039405823)","(-84.90422058105469, 220.1216583251953, 73.28069305419922)",1,3.588836669921875,1,"(78.4059066772461, -15.57562255859375, 592.689697265625)",1
16056669652,16028404166,"(0.3728933334350586, 0.28900283575057983)","(-69.24578094482422, 218.20681762695312, 72.583740234375)",1,3.64813232421875,1,"(11.210627555847168, -14.916943550109863, 597.5918579101562)",1,"(0.3433123826980591, 0.2802070081233978)","(-85.6129379272461, 220.77928161621094, 73.52003479003906)",1,3.582611083984375,1,"(78.37703704833984, -15.564937591552734, 592.5496826171875)",1
16056686292,16028420806,"(0.37319961190223694, 0.29398313164711)","(-69.07632446289062, 216.7502899169922, 72.05361938476562)",1,3.637939453125,1,"(11.158510208129883, -14.90427303314209, 597.386474609375)",1,"(0.3524147868156433, 0.2872421443462372)","(-80.5765609741211, 218.7217559814453, 72.77113342285156)",1,3.5714263916015625,1,"(78.2628402709961, -15.539865493774414, 592.322509765625)",1
16056702385,16028436899,"(0.3727289140224457, 0.2915573716163635)","(-69.3367919921875, 217.45974731445312, 72.31182098388672)",1,3.6292266845703125,1,"(11.112784385681152, -14.912877082824707, 597.458740234375)",1,"(0.35065650939941406, 0.28238818049430847)","(-81.54942321777344, 220.14138793945312, 73.28785705566406)",1,3.5678863525390625,1,"(78.24732971191406, -15.550939559936523, 592.4273071289062)",1
16056719618,16028454132,"(0.3737894296646118, 0.2935890257358551)","(-68.75000762939453, 216.86557006835938, 72.09557342529297)",1,3.63446044921875,1,"(11.082175254821777, -14.915595054626465, 597.6305541992188)",1,"(0.34923362731933594, 0.28305673599243164)","(-82.33672332763672, 219.9458465576172, 73.21668243408203)",1,3.5816650390625,1,"(78.2449951171875, -15.555802345275879, 592.550048828125)",1
16056736208,16028470722,"(0.37440943717956543, 0.2926892638206482)","(-68.40691375732422, 217.12869262695312, 72.19136047363281)",1,3.6414031982421875,1,"(11.072869300842285, -14.916019439697266, 597.8602905273438)",1,"(0.3499717712402344, 0.28070661425590515)","(-81.92832946777344, 220.63314819335938, 73.46688079833984)",1,3.5512847900390625,1,"(78.26360321044922, -15.550225257873535, 592.816650390625)",1
