device_time_stamp,system_time_stamp,left_gaze_point_on_display_area,left_gaze_point_in_user_coordinate_system,left_gaze_point_validity,left_pupil_diameter,left_pupil_validity,left_gaze_origin_in_user_coordinate_system,left_gaze_origin_validity,right_gaze_point_on_display_area,right_gaze_point_in_user_coordinate_system,right_gaze_point_validity,right_pupil_diameter,right_pupil_validity,right_gaze_origin_in_user_coordinate_system,right_gaze_origin_validity
11026690750,11000572374,"(nan, nan)","(nan, nan, nan)",0,nan,0,"(nan, nan, nan)",0,"(0.5085558295249939, 0.7235943675041199)","(5.8162713050842285, 91.10541534423828, 26.32259178161621)",1,3.3473358154296875,1,"(80.85535430908203, -96.8814468383789, 591.5916137695312)",1
11026707432,11000589056,"(nan, nan)","(nan, nan, nan)",0,nan,0,"(nan, nan, nan)",0,"(nan, nan)","(nan, nan, nan)",0,nan,0,"(nan, nan, nan)",0
11026724251,11000605875,"(nan, nan)","(nan, nan, nan)",0,nan,0,"(nan, nan, nan)",0,"(0.5066036581993103, 0.7271447777748108)","(4.736152648925781, 90.06707000732422, 25.944690704345703)",1,3.3642425537109375,1,"(85.158935546875, -98.21765899658203, 590.76171875)",1
11026740670,11000622294,"(nan, nan)","(nan, nan, nan)",0,nan,0,"(nan, nan, nan)",0,"(0.5057368278503418, 0.665566623210907)","(4.256535053253174, 108.07636260986328, 32.49954605102539)",1,3.73809814453125,1,"(97.17117309570312, -109.21451568603516, 649.5872192382812)",1
11026757398,11000639023,"(nan, nan)","(nan, nan, nan)",0,nan,0,"(nan, nan, nan)",0,"(0.5010851621627808, 0.633803129196167)","(1.6827962398529053, 117.36589813232422, 35.880653381347656)",1,3.8270416259765625,1,"(101.01339721679688, -112.83869934082031, 669.3038940429688)",1
11026774244,11000655869,"(nan, nan)","(nan, nan, nan)",0,nan,0,"(nan, nan, nan)",0,"(0.498040109872818, 0.6138576865196228)","(-0.002060157945379615, 123.19920349121094, 38.003787994384766)",1,3.8907470703125,1,"(106.29911041259766, -115.93167114257812, 680.681884765625)",1
11026790572,11000672197,"(nan, nan)","(nan, nan, nan)",0,nan,0,"(nan, nan, nan)",0,"(0.5028538703918457, 0.6109756827354431)","(2.6613337993621826, 124.04209899902344, 38.310569763183594)",1,3.9298248291015625,1,"(109.85186767578125, -117.25569915771484, 682.7655029296875)",1
11026807345,11000688970,"(nan, nan)","(nan, nan, nan)",0,nan,0,"(nan, nan, nan)",0,"(0.5010470747947693, 0.6084460616111755)","(1.6616969108581543, 124.78192901611328, 38.579856872558594)",1,3.93402099609375,1,"(110.79483795166016, -117.65264129638672, 683.8400268554688)",1
11026824256,11000705881,"(nan, nan)","(nan, nan, nan)",0,nan,0,"(nan, nan, nan)",0,"(0.5033785104751587, 0.6200584173202515)","(2.9516749382019043, 121.38571166992188, 37.34381103515625)",1,3.953369140625,1,"(114.0213851928711, -118.80485534667969, 686.2222290039062)",1
11026840492,11000722117,"(nan, nan)","(nan, nan, nan)",0,nan,0,"(nan, nan, nan)",0,"(0.5000139474868774, 0.5956969261169434)","(1.0900770425796509, 128.51052856445312, 39.9370002746582)",1,3.927947998046875,1,"(117.0228271484375, -120.1859359741211, 690.001708984375)",1
11026857311,11000738936,"(nan, nan)","(nan, nan, nan)",0,nan,0,"(nan, nan, nan)",0,"(0.5051342844963074, 0.6058626174926758)","(3.9231650829315186, 125.5374755859375, 38.854888916015625)",1,3.9781951904296875,1,"(117.47091674804688, -120.29269409179688, 689.609130859375)",1
11026874268,11000755893,"(nan, nan)","(nan, nan, nan)",0,nan,0,"(nan, nan, nan)",0,"(0.50210040807724, 0.6044232845306396)","(2.244511127471924, 125.95843505859375, 39.008026123046875)",1,3.9813690185546875,1,"(119.2106704711914, -120.89736938476562, 688.764892578125)",1
11026890412,11000772037,"(nan, nan)","(nan, nan, nan)",0,nan,0,"(nan, nan, nan)",0,"(0.5020197629928589, 0.6109301447868347)","(2.1998727321624756, 124.05540466308594, 38.3154296875)",1,3.9980621337890625,1,"(121.02507019042969, -121.86851501464844, 690.6968383789062)",1
11026907277,11000788902,"(nan, nan)","(nan, nan, nan)",0,nan,0,"(nan, nan, nan)",0,"(0.5003311038017273, 0.6026574373245239)","(1.265565037727356, 126.474853515625, 39.19602584838867)",1,3.9676666259765625,1,"(121.42132568359375, -122.05939483642578, 690.9566650390625)",1
11026924280,11000805905,"(nan, nan)","(nan, nan, nan)",0,nan,0,"(nan, nan, nan)",0,"(0.49936869740486145, 0.6017417907714844)","(0.7330619692802429, 126.74263000488281, 39.29352951049805)",1,3.97296142578125,1,"(123.01293182373047, -122.83065032958984, 692.3876342773438)",1
11026940332,11000821957,"(nan, nan)","(nan, nan, nan)",0,nan,0,"(nan, nan, nan)",0,"(0.5490202307701111, 0.6299745440483093)","(28.205278396606445, 118.48566436767578, 36.28820037841797)",1,4.02691650390625,1,"(124.55960083007812, -123.42749786376953, 693.5794067382812)",1
11026957243,11000838868,"(nan, nan)","(nan, nan, nan)",0,nan,0,"(nan, nan, nan)",0,"(nan, nan)","(nan, nan, nan)",0,nan,0,"(nan, nan, nan)",0
11026974210,11000855835,"(nan, nan)","(nan, nan, nan)",0,nan,0,"(nan, nan, nan)",0,"(0.5749995708465576, 0.634860098361969)","(42.57963943481445, 117.05680084228516, 35.76814651489258)",1,3.9661102294921875,1,"(125.81771087646484, -123.59235382080078, 692.7879638671875)",1
11026990261,11000871886,"(nan, nan)","(nan, nan, nan)",0,nan,0,"(nan, nan, nan)",0,"(0.58375483751297, 0.6362773180007935)","(47.4239387512207, 116.64228820800781, 35.61732482910156)",1,3.95697021484375,1,"(126.42903900146484, -123.81172180175781, 692.8978271484375)",1
11027007219,11000888844,"(nan, nan)","(nan, nan, nan)",0,nan,0,"(nan, nan, nan)",0,"(nan, nan)","(nan, nan, nan)",0,nan,0,"(nan, nan, nan)",0
11027024139,11000905764,"(nan, nan)","(nan, nan, nan)",0,nan,0,"(nan, nan, nan)",0,"(0.58568274974823, 0.6439473032951355)","(48.490604400634766, 114.39913940429688, 34.800804138183594)",1,3.9443817138671875,1,"(126.97626495361328, -124.3287582397461, 694.1904296875)",1
11027040181,11000921806,"(nan, nan)","(nan, nan, nan)",0,nan,0,"(nan, nan, nan)",0,"(0.5795074105262756, 0.643267810344696)","(45.07377624511719, 114.59786987304688, 34.87318801879883)",1,3.95831298828125,1,"(127.04072570800781, -124.59989929199219, 694.5982666015625)",1
11027057087,11000938712,"(nan, nan)","(nan, nan, nan)",0,nan,0,"(nan, nan, nan)",0,"(0.5792505741119385, 0.6461260914802551)","(44.93170166015625, 113.76192474365234, 34.56893539428711)",1,3.9658660888671875,1,"(127.0462875366211, -124.67562866210938, 694.7770385742188)",1
11027074059,11000955684,"(nan, nan)","(nan, nan, nan)",0,nan,0,"(nan, nan, nan)",0,"(0.5841188430786133, 0.6439797282218933)","(47.62529754638672, 114.38966369628906, 34.797386169433594)",1,3.9090423583984375,1,"(127.01628875732422, -124.93292999267578, 695.597412109375)",1
11027090101,11000971726,"(nan, nan)","(nan, nan, nan)",0,nan,0,"(nan, nan, nan)",0,"(0.5815703868865967, 0.6435088515281677)","(46.21522903442383, 114.52739715576172, 34.84749221801758)",1,3.8623504638671875,1,"(126.8978271484375, -124.99942779541016, 696.0947875976562)",1
11027107053,11000988678,"(nan, nan)","(nan, nan, nan)",0,nan,0,"(nan, nan, nan)",0,"(0.5819506645202637, 0.6431038975715637)","(46.42567825317383, 114.64579772949219, 34.890586853027344)",1,3.8488616943359375,1,"(126.86622619628906, -125.00438690185547, 696.2654418945312)",1
11027123979,11001005605,"(nan, nan)","(nan, nan, nan)",0,nan,0,"(nan, nan, nan)",0,"(0.5819085836410522, 0.6521651744842529)","(46.402400970458984, 111.99574279785156, 33.92607879638672)",1,3.80029296875,1,"(126.67501831054688, -124.93575286865234, 697.0072631835938)",1
11027140021,11001021647,"(nan, nan)","(nan, nan, nan)",0,nan,0,"(nan, nan, nan)",0,"(0.5798965096473694, 0.6571144461631775)","(45.28908157348633, 110.54826354980469, 33.39918518066406)",1,3.747894287109375,1,"(126.3316421508789, -124.81214141845703, 698.0257568359375)",1
11027157019,11001038645,"(nan, nan)","(nan, nan, nan)",0,nan,0,"(nan, nan, nan)",0,"(0.5793872475624084, 0.6560289263725281)","(45.007286071777344, 110.86575317382812, 33.51474380493164)",1,3.73681640625,1,"(126.19984436035156, -124.77411651611328, 698.3013305664062)",1
11027173899,11001055525,"(nan, nan)","(nan, nan, nan)",0,nan,0,"(nan, nan, nan)",0,"(0.5780596137046814, 0.652712881565094)","(44.27275466918945, 111.83554077148438, 33.867828369140625)",1,3.6770782470703125,1,"(125.40833282470703, -124.54971313476562, 699.1798706054688)",1
11027189941,11001071567,"(nan, nan)","(nan, nan, nan)",0,nan,0,"(nan, nan, nan)",0,"(0.5771246552467346, 0.6538041234016418)","(43.75539016723633, 111.51641845703125, 33.75156021118164)",1,3.6312255859375,1,"(124.39295196533203, -124.26856231689453, 700.0830688476562)",1
11027206985,11001088611,"(nan, nan)","(nan, nan, nan)",0,nan,0,"(nan, nan, nan)",0,"(0.5805194973945618, 0.6514992117881775)","(45.6337890625, 112.19051361083984, 33.996917724609375)",1,3.621856689453125,1,"(124.08421325683594, -124.14456939697266, 700.3461303710938)",1
11027223819,11001105445,"(nan, nan)","(nan, nan, nan)",0,nan,0,"(nan, nan, nan)",0,"(0.5879446864128113, 0.5359452366828918)","(49.74216079711914, 145.98561096191406, 46.29740524291992)",1,3.5753936767578125,1,"(122.78506469726562, -123.42015838623047, 701.3370971679688)",1
11027239861,11001121487,"(nan, nan)","(nan, nan, nan)",0,nan,0,"(nan, nan, nan)",0,"(0.5806991457939148, 0.5044642090797424)","(45.73323059082031, 155.19264221191406, 49.64841842651367)",1,3.5316314697265625,1,"(121.35355377197266, -122.58207702636719, 701.7486572265625)",1
11027256951,11001138577,"(nan, nan)","(nan, nan, nan)",0,nan,0,"(nan, nan, nan)",0,"(0.5825807452201843, 0.5016809701919556)","(46.774288177490234, 156.0066375732422, 49.9446907043457)",1,3.5283660888671875,1,"(120.94234466552734, -122.37310791015625, 702.0121459960938)",1
11027273739,11001155365,"(nan, nan)","(nan, nan, nan)",0,nan,0,"(nan, nan, nan)",0,"(nan, nan)","(nan, nan, nan)",0,nan,0,"(nan, nan, nan)",0
11027289781,11001171407,"(nan, nan)","(nan, nan, nan)",0,nan,0,"(nan, nan, nan)",0,"(nan, nan)","(nan, nan, nan)",0,nan,0,"(nan, nan, nan)",0
11027306917,11001188543,"(nan, nan)","(nan, nan, nan)",0,nan,0,"(nan, nan, nan)",0,"(0.5653491020202637, 0.49291616678237915)","(37.240013122558594, 158.56997680664062, 50.877750396728516)",1,3.5998077392578125,1,"(115.76406860351562, -119.71110534667969, 704.2173461914062)",1
11027323659,11001205285,"(nan, nan)","(nan, nan, nan)",0,nan,0,"(nan, nan, nan)",0,"(nan, nan)","(nan, nan, nan)",0,nan,0,"(nan, nan, nan)",0
11027339701,11001221327,"(nan, nan)","(nan, nan, nan)",0,nan,0,"(nan, nan, nan)",0,"(nan, nan)","(nan, nan, nan)",0,nan,0,"(nan, nan, nan)",0
11027356883,11001238509,"(nan, nan)","(nan, nan, nan)",0,nan,0,"(nan, nan, nan)",0,"(0.5775492191314697, 0.47469910979270935)","(43.99037170410156, 163.8977813720703, 52.81689453125)",1,3.621795654296875,1,"(109.84992980957031, -117.22676086425781, 705.5891723632812)",1
11027373579,11001255205,"(nan, nan)","(nan, nan, nan)",0,nan,0,"(nan, nan, nan)",0,"(nan, nan)","(nan, nan, nan)",0,nan,0,"(nan, nan, nan)",0
11027389621,11001271247,"(nan, nan)","(nan, nan, nan)",0,nan,0,"(nan, nan, nan)",0,"(nan, nan)","(nan, nan, nan)",0,nan,0,"(nan, nan, nan)",0
11027406849,11001288475,"(nan, nan)","(nan, nan, nan)",0,nan,0,"(nan, nan, nan)",0,"(0.5740154385566711, 0.4790794849395752)","(42.035091400146484, 162.61668395996094, 52.3505859375)",1,3.5979156494140625,1,"(103.40863800048828, -114.53739929199219, 707.0109252929688)",1
11027423499,11001305125,"(nan, nan)","(nan, nan, nan)",0,nan,0,"(nan, nan, nan)",0,"(nan, nan)","(nan, nan, nan)",0,nan,0,"(nan, nan, nan)",0
11027439541,11001321167,"(nan, nan)","(nan, nan, nan)",0,nan,0,"(nan, nan, nan)",0,"(nan, nan)","(nan, nan, nan)",0,nan,0,"(nan, nan, nan)",0
11027456779,11001338405,"(nan, nan)","(nan, nan, nan)",0,nan,0,"(nan, nan, nan)",0,"(0.5791028738021851, 0.4534607529640198)","(44.849979400634766, 170.10919189453125, 55.07763671875)",1,3.562835693359375,1,"(96.64767456054688, -111.87237548828125, 708.4007568359375)",1
11027473419,11001355045,"(nan, nan)","(nan, nan, nan)",0,nan,0,"(nan, nan, nan)",0,"(nan, nan)","(nan, nan, nan)",0,nan,0,"(nan, nan, nan)",0
11027489461,11001371088,"(nan, nan)","(nan, nan, nan)",0,nan,0,"(nan, nan, nan)",0,"(nan, nan)","(nan, nan, nan)",0,nan,0,"(nan, nan, nan)",0
11027506699,11001388326,"(nan, nan)","(nan, nan, nan)",0,nan,0,"(nan, nan, nan)",0,"(0.5887429118156433, 0.4276544153690338)","(50.183815002441406, 177.65655517578125, 57.82464599609375)",1,3.47503662109375,1,"(88.89622497558594, -109.67620849609375, 709.765625)",1
11027523339,11001404966,"(nan, nan)","(nan, nan, nan)",0,nan,0,"(nan, nan, nan)",0,"(nan, nan)","(nan, nan, nan)",0,nan,0,"(nan, nan, nan)",0
11027539381,11001421008,"(nan, nan)","(nan, nan, nan)",0,nan,0,"(nan, nan, nan)",0,"(nan, nan)","(nan, nan, nan)",0,nan,0,"(nan, nan, nan)",0
11027556619,11001438246,"(nan, nan)","(nan, nan, nan)",0,nan,0,"(nan, nan, nan)",0,"(0.40065500140190125, 0.474026083946228)","(-53.8852424621582, 164.09463500976562, 52.888427734375)",1,3.5655059814453125,1,"(80.2088851928711, -107.58345794677734, 711.1272583007812)",1
11027573250,11001454877,"(nan, nan)","(nan, nan, nan)",0,nan,0,"(nan, nan, nan)",0,"(nan, nan)","(nan, nan, nan)",0,nan,0,"(nan, nan, nan)",0
11027589292,11001470919,"(nan, nan)","(nan, nan, nan)",0,nan,0,"(nan, nan, nan)",0,"(nan, nan)","(nan, nan, nan)",0,nan,0,"(nan, nan, nan)",0
11027606530,11001488157,"(nan, nan)","(nan, nan, nan)",0,nan,0,"(nan, nan, nan)",0,"(0.40807777643203735, 0.4443855881690979)","(-49.77821350097656, 172.76333618164062, 56.04364013671875)",1,3.551300048828125,1,"(71.98329162597656, -104.9571762084961, 712.4059448242188)",1
11027623170,11001504797,"(nan, nan)","(nan, nan, nan)",0,nan,0,"(nan, nan, nan)",0,"(nan, nan)","(nan, nan, nan)",0,nan,0,"(nan, nan, nan)",0
11027639221,11001520848,"(nan, nan)","(nan, nan, nan)",0,nan,0,"(nan, nan, nan)",0,"(nan, nan)","(nan, nan, nan)",0,nan,0,"(nan, nan, nan)",0
11027656459,11001538086,"(0.4438890814781189, 0.3342586159706116)","(-29.963838577270508, 204.9712677001953, 67.766357421875)",1,3.395965576171875,1,"(2.4861972332000732, -88.77809143066406, 718.1663208007812)",1,"(0.4121203124523163, 0.43463337421417236)","(-47.54150390625, 175.615478515625, 57.081787109375)",1,3.60595703125,1,"(62.74188995361328, -102.05534362792969, 713.7075805664062)",1
11027673099,11001554726,"(nan, nan)","(nan, nan, nan)",0,nan,0,"(nan, nan, nan)",0,"(nan, nan)","(nan, nan, nan)",0,nan,0,"(nan, nan, nan)",0
11027689141,11001570768,"(nan, nan)","(nan, nan, nan)",0,nan,0,"(nan, nan, nan)",0,"(nan, nan)","(nan, nan, nan)",0,nan,0,"(nan, nan, nan)",0
11027706329,11001587956,"(0.4503701627254486, 0.34392979741096497)","(-26.377866744995117, 202.14280700683594, 66.7369384765625)",1,3.4801788330078125,1,"(-8.863759994506836, -88.59434509277344, 718.1387939453125)",1,"(0.4092610478401184, 0.4047452211380005)","(-49.123538970947266, 184.35658264160156, 60.26336669921875)",1,3.6242218017578125,1,"(52.900882720947266, -99.0699691772461, 714.93115234375)",1
11027723019,11001604646,"(nan, nan)","(nan, nan, nan)",0,nan,0,"(nan, nan, nan)",0,"(nan, nan)","(nan, nan, nan)",0,nan,0,"(nan, nan, nan)",0
11027739061,11001620688,"(nan, nan)","(nan, nan, nan)",0,nan,0,"(nan, nan, nan)",0,"(nan, nan)","(nan, nan, nan)",0,nan,0,"(nan, nan, nan)",0
11027756197,11001637824,"(0.46273931860923767, 0.3200806677341461)","(-19.533992767333984, 209.11776733398438, 69.27557373046875)",1,3.539398193359375,1,"(-20.0613956451416, -88.57747650146484, 717.9142456054688)",1,"(0.4125344455242157, 0.39968568086624146)","(-47.31236267089844, 185.83636474609375, 60.8017578125)",1,3.7564849853515625,1,"(42.996437072753906, -96.41876220703125, 715.9630126953125)",1
11027772939,11001654566,"(nan, nan)","(nan, nan, nan)",0,nan,0,"(nan, nan, nan)",0,"(nan, nan)","(nan, nan, nan)",0,nan,0,"(nan, nan, nan)",0
11027788981,11001670608,"(nan, nan)","(nan, nan, nan)",0,nan,0,"(nan, nan, nan)",0,"(nan, nan)","(nan, nan, nan)",0,nan,0,"(nan, nan, nan)",0
11027806067,11001687694,"(0.4702254831790924, 0.2579517364501953)","(-15.391870498657227, 227.28811645507812, 75.8890380859375)",1,3.576904296875,1,"(-31.28386878967285, -88.9707260131836, 717.4617919921875)",1,"(0.41032835841178894, 0.3794281780719757)","(-48.532981872558594, 191.7608642578125, 62.958251953125)",1,3.8928680419921875,1,"(32.762977600097656, -94.35108184814453, 716.7839965820312)",1
11027822757,11001704384,"(nan, nan)","(nan, nan, nan)",0,nan,0,"(nan, nan, nan)",0,"(nan, nan)","(nan, nan, nan)",0,nan,0,"(nan, nan, nan)",0
11027838892,11001720520,"(nan, nan)","(nan, nan, nan)",0,nan,0,"(nan, nan, nan)",0,"(nan, nan)","(nan, nan, nan)",0,nan,0,"(nan, nan, nan)",0
11027855927,11001737555,"(0.4580428898334503, 0.25356197357177734)","(-22.13253402709961, 228.5719451904297, 76.3563232421875)",1,3.69677734375,1,"(-41.67805099487305, -89.35829162597656, 716.8818359375)",1,"(0.4101337194442749, 0.3641062378883362)","(-48.64067840576172, 196.24197387695312, 64.58917236328125)",1,3.92279052734375,1,"(23.065673828125, -92.72345733642578, 717.3770141601562)",1
11027872567,11001754195,"(nan, nan)","(nan, nan, nan)",0,nan,0,"(nan, nan, nan)",0,"(nan, nan)","(nan, nan, nan)",0,nan,0,"(nan, nan, nan)",0
11027888812,11001770440,"(nan, nan)","(nan, nan, nan)",0,nan,0,"(nan, nan, nan)",0,"(nan, nan)","(nan, nan, nan)",0,nan,0,"(nan, nan, nan)",0
11027905797,11001787425,"(0.46164727210998535, 0.26481443643569946)","(-20.138227462768555, 225.28103637695312, 75.15850830078125)",1,3.7681427001953125,1,"(-50.690704345703125, -90.22618865966797, 716.1882934570312)",1,"(0.4203660488128662, 0.3710048794746399)","(-42.9791374206543, 194.22439575195312, 63.854793548583984)",1,3.9448394775390625,1,"(14.53173828125, -91.91991424560547, 717.70556640625)",1
11027922483,11001804111,"(nan, nan)","(nan, nan, nan)",0,nan,0,"(nan, nan, nan)",0,"(nan, nan)","(nan, nan, nan)",0,nan,0,"(nan, nan, nan)",0
11027938732,11001820360,"(nan, nan)","(nan, nan, nan)",0,nan,0,"(nan, nan, nan)",0,"(nan, nan)","(nan, nan, nan)",0,nan,0,"(nan, nan, nan)",0
11027955666,11001837294,"(0.670429527759552, 0.3659362494945526)","(95.38102722167969, 195.70675659179688, 64.3944091796875)",1,3.829833984375,1,"(-57.90232467651367, -92.01919555664062, 715.4087524414062)",1,"(0.6140547394752502, 0.4427260458469391)","(64.18883514404297, 173.24868774414062, 56.22027587890625)",1,3.9986572265625,1,"(7.407995700836182, -92.48027801513672, 717.7423706054688)",1
11027972495,11001854123,"(nan, nan)","(nan, nan, nan)",0,nan,0,"(nan, nan, nan)",0,"(nan, nan)","(nan, nan, nan)",0,nan,0,"(nan, nan, nan)",0
11027988652,11001870280,"(nan, nan)","(nan, nan, nan)",0,nan,0,"(nan, nan, nan)",0,"(nan, nan)","(nan, nan, nan)",0,nan,0,"(nan, nan, nan)",0
11028005535,11001887163,"(0.660902738571167, 0.36544275283813477)","(90.10987091064453, 195.85107421875, 64.44696044921875)",1,3.802276611328125,1,"(-64.70262908935547, -93.72262573242188, 714.5999755859375)",1,"(0.6091316342353821, 0.44104406237602234)","(61.46489334106445, 173.7406005859375, 56.39935302734375)",1,3.96002197265625,1,"(0.807161271572113, -93.2490463256836, 717.6801147460938)",1
11028022507,11001904135,"(nan, nan)","(nan, nan, nan)",0,nan,0,"(nan, nan, nan)",0,"(nan, nan)","(nan, nan, nan)",0,nan,0,"(nan, nan, nan)",0
11028038572,11001920200,"(0.6467916369438171, 0.3652240037918091)","(82.30221557617188, 195.91505432128906, 64.47020721435547)",1,3.65667724609375,1,"(-67.9348373413086, -94.88593292236328, 714.1437377929688)",1,"(0.5851107835769653, 0.4536984860897064)","(48.17418670654297, 170.03964233398438, 55.05232238769531)",1,3.8070526123046875,1,"(-2.387638568878174, -93.9920425415039, 717.5789184570312)",1
11028055405,11001937033,"(0.6302209496498108, 0.3713364601135254)","(73.13359069824219, 194.12738037109375, 63.819576263427734)",1,3.641265869140625,1,"(-68.3111343383789, -94.73541259765625, 710.070556640625)",1,"(0.5754678249359131, 0.44571417570114136)","(42.83867263793945, 172.374755859375, 55.90224838256836)",1,3.77374267578125,1,"(-3.242506265640259, -93.6572494506836, 712.7787475585938)",1
11028072399,11001954027,"(0.6276216506958008, 0.3926716148853302)","(71.69542694091797, 187.88766479492188, 61.548500061035156)",1,3.5923004150390625,1,"(-69.4367904663086, -94.79290771484375, 703.754638671875)",1,"(0.5760091543197632, 0.45026057958602905)","(43.13823699951172, 171.0451202392578, 55.41828536987305)",1,3.726409912109375,1,"(-4.940402507781982, -93.57186889648438, 707.0595092773438)",1
11028088492,11001970120,"(0.6259706020355225, 0.39739343523979187)","(70.78190612792969, 186.5067138671875, 61.04585266113281)",1,3.4981536865234375,1,"(-70.1580581665039, -94.39071655273438, 693.0682373046875)",1,"(0.5703002214431763, 0.47388726472854614)","(39.97946548461914, 164.13523864746094, 52.90327835083008)",1,3.6722259521484375,1,"(-6.525676250457764, -93.01007080078125, 697.3606567382812)",1
11028105274,11001986902,"(0.6232038736343384, 0.40904974937438965)","(69.25106811523438, 183.0977020263672, 59.80506896972656)",1,3.460540771484375,1,"(-70.48470306396484, -94.2134780883789, 688.1862182617188)",1,"(0.5639879703521729, 0.48298221826553345)","(36.486900329589844, 161.4752960205078, 51.93512725830078)",1,3.62799072265625,1,"(-7.484267711639404, -92.68653869628906, 691.4028930664062)",1
11028122370,11002003998,"(0.6191554069519043, 0.4384702742099762)","(67.01107025146484, 174.49331665039062, 56.67336654663086)",1,3.439239501953125,1,"(-71.19975280761719, -94.07705688476562, 680.8677978515625)",1,"(0.5708039402961731, 0.5011171698570251)","(40.258201599121094, 156.17147827148438, 50.0047492980957)",1,3.587249755859375,1,"(-8.880816459655762, -92.43209075927734, 684.4414672851562)",1
11028138412,11002020040,"(0.6186730265617371, 0.4409233629703522)","(66.74414825439453, 173.77587890625, 56.412200927734375)",1,3.397796630859375,1,"(-72.05226135253906, -94.12571716308594, 675.3541870117188)",1,"(0.5681675672531128, 0.5026152729988098)","(38.79952621459961, 155.73336791992188, 49.84523391723633)",1,3.53436279296875,1,"(-10.161388397216797, -92.37718200683594, 679.3631591796875)",1
11028155240,11002036868,"(0.6162021160125732, 0.44891953468322754)","(65.3769760131836, 171.4373321533203, 55.5610237121582)",1,3.3837432861328125,1,"(-72.44824981689453, -94.17581939697266, 673.3704223632812)",1,"(0.5655662417411804, 0.5059412121772766)","(37.360191345214844, 154.7606658935547, 49.49118423461914)",1,3.507110595703125,1,"(-10.896227836608887, -92.39763641357422, 676.9420776367188)",1
11028172290,11002053918,"(0.6167448163032532, 0.4597446620464325)","(65.67729187011719, 168.27139282226562, 54.40871047973633)",1,3.3701934814453125,1,"(-73.15032196044922, -94.24642944335938, 669.9300537109375)",1,"(0.5645034909248352, 0.5113973617553711)","(36.77216339111328, 153.16493225097656, 48.910438537597656)",1,3.4614105224609375,1,"(-11.902649879455566, -92.4082260131836, 673.673095703125)",1
11028188332,11002069960,"(0.6170604825019836, 0.461692214012146)","(65.85193634033203, 167.70181274414062, 54.2014045715332)",1,3.3406982421875,1,"(-73.84213256835938, -94.28812408447266, 666.9703369140625)",1,"(0.5642027258872986, 0.52213454246521)","(36.60575485229492, 150.02471923828125, 47.76749801635742)",1,3.447540283203125,1,"(-12.830302238464355, -92.38619995117188, 670.9847412109375)",1
11028205206,11002086835,"(0.6194565892219543, 0.4634281098842621)","(67.17768096923828, 167.19410705566406, 54.01662063598633)",1,3.32476806640625,1,"(-74.15705871582031, -94.29023742675781, 665.7655639648438)",1,"(0.5637489557266235, 0.5285127758979797)","(36.354671478271484, 148.1593017578125, 47.08856964111328)",1,3.444915771484375,1,"(-13.386643409729004, -92.3417739868164, 669.4915771484375)",1
11028222210,11002103839,"(0.6210300922393799, 0.47946417331695557)","(68.04832458496094, 162.50421142578125, 52.30961990356445)",1,3.32318115234375,1,"(-74.78227233886719, -94.30953216552734, 663.5261840820312)",1,"(0.5696629285812378, 0.5404661297798157)","(39.62686538696289, 144.6634063720703, 45.81612777709961)",1,3.4381866455078125,1,"(-14.212302207946777, -92.27728271484375, 667.4152221679688)",1
11028238252,11002119881,"(0.6246601343154907, 0.5100731253623962)","(70.05677032470703, 153.55223083496094, 49.0514030456543)",1,3.317657470703125,1,"(-75.58583068847656, -94.42192077636719, 661.560791015625)",1,"(0.5738457441329956, 0.5660483241081238)","(41.94120788574219, 137.181640625, 43.09300231933594)",1,3.4131927490234375,1,"(-15.148839950561523, -92.23524475097656, 665.6407470703125)",1
11028255076,11002136705,"(0.618887722492218, 0.5118923187255859)","(66.86297607421875, 153.02017211914062, 48.85774230957031)",1,3.29937744140625,1,"(-75.99456024169922, -94.45867919921875, 660.6165771484375)",1,"(0.5735619068145752, 0.5659275054931641)","(41.784183502197266, 137.2169647216797, 43.10584259033203)",1,3.4151611328125,1,"(-15.76771068572998, -92.1789779663086, 664.4857177734375)",1
11028272130,11002153759,"(0.6205421686172485, 0.5213192701339722)","(67.77835083007812, 150.26316833496094, 47.854270935058594)",1,3.3008575439453125,1,"(-76.93196105957031, -94.53767395019531, 658.7421875)",1,"(0.5710381865501404, 0.5609949827194214)","(40.3878288269043, 138.65953063964844, 43.63088607788086)",1,3.3849639892578125,1,"(-16.812740325927734, -92.06387329101562, 662.8038330078125)",1
11028288172,11002169801,"(0.6197388172149658, 0.5234809517860413)","(67.3338394165039, 149.6309356689453, 47.6241455078125)",1,3.30706787109375,1,"(-78.06580352783203, -94.58101654052734, 657.0404052734375)",1,"(0.5695414543151855, 0.5633783340454102)","(39.55961227416992, 137.9624786376953, 43.37722396850586)",1,3.3820648193359375,1,"(-17.99611473083496, -91.83024597167969, 661.3050537109375)",1
11028305042,11002186671,"(0.6222276091575623, 0.5136492848396301)","(68.7109375, 152.50634765625, 48.67071533203125)",1,3.273345947265625,1,"(-78.56245422363281, -94.57097625732422, 656.4730834960938)",1,"(0.5667614936828613, 0.5686376094818115)","(38.021514892578125, 136.4243621826172, 42.81739807128906)",1,3.3826141357421875,1,"(-18.74945068359375, -91.61869049072266, 660.5386962890625)",1
11028322050,11002203679,"(0.620990514755249, 0.4962950348854065)","(68.02637481689453, 157.58181762695312, 50.518043518066406)",1,3.2536468505859375,1,"(-79.75360870361328, -94.47265625, 655.3013305664062)",1,"(0.5692862272262573, 0.5741411447525024)","(39.4184684753418, 134.8147735595703, 42.23154067993164)",1,3.3873443603515625,1,"(-19.906150817871094, -91.2295150756836, 659.63037109375)",1
11028338092,11002219721,"(0.6227070093154907, 0.49942469596862793)","(68.97613525390625, 156.66651916503906, 50.184898376464844)",1,3.2620086669921875,1,"(-80.96439361572266, -94.30918884277344, 654.4141845703125)",1,"(0.5675344467163086, 0.5695429444313049)","(38.449188232421875, 136.1595916748047, 42.721012115478516)",1,3.39996337890625,1,"(-21.061111450195312, -90.74531555175781, 658.8829345703125)",1
11028354911,11002236540,"(0.6203868389129639, 0.5050880908966064)","(67.6924057006836, 155.01016235351562, 49.58205795288086)",1,3.265350341796875,1,"(-81.46403503417969, -94.24148559570312, 654.1520385742188)",1,"(0.5676302313804626, 0.5701150298118591)","(38.50215530395508, 135.9922637939453, 42.66009521484375)",1,3.3915557861328125,1,"(-21.729690551757812, -90.47113800048828, 658.5722045898438)",1
11028371970,11002253598,"(0.6185411214828491, 0.5293381214141846)","(66.67115783691406, 147.91799926757812, 47.00069046020508)",1,3.3203887939453125,1,"(-82.52078247070312, -94.09416961669922, 653.2000122070312)",1,"(0.5708745121955872, 0.5723629593849182)","(40.297218322753906, 135.33482360839844, 42.42082214355469)",1,3.415283203125,1,"(-22.753114700317383, -90.06266021728516, 657.69287109375)",1
11028388021,11002269649,"(0.6205253005027771, 0.5232926607131958)","(67.76898956298828, 149.68601989746094, 47.64427185058594)",1,3.334197998046875,1,"(-83.60979461669922, -93.94920349121094, 651.938232421875)",1,"(0.5693047046661377, 0.5719836354255676)","(39.42863082885742, 135.4457550048828, 42.4611930847168)",1,3.425567626953125,1,"(-23.78841781616211, -89.7109375, 656.5667724609375)",1
11028404887,11002286515,"(0.6225568652153015, 0.5196553468704224)","(68.89307403564453, 150.74978637695312, 48.03144454956055)",1,3.3340911865234375,1,"(-84.10043334960938, -93.90469360351562, 651.5050659179688)",1,"(0.5664975047111511, 0.5679957866668701)","(37.87541961669922, 136.61204528808594, 42.88572311401367)",1,3.438934326171875,1,"(-24.444286346435547, -89.56097412109375, 656.01416015625)",1
11028421899,11002303527,"(0.622959315776825, 0.5153342485427856)","(69.11571502685547, 152.0135498046875, 48.491397857666016)",1,3.33648681640625,1,"(-85.20804595947266, -93.77284240722656, 650.5338745117188)",1,"(0.5646675825119019, 0.5755884051322937)","(36.86294174194336, 134.3914794921875, 42.07749938964844)",1,3.45184326171875,1,"(-25.433788299560547, -89.34029388427734, 655.1820068359375)",1
11028437941,11002319569,"(0.6200274229049683, 0.5179154276847839)","(67.49351501464844, 151.2586669921875, 48.216636657714844)",1,3.3643798828125,1,"(-86.33985900878906, -93.56354522705078, 649.3606567382812)",1,"(0.5669519305229187, 0.5703287720680237)","(38.12688064575195, 135.92974853515625, 42.63733673095703)",1,3.477935791015625,1,"(-26.496807098388672, -89.12454986572266, 654.1375732421875)",1
11028454755,11002336383,"(0.6171770095825195, 0.5174302458763123)","(65.91641998291016, 151.4005584716797, 48.26825714111328)",1,3.3702392578125,1,"(-86.77185821533203, -93.44379425048828, 648.8368530273438)",1,"(0.5642960667610168, 0.5711141228675842)","(36.65739059448242, 135.70008850097656, 42.553741455078125)",1,3.481842041015625,1,"(-27.066564559936523, -88.97144317626953, 653.466796875)",1
11028471819,11002353447,"(0.6193707585334778, 0.49999892711639404)","(67.1302261352539, 156.4985809326172, 50.12373352050781)",1,3.3572235107421875,1,"(-87.67474365234375, -93.16551208496094, 647.8367919921875)",1,"(0.5652664303779602, 0.5683175921440125)","(37.19426727294922, 136.51795959472656, 42.8514518737793)",1,3.4956817626953125,1,"(-27.860694885253906, -88.73995208740234, 652.6340942382812)",1
11028487861,11002369489,"(0.6201007962226868, 0.5146839022636414)","(67.53411865234375, 152.20375061035156, 48.5606575012207)",1,3.398773193359375,1,"(-88.4469985961914, -92.85441589355469, 647.05908203125)",1,"(0.5668328404426575, 0.5687863230705261)","(38.060951232910156, 136.38084411621094, 42.80157470703125)",1,3.5185089111328125,1,"(-28.528907775878906, -88.50569915771484, 651.9434204101562)",1
11028504625,11002386253,"(0.620483934879303, 0.5124268531799316)","(67.74617767333984, 152.86383056640625, 48.800899505615234)",1,3.406341552734375,1,"(-88.69776153564453, -92.73104858398438, 646.7958374023438)",1,"(0.5675041079521179, 0.5713716745376587)","(38.4323844909668, 135.62472534179688, 42.526363372802734)",1,3.543670654296875,1,"(-28.83925437927246, -88.37960052490234, 651.6088256835938)",1
11028521739,11002403367,"(0.6203312873840332, 0.5174806714057922)","(67.66168975830078, 151.3857879638672, 48.262939453125)",1,3.4372100830078125,1,"(-89.14468383789062, -92.3852310180664, 646.0180053710938)",1,"(0.5680826902389526, 0.5673385858535767)","(38.75252151489258, 136.8042755126953, 42.95561981201172)",1,3.5662078857421875,1,"(-29.19687843322754, -88.18316650390625, 650.9360961914062)",1
11028537781,11002419408,"(0.6208962202072144, 0.5176617503166199)","(67.97423553466797, 151.33285522460938, 48.24360275268555)",1,3.4550933837890625,1,"(-89.50003051757812, -92.03317260742188, 645.3643188476562)",1,"(0.5681119561195374, 0.5666500329971313)","(38.76870346069336, 137.00564575195312, 43.02895736694336)",1,3.58935546875,1,"(-29.46048927307129, -88.00516510009766, 650.3771362304688)",1
11028554494,11002436121,"(0.6227691173553467, 0.5171158909797668)","(69.01051330566406, 151.4924774169922, 48.30169677734375)",1,3.4608001708984375,1,"(-89.59840393066406, -91.90949249267578, 645.0432739257812)",1,"(0.567039966583252, 0.5602698922157288)","(38.17559814453125, 138.87161254882812, 43.708106994628906)",1,3.6063385009765625,1,"(-29.573421478271484, -87.9229736328125, 649.958984375)",1
11028571659,11002453287,"(0.6226001381874084, 0.5248193740844727)","(68.91705322265625, 149.23948669433594, 47.48168182373047)",1,3.4825592041015625,1,"(-89.74409484863281, -91.67599487304688, 644.1533813476562)",1,"(0.5675843358039856, 0.556770384311676)","(38.476837158203125, 139.89505004882812, 44.08058166503906)",1,3.612640380859375,1,"(-29.70547103881836, -87.80096435546875, 649.1508178710938)",1
11028587701,11002469329,"(0.6216086149215698, 0.521298348903656)","(68.36841583251953, 150.269287109375, 47.85648727416992)",1,3.489288330078125,1,"(-89.78630828857422, -91.50519561767578, 643.1063842773438)",1,"(0.5676515102386475, 0.5681922435760498)","(38.51395797729492, 136.5546112060547, 42.8647575378418)",1,3.6298065185546875,1,"(-29.767179489135742, -87.70133209228516, 648.2188110351562)",1
11028604460,11002486088,"(0.6205140948295593, 0.5163851976394653)","(67.76282501220703, 151.70619201660156, 48.37948226928711)",1,3.4935760498046875,1,"(-89.76885986328125, -91.44410705566406, 642.7075805664062)",1,"(0.5664913654327393, 0.5705036520957947)","(37.87200927734375, 135.87864685058594, 42.61873245239258)",1,3.6449127197265625,1,"(-29.746252059936523, -87.64897918701172, 647.681640625)",1
11028621579,11002503207,"(0.6207118034362793, 0.5159522891044617)","(67.87220001220703, 151.832763671875, 48.425636291503906)",1,3.514801025390625,1,"(-89.67010498046875, -91.31137084960938, 641.95947265625)",1,"(0.5700717568397522, 0.5558925867080688)","(39.85310363769531, 140.1518096923828, 44.174034118652344)",1,3.623016357421875,1,"(-29.67298698425293, -87.5894546508789, 647.0034790039062)",1
11028637621,11002519249,"(0.6226879954338074, 0.5021010637283325)","(68.96562957763672, 155.88375854492188, 49.899967193603516)",1,3.506683349609375,1,"(-89.41255950927734, -91.15253448486328, 641.122314453125)",1,"(0.5695585608482361, 0.5610660910606384)","(39.56911849975586, 138.6387176513672, 43.623329162597656)",1,3.6328887939453125,1,"(-29.46087074279785, -87.49590301513672, 646.2218627929688)",1
11028654330,11002535958,"(0.620335042476654, 0.5020427703857422)","(67.66375732421875, 155.9008026123047, 49.906166076660156)",1,3.4977874755859375,1,"(-89.26652526855469, -91.08167266845703, 640.8411254882812)",1,"(0.5664135217666626, 0.5600199103355408)","(37.828983306884766, 138.9447021484375, 43.73469161987305)",1,3.63433837890625,1,"(-29.271812438964844, -87.44776916503906, 645.8270874023438)",1
11028671490,11002553118,"(0.6183964610099792, 0.5183541774749756)","(66.59112548828125, 151.13034057617188, 48.169898986816406)",1,3.53228759765625,1,"(-88.88027954101562, -90.90275573730469, 640.073486328125)",1,"(0.5682653188705444, 0.5681844353675842)","(38.85358428955078, 136.55691528320312, 42.865596771240234)",1,3.6546630859375,1,"(-28.955280303955078, -87.34459686279297, 645.0740356445312)",1
11028687532,11002569159,"(0.615064263343811, 0.5067817568778992)","(64.74740600585938, 154.51483154296875, 49.40171813964844)",1,3.5338287353515625,1,"(-88.46731567382812, -90.73534393310547, 639.2321166992188)",1,"(0.5659539103507996, 0.5714170932769775)","(37.57464599609375, 135.61146545410156, 42.521453857421875)",1,3.68121337890625,1,"(-28.631025314331055, -87.22821044921875, 644.2781982421875)",1
11028704287,11002585914,"(0.6058541536331177, 0.45922523736953735)","(59.6514778137207, 168.42330932617188, 54.4640007019043)",1,3.537139892578125,1,"(-88.31461334228516, -90.6422348022461, 638.9481201171875)",1,"(0.5593648552894592, 0.5151371359825134)","(33.92896270751953, 152.07118225097656, 48.512298583984375)",1,3.6932525634765625,1,"(-28.503149032592773, -87.11639404296875, 643.8735961914062)",1
11028721410,11002603037,"(0.5908350944519043, 0.3550235331058502)","(51.341407775878906, 198.8983154296875, 65.55601501464844)",1,3.5566558837890625,1,"(-87.98133087158203, -90.36517333984375, 638.113525390625)",1,"(0.5527483820915222, 0.4320254921913147)","(30.26803970336914, 176.37815856933594, 57.3593864440918)",1,3.7025299072265625,1,"(-28.375720977783203, -86.8626480102539, 643.0872802734375)",1
11028737452,11002619079,"(0.5918163061141968, 0.34317436814308167)","(51.88431930541992, 202.36375427246094, 66.81732177734375)",1,3.5472412109375,1,"(-87.72383117675781, -90.36466217041016, 636.9922485351562)",1,"(0.5444586873054504, 0.42743992805480957)","(25.681346893310547, 177.7192840576172, 57.84747314453125)",1,3.705596923828125,1,"(-28.19215965270996, -86.79825592041016, 642.0332641601562)",1
11028754156,11002635783,"(0.5908925533294678, 0.3450361490249634)","(51.3731689453125, 201.8192596435547, 66.61914825439453)",1,3.545166015625,1,"(-87.65599822998047, -90.38247680664062, 636.6405029296875)",1,"(0.5443997383117676, 0.42762285470962524)","(25.648719787597656, 177.66580200195312, 57.8280029296875)",1,3.7028350830078125,1,"(-28.11789321899414, -86.7845230102539, 641.5526733398438)",1
11028771330,11002652957,"(0.5901440978050232, 0.34858185052871704)","(50.95907211303711, 200.7822723388672, 66.24172973632812)",1,3.5389251708984375,1,"(-87.55181121826172, -90.4250259399414, 636.16064453125)",1,"(0.5416188836097717, 0.4366554617881775)","(24.110088348388672, 175.02410888671875, 56.86651611328125)",1,3.6974334716796875,1,"(-28.02446174621582, -86.75139617919922, 641.1360473632812)",1
11028787381,11002669008,"(0.5916910767555237, 0.3595163822174072)","(51.815040588378906, 197.58433532714844, 65.07777404785156)",1,3.534332275390625,1,"(-87.4159927368164, -90.42110443115234, 635.7399291992188)",1,"(0.5413433909416199, 0.44134941697120667)","(23.957674026489258, 173.6512908935547, 56.36684036254883)",1,3.709869384765625,1,"(-27.909744262695312, -86.68617248535156, 640.7469482421875)",1
11028804132,11002685759,"(0.5891299247741699, 0.3567572236061096)","(50.3979377746582, 198.39129638671875, 65.37145233154297)",1,3.5272369384765625,1,"(-87.35260009765625, -90.42473602294922, 635.6409301757812)",1,"(0.5438773036003113, 0.44417187571525574)","(25.359716415405273, 172.82582092285156, 56.066410064697266)",1,3.708892822265625,1,"(-27.825551986694336, -86.61956024169922, 640.5997924804688)",1
11028821259,11002702886,"(0.5918980836868286, 0.362265020608902)","(51.92958068847656, 196.7804718017578, 64.78517150878906)",1,3.5446319580078125,1,"(-87.18641662597656, -90.40259552001953, 635.4474487304688)",1,"(0.5430495142936707, 0.4340662956237793)","(24.901626586914062, 175.78131103515625, 57.14215850830078)",1,3.696319580078125,1,"(-27.667070388793945, -86.5071792602539, 640.431640625)",1
11028837301,11002718928,"(0.5930749177932739, 0.3637549579143524)","(52.58073425292969, 196.34471130371094, 64.62659454345703)",1,3.5373687744140625,1,"(-87.05793762207031, -90.39546966552734, 635.5552368164062)",1,"(0.5413978695869446, 0.4334883391857147)","(23.987825393676758, 175.95033264160156, 57.203643798828125)",1,3.7178955078125,1,"(-27.513090133666992, -86.39676666259766, 640.5095825195312)",1
11028854000,11002735626,"(0.5908211469650269, 0.36388787627220154)","(51.333744049072266, 196.3058319091797, 64.6124267578125)",1,3.53680419921875,1,"(-87.01119232177734, -90.3802261352539, 635.4972534179688)",1,"(0.5405261516571045, 0.43259480595588684)","(23.50548553466797, 176.21168518066406, 57.298736572265625)",1,3.708984375,1,"(-27.435123443603516, -86.30146789550781, 640.4166259765625)",1
11028871179,11002752805,"(0.5889615416526794, 0.3622935712337494)","(50.30479431152344, 196.77210998535156, 64.7821044921875)",1,3.5237579345703125,1,"(-86.93074035644531, -90.34944152832031, 635.1902465820312)",1,"(0.5399106740951538, 0.4379344582557678)","(23.16493034362793, 174.65003967285156, 56.73036193847656)",1,3.7107391357421875,1,"(-27.361278533935547, -86.14640045166016, 640.1055297851562)",1
11028887221,11002768847,"(0.5885655879974365, 0.3482275903224945)","(50.08574295043945, 200.88587951660156, 66.27941131591797)",1,3.5005645751953125,1,"(-86.93385314941406, -90.355224609375, 634.672607421875)",1,"(0.5402751564979553, 0.4326302409172058)","(23.366615295410156, 176.2013397216797, 57.29500198364258)",1,3.712005615234375,1,"(-27.37359619140625, -86.04307556152344, 639.6380615234375)",1
11028903966,11002785592,"(0.5905501246452332, 0.3509294092655182)","(51.18378829956055, 200.09567260742188, 65.9918212890625)",1,3.500732421875,1,"(-86.9662857055664, -90.37342071533203, 634.4522094726562)",1,"(0.5411262512207031, 0.43244990706443787)","(23.83751678466797, 176.25404357910156, 57.314212799072266)",1,3.714935302734375,1,"(-27.41792869567871, -85.99950408935547, 639.3291625976562)",1
11028921099,11002802726,"(0.5920031666755676, 0.3543320596218109)","(51.98773193359375, 199.10052490234375, 65.62964630126953)",1,3.51104736328125,1,"(-87.08966827392578, -90.47859954833984, 634.1555786132812)",1,"(0.5413346290588379, 0.43094855546951294)","(23.95279884338379, 176.69314575195312, 57.47402572631836)",1,3.716827392578125,1,"(-27.514169692993164, -86.00836944580078, 639.0603637695312)",1
11028937141,11002818768,"(0.5904373526573181, 0.3533150851726532)","(51.12135314941406, 199.39797973632812, 65.73783874511719)",1,3.511810302734375,1,"(-87.20207977294922, -90.6299819946289, 633.7318725585938)",1,"(0.5430116653442383, 0.4254817068576813)","(24.880691528320312, 178.29200744628906, 58.05595016479492)",1,3.7246856689453125,1,"(-27.6173038482666, -86.06865692138672, 638.6659545898438)",1
11028953836,11002835463,"(0.5890308618545532, 0.35800814628601074)","(50.34316635131836, 198.02545166015625, 65.23827362060547)",1,3.5072784423828125,1,"(-87.23947143554688, -90.67935180664062, 633.5889282226562)",1,"(0.5413498282432556, 0.4263341724872589)","(23.961225509643555, 178.04269409179688, 57.9651985168457)",1,3.7007904052734375,1,"(-27.65161895751953, -86.09896850585938, 638.4713745117188)",1
11028971019,11002852646,"(0.5878155827522278, 0.3614039719104767)","(49.67072677612305, 197.0322723388672, 64.8768081665039)",1,3.511932373046875,1,"(-87.28937530517578, -90.75970458984375, 633.4219360351562)",1,"(0.5391740202903748, 0.43256083130836487)","(22.757389068603516, 176.22161865234375, 57.30232620239258)",1,3.7012481689453125,1,"(-27.653987884521484, -86.13955688476562, 638.329833984375)",1
11028987061,11002868688,"(0.5862061381340027, 0.3616582453250885)","(48.78019332885742, 196.95791625976562, 64.84979248046875)",1,3.532318115234375,1,"(-87.29991149902344, -90.7721176147461, 633.3551635742188)",1,"(0.5392763614654541, 0.4130665957927704)","(22.813974380493164, 181.9229278564453, 59.37747573852539)",1,3.7089691162109375,1,"(-27.616159439086914, -86.2391586303711, 638.2549438476562)",1
11029003802,11002885428,"(0.5888051986694336, 0.3605874180793762)","(50.2182731628418, 197.27110290527344, 64.96380615234375)",1,3.5330810546875,1,"(-87.27949523925781, -90.75366973876953, 633.2325439453125)",1,"(0.5388953685760498, 0.4178096354007721)","(22.603178024291992, 180.5357666015625, 58.87257766723633)",1,3.7215728759765625,1,"(-27.561140060424805, -86.26605987548828, 638.07373046875)",1
11029020939,11002902565,"(0.5883400440216064, 0.3610614836215973)","(49.96087646484375, 197.13243103027344, 64.91331481933594)",1,3.52325439453125,1,"(-87.21199035644531, -90.70402526855469, 632.9228515625)",1,"(0.5383556485176086, 0.41694924235343933)","(22.30453872680664, 180.78741455078125, 58.96418762207031)",1,3.7278289794921875,1,"(-27.46477508544922, -86.36723327636719, 637.7593383789062)",1
11029036981,11002918607,"(0.5897032618522644, 0.36344411969184875)","(50.71516036987305, 196.43560791015625, 64.6596450805664)",1,3.52154541015625,1,"(-87.14188385009766, -90.64046478271484, 632.514404296875)",1,"(0.5395981669425964, 0.4160328507423401)","(22.99197006225586, 181.05540466308594, 59.061790466308594)",1,3.7383575439453125,1,"(-27.3703670501709, -86.52283477783203, 637.3863525390625)",1
11029053671,11002935297,"(0.5908715724945068, 0.36329540610313416)","(51.36158752441406, 196.4791259765625, 64.67549896240234)",1,3.537353515625,1,"(-87.10589599609375, -90.59278869628906, 632.2756958007812)",1,"(0.5401926040649414, 0.4166419506072998)","(23.3209171295166, 180.87725830078125, 58.99692153930664)",1,3.724212646484375,1,"(-27.3027286529541, -86.60336303710938, 637.0601806640625)",1
11029070859,11002952485,"(0.5900958776473999, 0.3586253523826599)","(50.932437896728516, 197.8449249267578, 65.17262268066406)",1,3.5279541015625,1,"(-87.04090118408203, -90.50220489501953, 631.8351440429688)",1,"(0.5374466180801392, 0.41718924045562744)","(21.80156898498535, 180.71722412109375, 58.93864059448242)",1,3.7278594970703125,1,"(-27.202207565307617, -86.74027252197266, 636.658935546875)",1
11029086892,11002968518,"(0.5890123248100281, 0.35465073585510254)","(50.33286666870117, 199.0073699951172, 65.59567260742188)",1,3.5292205810546875,1,"(-86.94894409179688, -90.38211822509766, 631.4122314453125)",1,"(0.5401787757873535, 0.4154251217842102)","(23.313236236572266, 181.23316955566406, 59.126468658447266)",1,3.7218475341796875,1,"(-27.09421157836914, -86.86973571777344, 636.2847290039062)",1
11029103532,11002985158,"(0.5875759720802307, 0.3545815944671631)","(49.53815460205078, 199.02757263183594, 65.60298919677734)",1,3.537506103515625,1,"(-86.88895416259766, -90.32108306884766, 631.2510375976562)",1,"(0.5398930311203003, 0.41844844818115234)","(23.1551570892334, 180.3489532470703, 58.804630279541016)",1,3.724700927734375,1,"(-27.004581451416016, -86.93853759765625, 636.0762329101562)",1
11029120770,11003002396,"(0.5896037817001343, 0.35508862137794495)","(50.66013717651367, 198.87928771972656, 65.54908752441406)",1,3.54962158203125,1,"(-86.71961975097656, -90.15673065185547, 630.8116455078125)",1,"(0.5395917892456055, 0.414542555809021)","(22.988489151000977, 181.4912567138672, 59.220359802246094)",1,3.729248046875,1,"(-26.820587158203125, -87.00222778320312, 635.6563720703125)",1
11029136812,11003018438,"(0.5873148441314697, 0.35426121950149536)","(49.393653869628906, 199.12127685546875, 65.63714599609375)",1,3.540679931640625,1,"(-86.50636291503906, -89.96916198730469, 630.2145385742188)",1,"(0.5344530344009399, 0.42991775274276733)","(20.14525604248047, 176.99461364746094, 57.58375930786133)",1,3.7332916259765625,1,"(-26.59779167175293, -86.9688720703125, 635.1395263671875)",1
11029153498,11003035123,"(0.5883179903030396, 0.36283475160598755)","(49.94871139526367, 196.6138458251953, 64.72450256347656)",1,3.5435333251953125,1,"(-86.44759368896484, -89.90835571289062, 630.1072998046875)",1,"(0.5383937954902649, 0.4284769892692566)","(22.325647354125977, 177.4159698486328, 57.73710632324219)",1,3.7326507568359375,1,"(-26.50129508972168, -86.94477844238281, 635.0037841796875)",1
11029170690,11003052315,"(0.6248554587364197, 0.37148091197013855)","(70.16488647460938, 194.08517456054688, 63.80414962768555)",1,3.5607452392578125,1,"(-86.2754135131836, -89.82036590576172, 630.066162109375)",1,"(0.5785976052284241, 0.4154358208179474)","(44.5704231262207, 181.23004150390625, 59.125301361083984)",1,3.7404022216796875,1,"(-26.360523223876953, -86.87930297851562, 635.0283203125)",1
11029186732,11003068357,"(0.6570825576782227, 0.3588586449623108)","(87.99613952636719, 197.7766876220703, 65.14777374267578)",1,3.5723724365234375,1,"(-86.32201385498047, -89.70134735107422, 629.8690185546875)",1,"(0.6024376153945923, 0.4203655421733856)","(57.761085510253906, 179.78826904296875, 58.6005744934082)",1,3.7460174560546875,1,"(-26.367414474487305, -86.59551239013672, 634.9102783203125)",1
11029203464,11003085089,"(0.6584517955780029, 0.3611755967140198)","(88.7537612915039, 197.0990753173828, 64.90113830566406)",1,3.5682830810546875,1,"(-86.36563873291016, -89.51641082763672, 629.0501098632812)",1,"(0.6019936800003052, 0.41431763768196106)","(57.51546859741211, 181.55703735351562, 59.24432373046875)",1,3.7266082763671875,1,"(-26.488487243652344, -86.2242431640625, 633.8571166992188)",1
11029220610,11003102235,"(0.6648162603378296, 0.35670006275177)","(92.27522277832031, 198.4080047607422, 65.37755584716797)",1,3.553741455078125,1,"(-86.61604309082031, -89.1758804321289, 627.5896606445312)",1,"(0.6051663756370544, 0.41882753372192383)","(59.27091979980469, 180.2381134033203, 58.764198303222656)",1,3.7317352294921875,1,"(-26.829998016357422, -85.63227844238281, 632.5847778320312)",1
11029236661,11003118286,"(0.661587655544281, 0.3597048223018646)","(90.48880767822266, 197.52920532226562, 65.05770874023438)",1,3.5525970458984375,1,"(-87.04381561279297, -88.79679107666016, 626.271240234375)",1,"(0.5999612212181091, 0.4242088198661804)","(56.39090347290039, 178.66429138183594, 58.19142150878906)",1,3.736663818359375,1,"(-27.290502548217773, -85.00977325439453, 631.4027709960938)",1
11029253343,11003134968,"(0.6604053974151611, 0.3586660921573639)","(89.83467864990234, 197.83299255371094, 65.16827392578125)",1,3.557891845703125,1,"(-87.25902557373047, -88.65403747558594, 625.8319702148438)",1,"(0.6015900373458862, 0.41871723532676697)","(57.29215621948242, 180.2703399658203, 58.776004791259766)",1,3.7306976318359375,1,"(-27.614543914794922, -84.66516876220703, 630.8427124023438)",1
11029270539,11003152164,"(0.6649055480957031, 0.3650447726249695)","(92.32461547851562, 195.9674835205078, 64.48927307128906)",1,3.5540771484375,1,"(-87.74076080322266, -88.32811737060547, 624.9244995117188)",1,"(0.5942627191543579, 0.4696381390094757)","(53.237945556640625, 165.37791442871094, 53.35560607910156)",1,3.7268218994140625,1,"(-28.067724227905273, -84.05089569091797, 630.0570678710938)",1
11029286581,11003168206,"(0.6631689667701721, 0.3646962344646454)","(91.36376953125, 196.06942749023438, 64.5263671875)",1,3.530242919921875,1,"(-88.23231506347656, -87.9774398803711, 624.2066650390625)",1,"(0.5962832570075989, 0.46941569447517395)","(54.355899810791016, 165.4429931640625, 53.37925720214844)",1,3.6850128173828125,1,"(-28.539770126342773, -83.60266876220703, 629.4138793945312)",1
11029303211,11003184836,"(nan, nan)","(nan, nan, nan)",0,nan,0,"(nan, nan, nan)",0,"(nan, nan)","(nan, nan, nan)",0,nan,0,"(nan, nan, nan)",0
11029320409,11003202034,"(nan, nan)","(nan, nan, nan)",0,nan,0,"(nan, nan, nan)",0,"(nan, nan)","(nan, nan, nan)",0,nan,0,"(nan, nan, nan)",0
11029336501,11003218126,"(nan, nan)","(nan, nan, nan)",0,nan,0,"(nan, nan, nan)",0,"(nan, nan)","(nan, nan, nan)",0,nan,0,"(nan, nan, nan)",0
11029353081,11003234706,"(nan, nan)","(nan, nan, nan)",0,nan,0,"(nan, nan, nan)",0,"(nan, nan)","(nan, nan, nan)",0,nan,0,"(nan, nan, nan)",0
11029370227,11003251852,"(nan, nan)","(nan, nan, nan)",0,nan,0,"(nan, nan, nan)",0,"(nan, nan)","(nan, nan, nan)",0,nan,0,"(nan, nan, nan)",0
11029386421,11003268046,"(nan, nan)","(nan, nan, nan)",0,nan,0,"(nan, nan, nan)",0,"(nan, nan)","(nan, nan, nan)",0,nan,0,"(nan, nan, nan)",0
11029402950,11003284575,"(nan, nan)","(nan, nan, nan)",0,nan,0,"(nan, nan, nan)",0,"(nan, nan)","(nan, nan, nan)",0,nan,0,"(nan, nan, nan)",0
11029420046,11003301671,"(nan, nan)","(nan, nan, nan)",0,nan,0,"(nan, nan, nan)",0,"(nan, nan)","(nan, nan, nan)",0,nan,0,"(nan, nan, nan)",0
11029436341,11003317966,"(nan, nan)","(nan, nan, nan)",0,nan,0,"(nan, nan, nan)",0,"(nan, nan)","(nan, nan, nan)",0,nan,0,"(nan, nan, nan)",0
11029452843,11003334468,"(nan, nan)","(nan, nan, nan)",0,nan,0,"(nan, nan, nan)",0,"(nan, nan)","(nan, nan, nan)",0,nan,0,"(nan, nan, nan)",0
11029469864,11003351488,"(nan, nan)","(nan, nan, nan)",0,nan,0,"(nan, nan, nan)",0,"(nan, nan)","(nan, nan, nan)",0,nan,0,"(nan, nan, nan)",0
11029492414,11003374038,"(nan, nan)","(nan, nan, nan)",0,nan,0,"(nan, nan, nan)",0,"(nan, nan)","(nan, nan, nan)",0,nan,0,"(nan, nan, nan)",0
11029508699,11003390323,"(nan, nan)","(nan, nan, nan)",0,nan,0,"(nan, nan, nan)",0,"(nan, nan)","(nan, nan, nan)",0,nan,0,"(nan, nan, nan)",0
11029548752,11003430376,"(nan, nan)","(nan, nan, nan)",0,nan,0,"(nan, nan, nan)",0,"(nan, nan)","(nan, nan, nan)",0,nan,0,"(nan, nan, nan)",0
11029580001,11003461625,"(nan, nan)","(nan, nan, nan)",0,nan,0,"(nan, nan, nan)",0,"(nan, nan)","(nan, nan, nan)",0,nan,0,"(nan, nan, nan)",0
11029596286,11003477910,"(nan, nan)","(nan, nan, nan)",0,nan,0,"(nan, nan, nan)",0,"(nan, nan)","(nan, nan, nan)",0,nan,0,"(nan, nan, nan)",0
11029636543,11003518167,"(nan, nan)","(nan, nan, nan)",0,nan,0,"(nan, nan, nan)",0,"(nan, nan)","(nan, nan, nan)",0,nan,0,"(nan, nan, nan)",0
11029668000,11003549624,"(nan, nan)","(nan, nan, nan)",0,nan,0,"(nan, nan, nan)",0,"(nan, nan)","(nan, nan, nan)",0,nan,0,"(nan, nan, nan)",0
11029684285,11003565909,"(nan, nan)","(nan, nan, nan)",0,nan,0,"(nan, nan, nan)",0,"(nan, nan)","(nan, nan, nan)",0,nan,0,"(nan, nan, nan)",0
11029724431,11003606055,"(nan, nan)","(nan, nan, nan)",0,nan,0,"(nan, nan, nan)",0,"(nan, nan)","(nan, nan, nan)",0,nan,0,"(nan, nan, nan)",0
11029756004,11003637627,"(nan, nan)","(nan, nan, nan)",0,nan,0,"(nan, nan, nan)",0,"(nan, nan)","(nan, nan, nan)",0,nan,0,"(nan, nan, nan)",0
11029772289,11003653913,"(nan, nan)","(nan, nan, nan)",0,nan,0,"(nan, nan, nan)",0,"(nan, nan)","(nan, nan, nan)",0,nan,0,"(nan, nan, nan)",0
11029812659,11003694282,"(nan, nan)","(nan, nan, nan)",0,nan,0,"(nan, nan, nan)",0,"(nan, nan)","(nan, nan, nan)",0,nan,0,"(nan, nan, nan)",0
11029829164,11003710787,"(0.5836309790611267, 0.5656889081001282)","(47.35539627075195, 137.2867431640625, 43.131256103515625)",1,3.7318267822265625,1,"(-92.98017883300781, -88.64276885986328, 591.09912109375)",1,"(0.550071120262146, 0.5583738684654236)","(28.78672218322754, 139.42608642578125, 43.909912109375)",1,3.9668731689453125,1,"(-35.40108108520508, -79.89684295654297, 598.6038208007812)",1
11029846030,11003727653,"(0.5913535356521606, 0.5297184586524963)","(51.62825393676758, 147.8067169189453, 46.960235595703125)",1,3.630584716796875,1,"(-93.50861358642578, -88.85700988769531, 591.9761352539062)",1,"(0.5460410118103027, 0.5538262128829956)","(26.556827545166016, 140.75611877441406, 44.394020080566406)",1,3.9156646728515625,1,"(-35.91157531738281, -79.97258758544922, 600.1089477539062)",1
11029862582,11003744205,"(0.5926381945610046, 0.5079745054244995)","(52.33906936645508, 154.1659698486328, 49.2747688293457)",1,3.6924285888671875,1,"(-95.43312072753906, -90.22140502929688, 599.8399047851562)",1,"(0.5458313226699829, 0.5425949096679688)","(26.440834045410156, 144.04086303710938, 45.58946990966797)",1,3.98052978515625,1,"(-36.90492630004883, -80.57122802734375, 605.5731201171875)",1
11029879130,11003760753,"(0.5919879674911499, 0.5072396993637085)","(51.9792594909668, 154.38088989257812, 49.35298156738281)",1,3.711456298828125,1,"(-95.67127990722656, -90.34220886230469, 600.3609008789062)",1,"(0.547765851020813, 0.5327723622322083)","(27.5112361907959, 146.91360473632812, 46.63505935668945)",1,4.00592041015625,1,"(-37.2078971862793, -80.62640380859375, 606.1180419921875)",1
11029896042,11003777665,"(0.5908649563789368, 0.5165134072303772)","(51.35792922973633, 151.668701171875, 48.36586380004883)",1,3.72027587890625,1,"(-96.00126647949219, -90.45687103271484, 600.399169921875)",1,"(0.5457919239997864, 0.535567581653595)","(26.41904067993164, 146.09605407714844, 46.33757400512695)",1,4.0120849609375,1,"(-37.48825454711914, -80.57609558105469, 605.9148559570312)",1
11029912502,11003794125,"(0.5930259823799133, 0.5188400745391846)","(52.553611755371094, 150.98825073242188, 48.1181755065918)",1,3.74456787109375,1,"(-96.17572784423828, -90.6824951171875, 601.0431518554688)",1,"(0.5500627160072327, 0.5335720181465149)","(28.78207015991211, 146.6796875, 46.55000686645508)",1,4.032196044921875,1,"(-37.63068771362305, -80.72335815429688, 606.3944091796875)",1
11029929096,11003810719,"(0.5907827615737915, 0.5194913148880005)","(51.31243896484375, 150.79779052734375, 48.0488395690918)",1,3.7508087158203125,1,"(-96.1572265625, -90.75528717041016, 601.1632690429688)",1,"(0.5494045615196228, 0.5369065403938293)","(28.41787338256836, 145.7044677734375, 46.19507598876953)",1,4.0524444580078125,1,"(-37.596153259277344, -80.80779266357422, 606.5187377929688)",1
11029946054,11003827676,"(0.5918946266174316, 0.5169652700424194)","(51.92765808105469, 151.53659057617188, 48.317718505859375)",1,3.7696990966796875,1,"(-95.90437316894531, -90.86651611328125, 600.8170776367188)",1,"(0.5503721237182617, 0.5327455401420593)","(28.9532527923584, 146.92140197753906, 46.637977600097656)",1,4.0468902587890625,1,"(-37.402496337890625, -80.90531158447266, 606.0164184570312)",1
11029962422,11003844044,"(0.5924357771873474, 0.5189511179924011)","(52.22708511352539, 150.95574951171875, 48.10634231567383)",1,3.777252197265625,1,"(-95.41812896728516, -90.91452026367188, 599.9807739257812)",1,"(0.5504288077354431, 0.5571463108062744)","(28.98459815979004, 139.7851104736328, 44.04058837890625)",1,4.0552520751953125,1,"(-37.051513671875, -80.95702362060547, 605.182861328125)",1
11029979062,11003860684,"(0.5889585018157959, 0.5166001319885254)","(50.3031120300293, 151.64332580566406, 48.35661697387695)",1,3.778961181640625,1,"(-95.24951171875, -90.9460220336914, 599.81103515625)",1,"(0.5501359105110168, 0.5568225383758545)","(28.82253074645996, 139.8798065185547, 44.0750617980957)",1,4.0691680908203125,1,"(-36.831520080566406, -81.03682708740234, 604.8709106445312)",1
11029996066,11003877689,"(0.5882455110549927, 0.5177999138832092)","(49.90861892700195, 151.2924346923828, 48.2288932800293)",1,3.78350830078125,1,"(-94.81239318847656, -91.0235366821289, 599.5614624023438)",1,"(0.5470874309539795, 0.5565824508666992)","(27.13581085205078, 139.95001220703125, 44.10060119628906)",1,4.06671142578125,1,"(-36.45499038696289, -81.14521789550781, 604.5923461914062)",1
11030012342,11003893965,"(0.5711742639541626, 0.526704728603363)","(40.46308517456055, 148.6881103515625, 47.28099822998047)",1,3.800994873046875,1,"(-94.42247772216797, -91.02970886230469, 599.4899291992188)",1,"(0.5316871404647827, 0.54751056432724)","(18.61485481262207, 142.6032257080078, 45.066287994384766)",1,4.0839385986328125,1,"(-36.10289001464844, -81.2208480834961, 604.4962158203125)",1
11030028932,11003910555,"(0.5293633341789246, 0.522735595703125)","(17.329069137573242, 149.84893798828125, 47.7035026550293)",1,3.8263702392578125,1,"(-94.39838409423828, -91.01485443115234, 599.6002197265625)",1,"(0.483233243227005, 0.5359978675842285)","(-8.194687843322754, 145.97023010253906, 46.29178237915039)",1,4.1035308837890625,1,"(-36.09593963623047, -81.192626953125, 604.6160888671875)",1
11030046078,11003927700,"(0.41189876198768616, 0.47643861174583435)","(-47.66410446166992, 163.38905334472656, 52.631690979003906)",1,3.8247528076171875,1,"(-94.4120101928711, -90.90657806396484, 599.8745727539062)",1,"(0.3998761475086212, 0.5046488046646118)","(-54.31620788574219, 155.1386260986328, 49.62881088256836)",1,4.132110595703125,1,"(-36.19855880737305, -81.04685974121094, 604.93505859375)",1
11030062262,11003943884,"(0.4131282866001129, 0.4645407497882843)","(-46.9837760925293, 166.86868286132812, 53.898197174072266)",1,3.83154296875,1,"(-94.21016693115234, -90.82632446289062, 600.31005859375)",1,"(0.3892703652381897, 0.48443955183029175)","(-60.18434143066406, 161.04904174804688, 51.7800407409668)",1,4.137725830078125,1,"(-35.99642562866211, -80.84054565429688, 605.041259765625)",1
11030078898,11003960520,"(0.4122297465801239, 0.4622238278388977)","(-47.48097229003906, 167.5463104248047, 54.144832611083984)",1,3.8470306396484375,1,"(-94.22246551513672, -90.84713745117188, 600.8334350585938)",1,"(0.38652533292770386, 0.4754904806613922)","(-61.703208923339844, 163.66635131835938, 52.73264694213867)",1,4.15008544921875,1,"(-35.94235610961914, -80.75582885742188, 605.8298950195312)",1
11030096090,11003977712,"(0.4083409607410431, 0.4511733949184418)","(-49.63259506225586, 170.77813720703125, 55.32114028930664)",1,3.8178558349609375,1,"(-94.12995910644531, -90.67316436767578, 600.695556640625)",1,"(0.38354432582855225, 0.4929751753807068)","(-63.352577209472656, 158.552734375, 50.87142562866211)",1,4.156707763671875,1,"(-35.91399383544922, -80.33903503417969, 605.7481689453125)",1
11030112182,11003993804,"(0.408983439207077, 0.4669415056705475)","(-49.27713394165039, 166.1665802001953, 53.642669677734375)",1,3.8534088134765625,1,"(-94.26844787597656, -90.61296081542969, 600.8400268554688)",1,"(0.38390621542930603, 0.4998726546764374)","(-63.152347564697266, 156.53549194335938, 50.13716506958008)",1,4.158050537109375,1,"(-36.08700942993164, -79.89745330810547, 605.8793334960938)",1
11030128766,11004010388,"(0.4095418155193329, 0.4621468782424927)","(-48.96818542480469, 167.56884765625, 54.15304183959961)",1,3.84906005859375,1,"(-94.37033081054688, -90.62600708007812, 600.9595336914062)",1,"(0.38388654589653015, 0.5003092288970947)","(-63.163238525390625, 156.40780639648438, 50.09071731567383)",1,4.16558837890625,1,"(-36.25377655029297, -79.66704559326172, 606.0667724609375)",1
11030146060,11004027682,"(0.41038551926612854, 0.46212518215179443)","(-48.50137710571289, 167.5751953125, 54.155303955078125)",1,3.8668975830078125,1,"(-94.71930694580078, -90.73978424072266, 601.6489868164062)",1,"(0.3843505084514618, 0.5000534653663635)","(-62.90653610229492, 156.48257446289062, 50.11798095703125)",1,4.1619110107421875,1,"(-36.57001495361328, -79.40001678466797, 606.661376953125)",1
11030161977,11004043599,"(0.4093737304210663, 0.4656485617160797)","(-49.06120681762695, 166.54470825195312, 53.7802848815918)",1,3.884124755859375,1,"(-95.0510025024414, -90.8345718383789, 602.2989501953125)",1,"(0.3838174045085907, 0.4997701942920685)","(-63.20149230957031, 156.56544494628906, 50.148136138916016)",1,4.1630859375,1,"(-36.86117935180664, -79.19868469238281, 607.1895141601562)",1
11030178636,11004060258,"(0.403377890586853, 0.4694792330265045)","(-52.37868118286133, 165.4243927001953, 53.37249755859375)",1,3.8425140380859375,1,"(-95.13374328613281, -90.85089874267578, 602.4541015625)",1,"(0.38295796513557434, 0.4989461600780487)","(-63.67706298828125, 156.80642700195312, 50.235836029052734)",1,4.1743927001953125,1,"(-36.983009338378906, -79.11384582519531, 607.4044189453125)",1
11030195980,11004077601,"(0.4060153365135193, 0.46074607968330383)","(-50.91938781738281, 167.978515625, 54.302181243896484)",1,3.8761749267578125,1,"(-95.27473449707031, -90.8923110961914, 602.92724609375)",1,"(0.3864920735359192, 0.4925668239593506)","(-61.72160339355469, 158.67213439941406, 50.9149284362793)",1,4.168609619140625,1,"(-37.09840393066406, -79.06007385253906, 607.7635498046875)",1
11030212022,11004093644,"(0.4081312417984009, 0.4616718888282776)","(-49.74863815307617, 167.70773315429688, 54.20360565185547)",1,3.8719329833984375,1,"(-95.27873229980469, -90.95664978027344, 603.2440795898438)",1,"(0.38666725158691406, 0.494736909866333)","(-61.62468719482422, 158.03750610351562, 50.683902740478516)",1,4.15936279296875,1,"(-37.07624053955078, -79.07805633544922, 608.009521484375)",1
11030228602,11004110224,"(0.4094184935092926, 0.4623923897743225)","(-49.03641891479492, 167.4970245361328, 54.12690353393555)",1,3.8606414794921875,1,"(-95.25162506103516, -90.99114990234375, 603.3609619140625)",1,"(0.3863879144191742, 0.4968745708465576)","(-61.77922821044922, 157.4123077392578, 50.45632553100586)",1,4.14678955078125,1,"(-37.01420974731445, -79.13518524169922, 608.1631469726562)",1
11030245900,11004127521,"(0.4039815664291382, 0.4466160237789154)","(-52.04465103149414, 172.1110076904297, 55.80622863769531)",1,3.811431884765625,1,"(-95.15193176269531, -91.11654663085938, 603.5697631835938)",1,"(0.3870067894458771, 0.5059954524040222)","(-61.43682098388672, 154.7447967529297, 49.4854621887207)",1,4.1165771484375,1,"(-36.901893615722656, -79.25337982177734, 608.3574829101562)",1
11030261942,11004143563,"(0.4048413336277008, 0.4564887285232544)","(-51.5689811706543, 169.2236328125, 54.75532150268555)",1,3.8167266845703125,1,"(-95.11295318603516, -91.358154296875, 604.2991333007812)",1,"(0.3806108832359314, 0.5008840560913086)","(-64.97563934326172, 156.23965454101562, 50.029579162597656)",1,4.0796051025390625,1,"(-36.76464080810547, -79.49543762207031, 608.97998046875)",1
11030278471,11004160092,"(0.40717172622680664, 0.4622962474822998)","(-50.27956771850586, 167.525146484375, 54.13713455200195)",1,3.8211517333984375,1,"(-95.10218048095703, -91.42754364013672, 604.5301513671875)",1,"(0.3786417841911316, 0.49943244457244873)","(-66.06519317626953, 156.66419982910156, 50.1840934753418)",1,4.06671142578125,1,"(-36.70281982421875, -79.64319610595703, 609.3145751953125)",1
11030295820,11004177441,"(0.40972083806991577, 0.45917096734046936)","(-48.86914825439453, 168.4391632080078, 54.4698371887207)",1,3.79241943359375,1,"(-95.02890014648438, -91.56367492675781, 604.7953491210938)",1,"(0.37773123383522034, 0.49680012464523315)","(-66.56898498535156, 157.4340362548828, 50.46427536010742)",1,4.0294189453125,1,"(-36.58772277832031, -79.82935333251953, 609.5252685546875)",1
11030311862,11004193483,"(0.40964362025260925, 0.4609277844429016)","(-48.911865234375, 167.92539978027344, 54.282772064208984)",1,3.752227783203125,1,"(-94.92538452148438, -91.6784896850586, 605.0911254882812)",1,"(0.37904730439186096, 0.5006096959114075)","(-65.84080505371094, 156.31991577148438, 50.05873489379883)",1,3.996063232421875,1,"(-36.45165252685547, -79.99357604980469, 609.7703247070312)",1
11030328437,11004210058,"(0.4089824855327606, 0.46542325615882874)","(-49.27766418457031, 166.6106414794922, 53.80419921875)",1,3.75164794921875,1,"(-94.8538589477539, -91.6907730102539, 605.0722045898438)",1,"(0.37942802906036377, 0.5018429756164551)","(-65.63013458251953, 155.95921325683594, 49.927467346191406)",1,3.97686767578125,1,"(-36.34568786621094, -80.03986358642578, 609.7356567382812)",1
11030345740,11004227361,"(0.40784111618995667, 0.46362122893333435)","(-49.90920639038086, 167.1376495361328, 53.996036529541016)",1,3.704345703125,1,"(-94.62548065185547, -91.67774963378906, 604.8549194335938)",1,"(0.3806193172931671, 0.49511444568634033)","(-64.97100067138672, 157.92706298828125, 50.643768310546875)",1,3.9376068115234375,1,"(-36.156253814697266, -80.07312774658203, 609.5316772460938)",1
11030361782,11004243403,"(0.4079191982746124, 0.46186694502830505)","(-49.865997314453125, 167.65069580078125, 54.18284225463867)",1,3.6661834716796875,1,"(-94.4007568359375, -91.63660430908203, 604.8267822265625)",1,"(0.37915512919425964, 0.5036529898643494)","(-65.7811279296875, 155.42987060546875, 49.7348518371582)",1,3.89898681640625,1,"(-35.95295333862305, -80.0389175415039, 609.4888916015625)",1
11030378403,11004260024,"(0.408241331577301, 0.4587835371494293)","(-49.68773651123047, 168.55247497558594, 54.51103591918945)",1,3.656005859375,1,"(-94.34639739990234, -91.63607025146484, 604.931884765625)",1,"(0.3784184157848358, 0.5032974481582642)","(-66.18875122070312, 155.53384399414062, 49.772674560546875)",1,3.875091552734375,1,"(-35.85651779174805, -80.0403060913086, 609.6375122070312)",1
11030395660,11004277281,"(0.4092278480529785, 0.4583144187927246)","(-49.141902923583984, 168.68968200683594, 54.56098937988281)",1,3.6159515380859375,1,"(-94.25579071044922, -91.6202392578125, 605.219482421875)",1,"(0.3767803907394409, 0.5024448037147522)","(-67.09510803222656, 155.7832489013672, 49.86341857910156)",1,3.83697509765625,1,"(-35.759830474853516, -80.02015686035156, 609.9057006835938)",1
11030411702,11004293323,"(0.40584108233451843, 0.4535019099712372)","(-51.015785217285156, 170.09713745117188, 55.07327651977539)",1,3.5588226318359375,1,"(-94.27996063232422, -91.63306427001953, 605.5704345703125)",1,"(0.3767167329788208, 0.49469155073165894)","(-67.13031005859375, 158.05076599121094, 50.68873596191406)",1,3.8003387451171875,1,"(-35.76555252075195, -80.02942657470703, 610.2451782226562)",1
11030428273,11004309894,"(0.40512242913246155, 0.44992801547050476)","(-51.413421630859375, 171.14234924316406, 55.453712463378906)",1,3.554656982421875,1,"(-94.31040954589844, -91.64564514160156, 605.6603393554688)",1,"(0.3778918981552124, 0.5022498965263367)","(-66.48011779785156, 155.84022521972656, 49.8841438293457)",1,3.7695465087890625,1,"(-35.82063674926758, -80.01171112060547, 610.3928833007812)",1
11030445580,11004327201,"(0.4088030457496643, 0.46063411235809326)","(-49.37691879272461, 168.01123046875, 54.314056396484375)",1,3.5441436767578125,1,"(-94.44864654541016, -91.6968994140625, 605.85400390625)",1,"(0.37983569502830505, 0.5088735818862915)","(-65.40460968017578, 153.903076171875, 49.17904281616211)",1,3.726806640625,1,"(-35.95859909057617, -79.99212646484375, 610.5777587890625)",1
11030461622,11004343243,"(0.40907707810401917, 0.45533066987991333)","(-49.225318908691406, 169.5623016357422, 54.87857437133789)",1,3.49871826171875,1,"(-94.64917755126953, -91.76260375976562, 606.0385131835938)",1,"(0.3799959421157837, 0.5068597793579102)","(-65.31592559814453, 154.49200439453125, 49.39344024658203)",1,3.6982269287109375,1,"(-36.163368225097656, -79.99463653564453, 610.740478515625)",1
11030478239,11004359860,"(0.4096257984638214, 0.4554133117198944)","(-48.92171859741211, 169.5381317138672, 54.86980056762695)",1,3.493072509765625,1,"(-94.72300720214844, -91.78578186035156, 606.1144409179688)",1,"(0.3798801004886627, 0.502894937992096)","(-65.3800048828125, 155.6515655517578, 49.81547927856445)",1,3.6716461181640625,1,"(-36.28911209106445, -79.99877166748047, 610.8589477539062)",1
11030495500,11004377120,"(0.4076363146305084, 0.45737722516059875)","(-50.02251052856445, 168.96377563476562, 54.66075134277344)",1,3.4575653076171875,1,"(-94.92351531982422, -91.85629272460938, 606.5033569335938)",1,"(0.3783027231693268, 0.5056940317153931)","(-66.25279235839844, 154.8329315185547, 49.51749801635742)",1,3.6403961181640625,1,"(-36.47049331665039, -80.00981903076172, 611.1939086914062)",1
11030511542,11004393162,"(0.4081907570362091, 0.45690420269966125)","(-49.71572494506836, 169.10211181640625, 54.71113204956055)",1,3.4268341064453125,1,"(-95.02427673339844, -91.85850524902344, 606.504150390625)",1,"(0.3778539001941681, 0.49809974431991577)","(-66.50111389160156, 157.05398559570312, 50.32590866088867)",1,3.6081390380859375,1,"(-36.60781478881836, -79.98231506347656, 611.2066040039062)",1
11030528109,11004409729,"(0.4078044891357422, 0.4609861671924591)","(-49.929447174072266, 167.9082794189453, 54.276588439941406)",1,3.4232177734375,1,"(-95.04077911376953, -91.84446716308594, 606.4335327148438)",1,"(0.3752707242965698, 0.4961850643157959)","(-67.93036651611328, 157.61395263671875, 50.52971649169922)",1,3.584228515625,1,"(-36.665401458740234, -79.93898010253906, 611.0993041992188)",1
11030545420,11004427040,"(0.40781229734420776, 0.4611671268939972)","(-49.92513656616211, 167.85536193847656, 54.25730895996094)",1,3.3944244384765625,1,"(-95.06834411621094, -91.78556060791016, 606.12255859375)",1,"(0.37760603427886963, 0.49977418780326843)","(-66.63824462890625, 156.56427001953125, 50.1476936340332)",1,3.5617218017578125,1,"(-36.76289749145508, -79.86026763916016, 610.84423828125)",1
11030561462,11004443082,"(0.40597084164619446, 0.449265718460083)","(-50.94401550292969, 171.33609008789062, 55.52416229248047)",1,3.349334716796875,1,"(-95.18909454345703, -91.78248596191406, 606.25341796875)",1,"(0.37875133752822876, 0.4965001344680786)","(-66.00457763671875, 157.52182006835938, 50.49623489379883)",1,3.521453857421875,1,"(-36.89183807373047, -79.8427734375, 610.9500732421875)",1
11030578075,11004459695,"(0.40521788597106934, 0.452299565076828)","(-51.360652923583984, 170.4488067626953, 55.20122528076172)",1,3.3249664306640625,1,"(-95.23851776123047, -91.7794418334961, 606.2955322265625)",1,"(0.378686785697937, 0.496419221162796)","(-66.040283203125, 157.5454559326172, 50.504844665527344)",1,3.5062103271484375,1,"(-36.977325439453125, -79.84053802490234, 611.01513671875)",1
11030595340,11004476960,"(0.40551719069480896, 0.4535611569881439)","(-51.19500732421875, 170.07981872558594, 55.06696319580078)",1,3.298614501953125,1,"(-95.38082122802734, -91.76390075683594, 606.4025268554688)",1,"(0.3830956816673279, 0.4969945251941681)","(-63.60080337524414, 157.377197265625, 50.44361877441406)",1,3.479736328125,1,"(-37.120723724365234, -79.85088348388672, 611.1436767578125)",1
11030611382,11004493002,"(0.4761301577091217, 0.4230406582355499)","(-12.12483024597168, 179.00587463378906, 58.315765380859375)",1,3.3145294189453125,1,"(-95.38108825683594, -91.78850555419922, 607.482666015625)",1,"(0.4362237751483917, 0.47509628534317017)","(-34.205047607421875, 163.78160095214844, 52.774593353271484)",1,3.472015380859375,1,"(-37.10435104370117, -79.92398834228516, 612.0095825195312)",1
11030627943,11004509563,"(0.525511622428894, 0.40112972259521484)","(15.197943687438965, 185.41400146484375, 60.64812088012695)",1,3.306671142578125,1,"(-95.19315338134766, -91.70252990722656, 607.3843383789062)",1,"(0.4988690912723541, 0.44194304943084717)","(0.4566147029399872, 173.47767639160156, 56.30366516113281)",1,3.4404296875,1,"(-36.90592575073242, -79.83992767333984, 611.8621215820312)",1
11030645260,11004526879,"(0.6006642580032349, 0.37712281942367554)","(56.779869079589844, 192.43511962890625, 63.20359420776367)",1,3.270172119140625,1,"(-94.68059539794922, -91.36376190185547, 606.2181396484375)",1,"(0.5587164759635925, 0.42307737469673157)","(33.57020950317383, 178.9951171875, 58.311893463134766)",1,3.4127655029296875,1,"(-36.61736297607422, -79.66519165039062, 610.7418212890625)",1
11030661302,11004542922,"(0.598567008972168, 0.3783183991909027)","(55.6195068359375, 192.08544921875, 63.07634735107422)",1,3.2425537109375,1,"(-94.52550506591797, -91.16244506835938, 605.4262084960938)",1,"(0.5523667335510254, 0.4531169831752777)","(30.05685043334961, 170.20974731445312, 55.114234924316406)",1,3.3889312744140625,1,"(-36.4935188293457, -79.47625732421875, 610.0784301757812)",1
11030677909,11004559529,"(0.5981451272964478, 0.3860739767551422)","(55.386085510253906, 189.8172607421875, 62.25080108642578)",1,3.249420166015625,1,"(-94.48796081542969, -91.10839080810547, 605.322265625)",1,"(0.5503118634223938, 0.44654580950737)","(28.919904708862305, 172.13153076171875, 55.81372833251953)",1,3.3640289306640625,1,"(-36.43711471557617, -79.43696594238281, 609.9382934570312)",1
11030695180,11004576800,"(0.5992051362991333, 0.3754122853279114)","(55.97256851196289, 192.93539428710938, 63.385711669921875)",1,3.20672607421875,1,"(-94.33365631103516, -90.9380111694336, 604.6812744140625)",1,"(0.5544039607048035, 0.4486205279827118)","(31.184066772460938, 171.52476501464844, 55.59285354614258)",1,3.3519744873046875,1,"(-36.35669708251953, -79.3359603881836, 609.3470458984375)",1
11030711222,11004592842,"(0.6008292436599731, 0.37491559982299805)","(56.871185302734375, 193.0806427001953, 63.43857192993164)",1,3.177398681640625,1,"(-94.22586822509766, -90.77367401123047, 604.097900390625)",1,"(0.5545093417167664, 0.44649556279182434)","(31.242341995239258, 172.146240234375, 55.81905746459961)",1,3.344512939453125,1,"(-36.291072845458984, -79.24887084960938, 608.7977905273438)",1
11030727875,11004609495,"(0.6022247076034546, 0.38111209869384766)","(57.64331817626953, 191.26841735839844, 62.77896499633789)",1,3.1642608642578125,1,"(-94.1935806274414, -90.70411682128906, 603.8372192382812)",1,"(0.5533531904220581, 0.4450598359107971)","(30.602645874023438, 172.5661163330078, 55.9719123840332)",1,3.3316802978515625,1,"(-36.27293395996094, -79.19442749023438, 608.4203491210938)",1
11030745100,11004626720,"(0.6007879972457886, 0.37752804160118103)","(56.848350524902344, 192.31655883789062, 63.16048812866211)",1,3.1461029052734375,1,"(-94.16268920898438, -90.5871353149414, 603.2536010742188)",1,"(0.5530192255973816, 0.44571200013160706)","(30.417898178100586, 172.3754119873047, 55.90248107910156)",1,3.309417724609375,1,"(-36.288536071777344, -79.13473510742188, 607.9080200195312)",1
11030761142,11004642762,"(0.600854754447937, 0.3768868148326874)","(56.885311126708984, 192.504150390625, 63.22873306274414)",1,3.139923095703125,1,"(-94.16598510742188, -90.44750213623047, 602.625732421875)",1,"(0.5541677474975586, 0.4445541203022003)","(31.053369522094727, 172.7140350341797, 56.025733947753906)",1,3.2861785888671875,1,"(-36.33235549926758, -79.07433319091797, 607.3233032226562)",1
11030777745,11004659365,"(0.6013086438179016, 0.3780268132686615)","(57.13642883300781, 192.17074584960938, 63.10736083984375)",1,3.1243438720703125,1,"(-94.16729736328125, -90.40038299560547, 602.3910522460938)",1,"(0.5524652004241943, 0.44657930731773376)","(30.11132049560547, 172.12176513671875, 55.810176849365234)",1,3.2712860107421875,1,"(-36.358055114746094, -79.03966522216797, 606.9956665039062)",1
11030795020,11004676639,"(0.5980838537216187, 0.3827272057533264)","(55.35218811035156, 190.79605102539062, 62.607059478759766)",1,3.0993194580078125,1,"(-94.16155242919922, -90.26939392089844, 601.9431762695312)",1,"(0.5540675520896912, 0.44417518377304077)","(30.997940063476562, 172.8248291015625, 56.06605529785156)",1,3.2598419189453125,1,"(-36.3825798034668, -79.02935791015625, 606.63037109375)",1
11030811062,11004692681,"(0.5998023152351379, 0.37725692987442017)","(56.3029899597168, 192.39588928222656, 63.189334869384766)",1,3.08001708984375,1,"(-94.18028259277344, -90.2099609375, 601.9186401367188)",1,"(0.5577811598777771, 0.4330066442489624)","(33.052696228027344, 176.0912322998047, 57.25495529174805)",1,3.242034912109375,1,"(-36.39401626586914, -79.10386657714844, 606.6044311523438)",1
11030827711,11004709330,"(0.5997103452682495, 0.3763628900051117)","(56.25212860107422, 192.65736389160156, 63.284515380859375)",1,3.0676727294921875,1,"(-94.17041015625, -90.18046569824219, 601.8748168945312)",1,"(0.5568575263023376, 0.4258846640586853)","(32.5416145324707, 178.1741180419922, 58.01306915283203)",1,3.2410888671875,1,"(-36.366668701171875, -79.1509017944336, 606.546630859375)",1
11030844940,11004726559,"(0.5977686047554016, 0.381034255027771)","(55.177738189697266, 191.2911376953125, 62.787254333496094)",1,3.050750732421875,1,"(-94.14200592041016, -90.10124206542969, 601.806884765625)",1,"(0.557353675365448, 0.4281853437423706)","(32.81611251831055, 177.50128173828125, 57.768184661865234)",1,3.2312774658203125,1,"(-36.314964294433594, -79.23979187011719, 606.46533203125)",1
11030860982,11004742601,"(0.5970233678817749, 0.3864276111125946)","(54.765380859375, 189.71380615234375, 62.2131462097168)",1,3.0496063232421875,1,"(-94.07762908935547, -89.99946594238281, 601.4656982421875)",1,"(0.5570399761199951, 0.4304840564727783)","(32.6425666809082, 176.8289794921875, 57.523475646972656)",1,3.215850830078125,1,"(-36.23358154296875, -79.34208679199219, 606.168701171875)",1
11030877580,11004759199,"(0.5984923839569092, 0.3848855495452881)","(55.57817840576172, 190.16482543945312, 62.377288818359375)",1,3.033294677734375,1,"(-94.05890655517578, -89.96458435058594, 601.3258666992188)",1,"(0.5534971952438354, 0.43346840143203735)","(30.68238639831543, 175.95616149902344, 57.20579528808594)",1,3.2009429931640625,1,"(-36.19083023071289, -79.41954040527344, 605.9735107421875)",1
11030894860,11004776479,"(0.5966532826423645, 0.3831564486026764)","(54.56065368652344, 190.6704864501953, 62.56138229370117)",1,3.03240966796875,1,"(-94.02583312988281, -89.90638732910156, 600.972412109375)",1,"(0.551123857498169, 0.43100813031196594)","(29.369159698486328, 176.6757049560547, 57.467655181884766)",1,3.2015533447265625,1,"(-36.1255989074707, -79.58922576904297, 605.681640625)",1
11030910902,11004792521,"(0.5968762636184692, 0.38180217146873474)","(54.68401336669922, 191.0665740966797, 62.70549392700195)",1,3.0280303955078125,1,"(-94.0171890258789, -89.90152740478516, 600.7808227539062)",1,"(0.5523990392684937, 0.43514153361320496)","(30.074771881103516, 175.46685791015625, 57.02768325805664)",1,3.196075439453125,1,"(-36.08235168457031, -79.78604125976562, 605.5337524414062)",1
11030927546,11004809165,"(0.5966237783432007, 0.3849600851535797)","(54.544342041015625, 190.14297485351562, 62.369354248046875)",1,3.0235595703125,1,"(-94.00172424316406, -89.8953628540039, 600.7075805664062)",1,"(0.5521146059036255, 0.4329952895641327)","(29.917400360107422, 176.0945587158203, 57.25612258911133)",1,3.18658447265625,1,"(-36.04193878173828, -79.90718841552734, 605.443115234375)",1
11030944780,11004826399,"(0.5984756350517273, 0.38021817803382874)","(55.56894302368164, 191.52981567382812, 62.87416458129883)",1,3.0097808837890625,1,"(-93.9428482055664, -89.86967468261719, 600.6072387695312)",1,"(0.5519365072250366, 0.4432390034198761)","(29.818832397460938, 173.09866333007812, 56.165740966796875)",1,3.1844482421875,1,"(-35.93752670288086, -80.0479965209961, 605.3834228515625)",1
11030960822,11004842440,"(0.6374700665473938, 0.38301709294319153)","(77.14456939697266, 190.7112579345703, 62.576141357421875)",1,3.001220703125,1,"(-93.6667709350586, -89.79422760009766, 600.6512451171875)",1,"(0.588908851146698, 0.42988643050193787)","(50.27560806274414, 177.0037841796875, 57.587074279785156)",1,3.1868438720703125,1,"(-35.702598571777344, -80.20335388183594, 605.3914794921875)",1
11030977416,11004859034,"(0.6497902870178223, 0.38139477372169495)","(83.96133422851562, 191.1857452392578, 62.74884796142578)",1,3.0023193359375,1,"(-93.62616729736328, -89.82080078125, 601.0188598632812)",1,"(0.6047301292419434, 0.4241679608821869)","(59.02959442138672, 178.67620849609375, 58.1957893371582)",1,3.1720733642578125,1,"(-35.57215118408203, -80.33356475830078, 605.9178466796875)",1
11030994700,11004876318,"(0.6475351452827454, 0.3711421489715576)","(82.71354675292969, 194.18423461914062, 63.84024429321289)",1,3.0090484619140625,1,"(-93.49395751953125, -89.8402099609375, 601.177734375)",1,"(0.6044090390205383, 0.41684913635253906)","(58.85186767578125, 180.8166961669922, 58.974853515625)",1,3.1710662841796875,1,"(-35.38801193237305, -80.4554214477539, 606.0038452148438)",1
11031010742,11004892360,"(0.6474964618682861, 0.37977099418640137)","(82.692138671875, 191.66064453125, 62.92170715332031)",1,3.0146942138671875,1,"(-93.2372817993164, -89.74759674072266, 600.5119018554688)",1,"(0.6031640768051147, 0.42045366764068604)","(58.16300582885742, 179.7624969482422, 58.591156005859375)",1,3.173126220703125,1,"(-35.18937301635742, -80.46339416503906, 605.3571166992188)",1
11031027382,11004909000,"(0.6480992436408997, 0.37924864888191223)","(83.02568817138672, 191.8134002685547, 62.97730255126953)",1,3.013916015625,1,"(-93.17277526855469, -89.75403594970703, 600.3546752929688)",1,"(0.6032614707946777, 0.42212507128715515)","(58.216922760009766, 179.27366638183594, 58.41325759887695)",1,3.17950439453125,1,"(-35.11342239379883, -80.48534393310547, 605.1434936523438)",1
11031044620,11004926238,"(0.6476788520812988, 0.37673220038414)","(82.79308319091797, 192.5493621826172, 63.245208740234375)",1,2.9999237060546875,1,"(-93.06830596923828, -89.78193664550781, 599.9561767578125)",1,"(0.6037502288818359, 0.42351046204566956)","(58.48734664916992, 178.86849975585938, 58.265804290771484)",1,3.1813812255859375,1,"(-35.04611587524414, -80.53054809570312, 604.7783813476562)",1
11031060662,11004942280,"(0.645267128944397, 0.3838803768157959)","(81.45869445800781, 190.45880126953125, 62.48430252075195)",1,2.9953765869140625,1,"(-92.99689483642578, -89.80583190917969, 599.3795776367188)",1,"(0.6035643815994263, 0.4264780580997467)","(58.384517669677734, 178.0006103515625, 57.949893951416016)",1,3.190643310546875,1,"(-35.035301208496094, -80.56085968017578, 604.2606201171875)",1
11031077348,11004958966,"(0.6464337706565857, 0.38245803117752075)","(82.10417175292969, 190.87477111816406, 62.635684967041016)",1,3.00408935546875,1,"(-92.98802185058594, -89.82099914550781, 599.1784057617188)",1,"(0.6012868881225586, 0.42390143871307373)","(57.12440872192383, 178.75416564941406, 58.224151611328125)",1,3.20477294921875,1,"(-35.03887939453125, -80.5757827758789, 603.98291015625)",1
11031094540,11004976159,"(0.6523337960243225, 0.3718280792236328)","(85.36866760253906, 193.98361206054688, 63.767250061035156)",1,3.0175018310546875,1,"(-92.98897552490234, -89.87942504882812, 598.6882934570312)",1,"(0.6020439267158508, 0.42583972215652466)","(57.54324722290039, 178.1873016357422, 58.017799377441406)",1,3.204803466796875,1,"(-35.068084716796875, -80.58907318115234, 603.5485229492188)",1
11031110582,11004992200,"(0.6467005610466003, 0.381734699010849)","(82.25177001953125, 191.0863037109375, 62.712711334228516)",1,3.03240966796875,1,"(-92.91378784179688, -89.85065460205078, 598.0307006835938)",1,"(0.6027060151100159, 0.4266122281551361)","(57.909629821777344, 177.9613800048828, 57.935577392578125)",1,3.20660400390625,1,"(-35.082603454589844, -80.55577850341797, 602.932861328125)",1
11031127218,11005008836,"(0.6494494676589966, 0.3840487003326416)","(83.7728042602539, 190.4095458984375, 62.46638107299805)",1,3.0242919921875,1,"(-92.89527130126953, -89.85162353515625, 597.8773803710938)",1,"(0.6029838919639587, 0.424602746963501)","(58.06340026855469, 178.54905700683594, 58.14946746826172)",1,3.201690673828125,1,"(-35.08637619018555, -80.54981994628906, 602.7127075195312)",1
11031144460,11005026078,"(0.6528751850128174, 0.37860652804374695)","(85.66822052001953, 192.00119018554688, 63.04569625854492)",1,3.04522705078125,1,"(-92.88858795166016, -89.89380645751953, 597.7706298828125)",1,"(0.6024442315101624, 0.42525652050971985)","(57.76473617553711, 178.35784912109375, 58.07988357543945)",1,3.2142181396484375,1,"(-35.094058990478516, -80.56934356689453, 602.6162109375)",1
11031160502,11005042120,"(0.650003969669342, 0.37811726331710815)","(84.07955169677734, 192.144287109375, 63.0977668762207)",1,3.0578460693359375,1,"(-92.8712387084961, -89.89722442626953, 597.649658203125)",1,"(0.6043664813041687, 0.42448922991752625)","(58.828365325927734, 178.58226013183594, 58.16154479980469)",1,3.2266693115234375,1,"(-35.10504913330078, -80.59085845947266, 602.503662109375)",1
11031177184,11005058802,"(0.6468589305877686, 0.37750744819641113)","(82.33940887451172, 192.32260131835938, 63.16267013549805)",1,3.0428009033203125,1,"(-92.87226104736328, -89.89322662353516, 597.5972900390625)",1,"(0.6027641892433167, 0.4263112545013428)","(57.94178771972656, 178.0493621826172, 57.967628479003906)",1,3.2406768798828125,1,"(-35.111934661865234, -80.60577392578125, 602.4264526367188)",1
11031194380,11005075998,"(0.6453613638877869, 0.3766862452030182)","(81.51084899902344, 192.56280517578125, 63.25008773803711)",1,3.0555419921875,1,"(-92.86511993408203, -89.84817504882812, 597.2931518554688)",1,"(0.6008161306381226, 0.43046489357948303)","(56.8638801574707, 176.83460998535156, 57.525482177734375)",1,3.2457733154296875,1,"(-35.1319580078125, -80.61917877197266, 602.1380004882812)",1
11031210422,11005092040,"(0.646440327167511, 0.3827441334724426)","(82.10783386230469, 190.7910919189453, 62.605224609375)",1,3.073638916015625,1,"(-92.88418579101562, -89.76626586914062, 597.0123291015625)",1,"(0.6013538837432861, 0.42796608805656433)","(57.16143035888672, 177.5653839111328, 57.791500091552734)",1,3.2725830078125,1,"(-35.162498474121094, -80.6929702758789, 601.8557739257812)",1
11031227052,11005108670,"(0.6472877860069275, 0.3843427896499634)","(82.57670593261719, 190.3235626220703, 62.43505859375)",1,3.0853271484375,1,"(-92.88544464111328, -89.7406997680664, 596.9210205078125)",1,"(0.6036983728408813, 0.42745736241340637)","(58.4586181640625, 177.71417236328125, 57.84563446044922)",1,3.275360107421875,1,"(-35.1749382019043, -80.7591323852539, 601.732666015625)",1
11031244300,11005125918,"(0.6465552449226379, 0.38960424065589905)","(82.17139434814453, 188.78477478027344, 61.8749885559082)",1,3.0873565673828125,1,"(-92.89269256591797, -89.70211029052734, 596.9468994140625)",1,"(0.6013492941856384, 0.4360104501247406)","(57.158912658691406, 175.2127227783203, 56.93519592285156)",1,3.2800445556640625,1,"(-35.15076446533203, -80.93841552734375, 601.7817993164062)",1
11031260342,11005141959,"(0.6440547108650208, 0.38868364691734314)","(80.7878189086914, 189.0540008544922, 61.9730110168457)",1,3.1077880859375,1,"(-92.81770324707031, -89.70685577392578, 597.0859375)",1,"(0.6037579774856567, 0.42752036452293396)","(58.49167251586914, 177.69573974609375, 57.83894729614258)",1,3.293670654296875,1,"(-35.05970764160156, -81.24811553955078, 601.9090576171875)",1
11031277018,11005158635,"(0.6313781142234802, 0.38367968797683716)","(73.77388763427734, 190.5174560546875, 62.505672454833984)",1,3.106201171875,1,"(-92.81394958496094, -89.70002746582031, 597.2222900390625)",1,"(0.5936722755432129, 0.42169591784477234)","(52.91124725341797, 179.39915466308594, 58.45895767211914)",1,3.3154754638671875,1,"(-35.02421188354492, -81.43033599853516, 602.0969848632812)",1
11031294220,11005175837,"(0.5406581163406372, 0.32181933522224426)","(23.57846450805664, 208.6092529296875, 69.09054565429688)",1,3.1431732177734375,1,"(-92.85725402832031, -89.51483917236328, 596.9255981445312)",1,"(0.5228976011276245, 0.35231053829193115)","(13.751608848571777, 199.69174194335938, 65.84476470947266)",1,3.3569793701171875,1,"(-35.12179183959961, -81.59105682373047, 601.7446899414062)",1
11031310262,11005191879,"(0.4459449350833893, 0.21867263317108154)","(-28.82631492614746, 238.77572631835938, 80.07025146484375)",1,3.15093994140625,1,"(-92.87305450439453, -89.34707641601562, 596.2918701171875)",1,"(0.44279566407203674, 0.26768606901168823)","(-30.568822860717773, 224.44117736816406, 74.85289001464844)",1,3.3845672607421875,1,"(-35.31071090698242, -81.7557373046875, 601.1527099609375)",1
11031326984,11005208601,"(0.4338338375091553, 0.20942649245262146)","(-35.527400970458984, 241.47987365722656, 81.05447387695312)",1,3.156036376953125,1,"(-92.86096954345703, -89.36993408203125, 596.3092651367188)",1,"(0.4214138090610504, 0.2504383325576782)","(-42.39938735961914, 229.48548889160156, 76.68885803222656)",1,3.3949432373046875,1,"(-35.28765869140625, -81.96566772460938, 601.2056274414062)",1
11031344140,11005225757,"(0.43121325969696045, 0.2100811004638672)","(-36.977378845214844, 241.28842163085938, 80.98478698730469)",1,3.16632080078125,1,"(-92.86602783203125, -89.55516052246094, 596.9564819335938)",1,"(0.4163490831851959, 0.2478731870651245)","(-45.201725006103516, 230.23570251464844, 76.96187591552734)",1,3.4112091064453125,1,"(-35.18647003173828, -82.39234161376953, 601.869140625)",1
11031360182,11005241799,"(0.43093419075012207, 0.21390368044376373)","(-37.131778717041016, 240.17047119140625, 80.57786560058594)",1,3.1814422607421875,1,"(-92.95175170898438, -89.75736236572266, 597.579833984375)",1,"(0.41129305958747864, 0.24561332166194916)","(-47.99922561645508, 230.89662170410156, 77.20243072509766)",1,3.427093505859375,1,"(-35.14957809448242, -82.88422393798828, 602.5947265625)",1
11031376854,11005258471,"(0.43090394139289856, 0.21018876135349274)","(-37.14849853515625, 241.25694274902344, 80.97332000732422)",1,3.1937408447265625,1,"(-92.99252319335938, -89.8247299194336, 597.7122192382812)",1,"(0.41147303581237793, 0.24463950097560883)","(-47.89965057373047, 231.1814422607422, 77.30610656738281)",1,3.436309814453125,1,"(-35.16594696044922, -83.13751220703125, 602.8257446289062)",1
11031394060,11005275677,"(0.43092066049575806, 0.21175603568553925)","(-37.1392707824707, 240.79859924316406, 80.80644226074219)",1,3.2097625732421875,1,"(-93.10721588134766, -89.97904968261719, 597.9346313476562)",1,"(0.4139338433742523, 0.24708062410354614)","(-46.538082122802734, 230.46749877929688, 77.0462646484375)",1,3.443389892578125,1,"(-35.23261642456055, -83.49267578125, 603.0593872070312)",1
11031410102,11005291718,"(0.4289259910583496, 0.21324607729911804)","(-38.24292755126953, 240.36280822753906, 80.64785766601562)",1,3.2166748046875,1,"(-93.22984313964844, -90.16143035888672, 598.0823364257812)",1,"(0.4130328595638275, 0.251185804605484)","(-47.036590576171875, 229.2668914794922, 76.6092300415039)",1,3.4530181884765625,1,"(-35.316551208496094, -83.86737823486328, 603.233154296875)",1
11031426723,11005308339,"(0.4288792312145233, 0.21433302760124207)","(-38.268775939941406, 240.04490661621094, 80.53213500976562)",1,3.214752197265625,1,"(-93.2770767211914, -90.23350524902344, 598.1393432617188)",1,"(0.4134087562561035, 0.2533852458000183)","(-46.8286247253418, 228.62364196777344, 76.3750991821289)",1,3.458892822265625,1,"(-35.36790084838867, -84.08208465576172, 603.3480224609375)",1
11031443980,11005325597,"(0.42993611097335815, 0.21413981914520264)","(-37.68401336669922, 240.10137939453125, 80.55274963378906)",1,3.2222747802734375,1,"(-93.40763854980469, -90.42705535888672, 598.3060913085938)",1,"(0.4120704233646393, 0.25161874294281006)","(-47.569091796875, 229.14027404785156, 76.56314086914062)",1,3.475433349609375,1,"(-35.449745178222656, -84.43402099609375, 603.533935546875)",1
11031460022,11005341638,"(0.4296927750110626, 0.21641914546489716)","(-37.818641662597656, 239.43475341796875, 80.31014251708984)",1,3.23291015625,1,"(-93.53180694580078, -90.59920501708984, 598.2879638671875)",1,"(0.41030019521713257, 0.2566467225551605)","(-48.5485725402832, 227.66976928710938, 76.02796936035156)",1,3.483612060546875,1,"(-35.547061920166016, -84.76028442382812, 603.5796508789062)",1
11031476689,11005358305,"(0.4295681118965149, 0.2170516699552536)","(-37.88764190673828, 239.2498016357422, 80.24281311035156)",1,3.24041748046875,1,"(-93.57784271240234, -90.6556167602539, 598.236572265625)",1,"(0.4084308445453644, 0.2597060799598694)","(-49.58289337158203, 226.77505493164062, 75.70233154296875)",1,3.4860687255859375,1,"(-35.60765838623047, -84.93621826171875, 603.529052734375)",1
11031493900,11005375516,"(0.42958542704582214, 0.21584723889827728)","(-37.87803649902344, 239.60205078125, 80.3709945678711)",1,3.2436065673828125,1,"(-93.70286560058594, -90.80023956298828, 597.9849243164062)",1,"(0.40957242250442505, 0.26183414459228516)","(-48.951229095458984, 226.1526641845703, 75.47579956054688)",1,3.4982452392578125,1,"(-35.74540710449219, -85.21561431884766, 603.3511352539062)",1
11031509942,11005391558,"(0.4283681809902191, 0.21673235297203064)","(-38.55152130126953, 239.3431854248047, 80.2767333984375)",1,3.249237060546875,1,"(-93.91034698486328, -90.99769592285156, 597.845703125)",1,"(0.4131530523300171, 0.2656935155391693)","(-46.97007751464844, 225.02394104003906, 75.06498718261719)",1,3.5146026611328125,1,"(-35.95738220214844, -85.54568481445312, 603.2645874023438)",1
11031526655,11005408271,"(0.4273225963115692, 0.21821072697639465)","(-39.13005828857422, 238.91082763671875, 80.11936950683594)",1,3.2592620849609375,1,"(-94.0004653930664, -91.07950592041016, 597.8099365234375)",1,"(0.41298195719718933, 0.2631646990776062)","(-47.06477355957031, 225.76353454589844, 75.33415985107422)",1,3.52783203125,1,"(-36.094512939453125, -85.76708221435547, 603.2369384765625)",1
11031543820,11005425437,"(0.42794060707092285, 0.21937096118927002)","(-38.78813552856445, 238.5714874267578, 79.99592590332031)",1,3.262542724609375,1,"(-94.26109313964844, -91.29070281982422, 597.8905029296875)",1,"(0.4149991571903229, 0.2815712094306946)","(-45.948646545410156, 220.38031005859375, 73.37481689453125)",1,3.534698486328125,1,"(-36.315155029296875, -86.0937728881836, 603.3638305664062)",1
11031559862,11005441478,"(0.42678698897361755, 0.2212805598974228)","(-39.426448822021484, 238.01304626464844, 79.79263305664062)",1,3.2736053466796875,1,"(-94.53888702392578, -91.50286102294922, 598.3004150390625)",1,"(0.415544718503952, 0.2680153250694275)","(-45.64677429199219, 224.3448944091797, 74.81781768798828)",1,3.5489501953125,1,"(-36.52532196044922, -86.57723236083984, 603.7385864257812)",1
11031576525,11005458141,"(0.42198267579078674, 0.2313505858182907)","(-42.08466720581055, 235.0679473876953, 78.72069549560547)",1,3.261932373046875,1,"(-94.62060546875, -91.5717544555664, 598.4227294921875)",1,"(0.41196349263191223, 0.2800949215888977)","(-47.62825012207031, 220.8120880126953, 73.5319595336914)",1,3.549957275390625,1,"(-36.65940856933594, -86.90483856201172, 603.9300537109375)",1
11031593740,11005475356,"(0.3813135325908661, 0.37011051177978516)","(-64.5869140625, 194.48594665527344, 63.9500846862793)",1,3.2682037353515625,1,"(-94.79248046875, -91.76837921142578, 598.344970703125)",1,"(0.36563950777053833, 0.40976494550704956)","(-73.25934600830078, 182.88858032226562, 59.728904724121094)",1,3.544921875,1,"(-36.84225845336914, -87.45455169677734, 603.8834838867188)",1
11031609782,11005491398,"(0.37046146392822266, 0.42535072565078735)","(-70.5913314819336, 178.33030700683594, 58.06986999511719)",1,3.2690582275390625,1,"(-94.76838684082031, -91.855712890625, 598.4208374023438)",1,"(0.3624368906021118, 0.46878954768180847)","(-75.0313720703125, 165.62608337402344, 53.445960998535156)",1,3.5400390625,1,"(-36.80186462402344, -87.9557113647461, 603.8640747070312)",1
11031626491,11005508107,"(0.370918869972229, 0.4212302565574646)","(-70.33827209472656, 179.53538513183594, 58.50849151611328)",1,3.244476318359375,1,"(-94.7434310913086, -91.87537384033203, 598.6409301757812)",1,"(0.3658817708492279, 0.46639567613601685)","(-73.12530517578125, 166.32620239257812, 53.70075988769531)",1,3.541473388671875,1,"(-36.70051574707031, -88.26024627685547, 604.2005004882812)",1
11031643660,11005525276,"(0.36944612860679626, 0.41508880257606506)","(-71.15312194824219, 181.33152770996094, 59.162235260009766)",1,3.244171142578125,1,"(-94.62189483642578, -91.91857147216797, 599.2180786132812)",1,"(0.35763680934906006, 0.46726736426353455)","(-77.68722534179688, 166.07127380371094, 53.60798645019531)",1,3.532135009765625,1,"(-36.49424362182617, -88.74860382080078, 604.7752075195312)",1
11031659702,11005541318,"(0.3697640001773834, 0.4221414029598236)","(-70.97726440429688, 179.26890563964844, 58.411537170410156)",1,3.26336669921875,1,"(-94.46977996826172, -91.94746398925781, 599.85888671875)",1,"(0.3580232560634613, 0.46865007281303406)","(-77.47342681884766, 165.66690063476562, 53.4608039855957)",1,3.5292510986328125,1,"(-36.26749038696289, -89.25187683105469, 605.4335327148438)",1
11031676457,11005558073,"(0.36895015835762024, 0.42777642607688904)","(-71.42752838134766, 177.62083435058594, 57.811702728271484)",1,3.2638702392578125,1,"(-94.42088317871094, -91.96832275390625, 600.1388549804688)",1,"(0.3595472276210785, 0.4720124900341034)","(-76.63018035888672, 164.68350219726562, 53.10285568237305)",1,3.5352630615234375,1,"(-36.148502349853516, -89.54185485839844, 605.8729248046875)",1
11031693571,11005575187,"(0.3665747344493866, 0.42178696393966675)","(-72.74187469482422, 179.37255859375, 58.449195861816406)",1,3.24798583984375,1,"(-94.29224395751953, -92.05599212646484, 600.8402709960938)",1,"(0.3587459325790405, 0.46764931082725525)","(-77.07354736328125, 165.95957946777344, 53.567291259765625)",1,3.537200927734375,1,"(-35.95889663696289, -89.98454284667969, 606.53955078125)",1
11031709613,11005591228,"(0.36902087926864624, 0.4222675859928131)","(-71.38843536376953, 179.2320098876953, 58.39801788330078)",1,3.24615478515625,1,"(-94.12008666992188, -92.1272964477539, 601.230224609375)",1,"(0.3590669333934784, 0.46632125973701477)","(-76.89595794677734, 166.3479766845703, 53.70869064331055)",1,3.5350799560546875,1,"(-35.752960205078125, -90.37054443359375, 606.9743041992188)",1
11031726317,11005607932,"(0.3686835765838623, 0.4197286069393158)","(-71.57505798339844, 179.9745635986328, 58.668304443359375)",1,3.2447662353515625,1,"(-94.06159210205078, -92.1751937866211, 601.3870239257812)",1,"(0.3582864999771118, 0.4674863815307617)","(-77.3277816772461, 166.00723266601562, 53.58463668823242)",1,3.527679443359375,1,"(-35.6424446105957, -90.58064270019531, 607.2417602539062)",1
11031743491,11005625106,"(0.3660922050476074, 0.4119087755680084)","(-73.00888061523438, 182.26156616210938, 59.50074005126953)",1,3.24713134765625,1,"(-93.92723083496094, -92.32750701904297, 601.9142456054688)",1,"(0.35590165853500366, 0.4645662307739258)","(-78.64729309082031, 166.8612518310547, 53.89550018310547)",1,3.5146484375,1,"(-35.46953582763672, -90.88774108886719, 607.766845703125)",1
11031759533,11005641148,"(0.3685189485549927, 0.4207680821418762)","(-71.66618347167969, 179.67054748535156, 58.55772018432617)",1,3.247161865234375,1,"(-93.79370880126953, -92.45336151123047, 602.2890625)",1,"(0.35512402653694153, 0.4704490005970001)","(-79.07752227783203, 165.1407470703125, 53.26930236816406)",1,3.4998016357421875,1,"(-35.304656982421875, -91.15301513671875, 608.1791381835938)",1
11031776283,11005657898,"(0.3695994019508362, 0.41992703080177307)","(-71.06832122802734, 179.91647338867188, 58.64723587036133)",1,3.2501373291015625,1,"(-93.7597885131836, -92.51688385009766, 602.4310302734375)",1,"(0.35547709465026855, 0.47080522775650024)","(-78.8821792602539, 165.0365753173828, 53.23140335083008)",1,3.501983642578125,1,"(-35.236412048339844, -91.29923248291016, 608.4127197265625)",1
11031793411,11005675026,"(0.3684138059616089, 0.4101924002170563)","(-71.72431945800781, 182.7635040283203, 59.6834831237793)",1,3.2419891357421875,1,"(-93.71258544921875, -92.66551208496094, 602.7498168945312)",1,"(0.35575205087661743, 0.4703715741634369)","(-78.73007202148438, 165.16342163085938, 53.27755355834961)",1,3.5015411376953125,1,"(-35.16564178466797, -91.51704406738281, 608.7390747070312)",1
11031809453,11005691068,"(0.36780846118927, 0.4172208607196808)","(-72.05925750732422, 180.7079620361328, 58.935279846191406)",1,3.248687744140625,1,"(-93.76647186279297, -92.79056549072266, 603.2132568359375)",1,"(0.35680505633354187, 0.46880343556404114)","(-78.14743041992188, 165.6220245361328, 53.444488525390625)",1,3.491790771484375,1,"(-35.16569519042969, -91.73968505859375, 609.1954345703125)",1
11031826249,11005707864,"(0.36889201402664185, 0.41988223791122437)","(-71.45972442626953, 179.9296417236328, 58.652000427246094)",1,3.2493896484375,1,"(-93.8093490600586, -92.83861541748047, 603.4266357421875)",1,"(0.3572867214679718, 0.46865174174308777)","(-77.88093566894531, 165.6663818359375, 53.46061325073242)",1,3.4820556640625,1,"(-35.19843673706055, -91.86119079589844, 609.5243530273438)",1
11031843331,11005724946,"(0.36865684390068054, 0.41768574714660645)","(-71.5898208618164, 180.57200622558594, 58.885841369628906)",1,3.2514801025390625,1,"(-93.93516540527344, -92.95054626464844, 603.9887084960938)",1,"(0.35673242807388306, 0.4664873778820038)","(-78.18762969970703, 166.29940795898438, 53.69098663330078)",1,3.4743194580078125,1,"(-35.26013946533203, -92.04550170898438, 610.0460205078125)",1
11031859373,11005740988,"(0.3663869798183441, 0.4110774099826813)","(-72.84571838378906, 182.5046844482422, 59.5892333984375)",1,3.2516326904296875,1,"(-94.00604248046875, -92.99264526367188, 604.3238525390625)",1,"(0.3563261032104492, 0.45375582575798035)","(-78.41244506835938, 170.02293395996094, 55.04616928100586)",1,3.4691162109375,1,"(-35.296165466308594, -92.21379089355469, 610.3663330078125)",1
11031876118,11005757733,"(0.3662329912185669, 0.41037654876708984)","(-72.93096160888672, 182.7096710205078, 59.66387176513672)",1,3.250213623046875,1,"(-94.01360321044922, -93.02103424072266, 604.4221801757812)",1,"(0.3551552891731262, 0.46163278818130493)","(-79.06025695800781, 167.71920776367188, 54.20769119262695)",1,3.467987060546875,1,"(-35.297080993652344, -92.32393646240234, 610.5206909179688)",1
11031893251,11005774866,"(0.34134185314178467, 0.5306315422058105)","(-86.7032699584961, 147.5397186279297, 46.862953186035156)",1,3.22979736328125,1,"(-94.01656341552734, -93.27021026611328, 604.7304077148438)",1,"(0.32745417952537537, 0.5757603645324707)","(-94.38726806640625, 134.3412322998047, 42.05912399291992)",1,3.468231201171875,1,"(-35.35620880126953, -92.73355865478516, 610.8289184570312)",1
11031909293,11005790907,"(0.31034237146377563, 0.760071873664856)","(-103.85523986816406, 80.43714904785156, 22.439714431762695)",1,3.1992950439453125,1,"(-93.98404693603516, -93.67022705078125, 605.3311157226562)",1,"(0.2990710437297821, 0.7542228698730469)","(-110.09168243408203, 82.14776611328125, 23.062280654907227)",1,3.449432373046875,1,"(-35.43520736694336, -93.29423522949219, 611.3786010742188)",1
11031926084,11005807698,"(0.3101516366004944, 0.7864209413528442)","(-103.9607925415039, 72.7310562133789, 19.634937286376953)",1,3.19354248046875,1,"(-93.9339370727539, -93.67147064208984, 605.2493896484375)",1,"(0.30338653922080994, 0.7891287207603455)","(-107.70394134521484, 71.93914031982422, 19.34666633605957)",1,3.439605712890625,1,"(-35.33403015136719, -93.39888763427734, 611.2667846679688)",1
11031943171,11005824785,"(0.3046310842037201, 0.7803855538368225)","(-107.01533508300781, 74.49617767333984, 20.277326583862305)",1,3.195037841796875,1,"(-93.78319549560547, -93.58673858642578, 604.986328125)",1,"(0.30287933349609375, 0.7965163588523865)","(-107.98454284667969, 69.77851104736328, 18.56025505065918)",1,3.43182373046875,1,"(-35.10913848876953, -93.4968032836914, 611.103271484375)",1
11031959213,11005840827,"(0.30632665753364563, 0.7880211472511292)","(-106.07719421386719, 72.26309967041016, 19.464563369750977)",1,3.2077789306640625,1,"(-93.73632049560547, -93.6263198852539, 605.4247436523438)",1,"(0.3036978542804718, 0.795225977897644)","(-107.53168487548828, 70.15592956542969, 18.69761848449707)",1,3.4340362548828125,1,"(-34.977378845214844, -93.71479034423828, 611.5494384765625)",1
11031976050,11005857665,"(0.3085727095603943, 0.7902268767356873)","(-104.83439636230469, 71.61793518066406, 19.229751586914062)",1,3.21478271484375,1,"(-93.73149871826172, -93.65182495117188, 605.5628662109375)",1,"(0.3028145730495453, 0.7952590584754944)","(-108.02037048339844, 70.14622497558594, 18.6940860748291)",1,3.4479827880859375,1,"(-34.90910339355469, -93.8415298461914, 611.7693481445312)",1
11031993091,11005874706,"(0.30698317289352417, 0.783890426158905)","(-105.71390533447266, 73.4711685180664, 19.90424156188965)",1,3.218109130859375,1,"(-93.72621154785156, -93.74917602539062, 605.9692993164062)",1,"(0.3043500781059265, 0.7923800349235535)","(-107.1707763671875, 70.98825073242188, 19.000551223754883)",1,3.4621734619140625,1,"(-34.83873748779297, -94.08101654052734, 612.1717529296875)",1
11032009133,11005890747,"(0.3050236701965332, 0.7845234870910645)","(-106.79810333251953, 73.28602600097656, 19.836864471435547)",1,3.23388671875,1,"(-93.74417114257812, -93.88345336914062, 606.51220703125)",1,"(0.30312469601631165, 0.78809654712677)","(-107.84880828857422, 72.2409896850586, 19.456552505493164)",1,3.449066162109375,1,"(-34.779823303222656, -94.34337615966797, 612.6994018554688)",1
11032026016,11005907630,"(0.30545905232429504, 0.785401463508606)","(-106.55720520019531, 73.02922058105469, 19.74340057373047)",1,3.2475128173828125,1,"(-93.72881317138672, -93.9129409790039, 606.6263427734375)",1,"(0.3010689914226532, 0.7857941389083862)","(-108.98622131347656, 72.91436004638672, 19.70159339904785)",1,3.459869384765625,1,"(-34.71902084350586, -94.47135162353516, 612.8801879882812)",1
11032043011,11005924625,"(0.30548977851867676, 0.7874186038970947)","(-106.5401840209961, 72.43926239013672, 19.528728485107422)",1,3.2554168701171875,1,"(-93.67695617675781, -93.9919662475586, 607.0020751953125)",1,"(0.29852524399757385, 0.7847313284873962)","(-110.3936538696289, 73.22517395019531, 19.814748764038086)",1,3.46124267578125,1,"(-34.597930908203125, -94.666015625, 613.2542114257812)",1
11032059053,11005940667,"(0.3037700057029724, 0.7917924523353577)","(-107.49172973632812, 71.16007995605469, 19.063085556030273)",1,3.265289306640625,1,"(-93.58519744873047, -94.09423065185547, 607.5318603515625)",1,"(0.2967303693294525, 0.789817750453949)","(-111.38677978515625, 71.73758697509766, 19.2733097076416)",1,3.481475830078125,1,"(-34.43741989135742, -94.86372375488281, 613.7507934570312)",1
11032075982,11005957596,"(0.30537307262420654, 0.7901782989501953)","(-106.60478210449219, 71.63216400146484, 19.234907150268555)",1,3.26800537109375,1,"(-93.56453704833984, -94.14741516113281, 607.7916259765625)",1,"(0.2967892289161682, 0.7834115624427795)","(-111.35419464111328, 73.6111831665039, 19.95525550842285)",1,3.4865570068359375,1,"(-34.35813522338867, -94.99966430664062, 614.1461791992188)",1
11032092931,11005974545,"(0.302304744720459, 0.7820602655410767)","(-108.30249786376953, 74.00640106201172, 20.099071502685547)",1,3.27734375,1,"(-93.50302124023438, -94.3032455444336, 608.3872680664062)",1,"(0.2977903485298157, 0.7921698689460754)","(-110.80028533935547, 71.04969787597656, 19.022960662841797)",1,3.5070648193359375,1,"(-34.22652053833008, -95.20772552490234, 614.6964111328125)",1
11032108973,11005990587,"(0.3053470849990845, 0.7850510478019714)","(-106.61914825439453, 73.13172149658203, 19.78071403503418)",1,3.3130645751953125,1,"(-93.45188903808594, -94.44818115234375, 608.8016357421875)",1,"(0.2980479598045349, 0.7921820282936096)","(-110.65775299072266, 71.04612731933594, 19.02167320251465)",1,3.5136871337890625,1,"(-34.11585235595703, -95.4261703491211, 615.109130859375)",1
11032125948,11006007562,"(0.3056068420410156, 0.7875559329986572)","(-106.47542572021484, 72.39912414550781, 19.51405906677246)",1,3.3173065185546875,1,"(-93.4599609375, -94.49858093261719, 609.0026245117188)",1,"(0.3018750250339508, 0.7966119050979614)","(-108.54026794433594, 69.75057983398438, 18.550121307373047)",1,3.5435028076171875,1,"(-34.09389114379883, -95.56331634521484, 615.4122314453125)",1
11032142851,11006024465,"(0.30729568004608154, 0.785605788230896)","(-105.54100799560547, 72.969482421875, 19.72163200378418)",1,3.32183837890625,1,"(-93.4814224243164, -94.6241226196289, 609.409423828125)",1,"(0.29994866251945496, 0.7944768071174622)","(-109.60612487792969, 70.3750228881836, 18.777353286743164)",1,3.5531463623046875,1,"(-34.041160583496094, -95.7677230834961, 615.7600708007812)",1
11032158893,11006040507,"(0.30028027296066284, 0.7734516263008118)","(-109.42263793945312, 76.52408599853516, 21.01545524597168)",1,3.3295440673828125,1,"(-93.42156982421875, -94.69326782226562, 609.4090576171875)",1,"(0.29971635341644287, 0.7910187244415283)","(-109.73463439941406, 71.38638305664062, 19.14547348022461)",1,3.5556182861328125,1,"(-33.96024703979492, -95.91400146484375, 615.763671875)",1
11032175914,11006057528,"(0.2998438775539398, 0.7726196050643921)","(-109.66405487060547, 76.76738739013672, 21.104005813598633)",1,3.34027099609375,1,"(-93.40721893310547, -94.7356948852539, 609.5304565429688)",1,"(0.3005971908569336, 0.7930524349212646)","(-109.24724578857422, 70.79158020019531, 18.928983688354492)",1,3.5578155517578125,1,"(-33.920528411865234, -96.00984191894531, 615.9424438476562)",1
11032192771,11006074385,"(0.30751392245292664, 0.7781001925468445)","(-105.42021942138672, 75.16455841064453, 20.520620346069336)",1,3.376861572265625,1,"(-93.39115905761719, -94.86601257324219, 610.0687866210938)",1,"(0.2999647855758667, 0.7857086062431335)","(-109.59718322753906, 72.93940734863281, 19.710718154907227)",1,3.576324462890625,1,"(-33.82595443725586, -96.21440124511719, 616.4256591796875)",1
11032208813,11006090426,"(0.30643346905708313, 0.7833986282348633)","(-106.01803588867188, 73.61492156982422, 19.95660400390625)",1,3.3879547119140625,1,"(-93.24398803710938, -94.94718170166016, 610.2435302734375)",1,"(0.3011228144168854, 0.791252851486206)","(-108.95640563964844, 71.31790161132812, 19.12053680419922)",1,3.604339599609375,1,"(-33.6682014465332, -96.36705780029297, 616.5982666015625)",1
11032225880,11006107493,"(0.3062385320663452, 0.782304584980011)","(-106.12591552734375, 73.93492889404297, 20.073049545288086)",1,3.402557373046875,1,"(-93.19071197509766, -94.98748779296875, 610.3152465820312)",1,"(0.29958269000053406, 0.786007821559906)","(-109.80859375, 72.85188293457031, 19.67889404296875)",1,3.5992279052734375,1,"(-33.57179260253906, -96.4679946899414, 616.7017822265625)",1
11032242691,11006124304,"(0.30670538544654846, 0.7765535116195679)","(-105.86761474609375, 75.61692810058594, 20.68524169921875)",1,3.4277191162109375,1,"(-93.05730438232422, -95.07984924316406, 610.3723754882812)",1,"(0.30030757188796997, 0.7892478108406067)","(-109.40752410888672, 71.904296875, 19.333972930908203)",1,3.6207275390625,1,"(-33.42835998535156, -96.58631134033203, 616.7655029296875)",1
11032258733,11006140346,"(0.30592262744903564, 0.7857615947723389)","(-106.30072021484375, 72.92390441894531, 19.70512580871582)",1,3.4402923583984375,1,"(-92.96051788330078, -95.15046691894531, 610.3983764648438)",1,"(0.3001071512699127, 0.7936291098594666)","(-109.51839447021484, 70.6229019165039, 18.86760711669922)",1,3.6358489990234375,1,"(-33.32093048095703, -96.71647644042969, 616.8092041015625)",1
11032275750,11006157363,"(0.3047542870044708, 0.7835342884063721)","(-106.9471435546875, 73.57530212402344, 19.94219970703125)",1,3.444305419921875,1,"(-92.9292984008789, -95.17671966552734, 610.3330688476562)",1,"(0.2967681586742401, 0.7916951179504395)","(-111.36585998535156, 71.18856811523438, 19.073509216308594)",1,3.62408447265625,1,"(-33.279720306396484, -96.77224731445312, 616.7235107421875)",1
11032292611,11006174224,"(0.29871127009391785, 0.7760608196258545)","(-110.2907485961914, 75.760986328125, 20.737747192382812)",1,3.4209136962890625,1,"(-92.88636779785156, -95.2192611694336, 610.0388793945312)",1,"(0.2964881956577301, 0.7878141403198242)","(-111.5207748413086, 72.3235855102539, 19.486568450927734)",1,3.634674072265625,1,"(-33.25510025024414, -96.85321044921875, 616.4703979492188)",1
11032308653,11006190266,"(0.3067229688167572, 0.7820422053337097)","(-105.85791015625, 74.01168823242188, 20.101016998291016)",1,3.459136962890625,1,"(-92.90896606445312, -95.25987243652344, 609.9286499023438)",1,"(0.2969155013561249, 0.7935053110122681)","(-111.28433990478516, 70.6591796875, 18.880783081054688)",1,3.6588134765625,1,"(-33.27600860595703, -96.93668365478516, 616.3596801757812)",1
11032325716,11006207329,"(0.3070434331893921, 0.7860408425331116)","(-105.68057250976562, 72.84222412109375, 19.67534065246582)",1,3.47332763671875,1,"(-92.90679168701172, -95.2574234008789, 609.8453369140625)",1,"(0.29615145921707153, 0.7856987118721008)","(-111.70708465576172, 72.94229125976562, 19.711769104003906)",1,3.6539154052734375,1,"(-33.28186798095703, -96.96408081054688, 616.251953125)",1
11032342531,11006224143,"(0.30656951665878296, 0.7867308855056763)","(-105.94278717041016, 72.640380859375, 19.60187530517578)",1,3.4790496826171875,1,"(-92.89201354980469, -95.26325988769531, 609.7001342773438)",1,"(0.29565170407295227, 0.7843477129936218)","(-111.98358917236328, 73.33740234375, 19.855539321899414)",1,3.65997314453125,1,"(-33.27499771118164, -96.99046325683594, 616.12158203125)",1
11032358573,11006240185,"(0.30437713861465454, 0.7857983112335205)","(-107.15581512451172, 72.91316223144531, 19.70118522644043)",1,3.4821929931640625,1,"(-92.80774688720703, -95.22068786621094, 609.4218139648438)",1,"(0.2959762513637543, 0.7840676307678223)","(-111.80403900146484, 73.4193115234375, 19.885427474975586)",1,3.667083740234375,1,"(-33.22953796386719, -96.96879577636719, 615.865234375)",1
11032375682,11006257294,"(0.30382993817329407, 0.7858031988143921)","(-107.4585952758789, 72.91172790527344, 19.700654983520508)",1,3.4806060791015625,1,"(-92.76499938964844, -95.19746398925781, 609.3084716796875)",1,"(0.2945990562438965, 0.7859269976615906)","(-112.5660629272461, 72.87550354003906, 19.687509536743164)",1,3.6669921875,1,"(-33.18307113647461, -96.93934631347656, 615.7077026367188)",1
11032392451,11006274063,"(0.3063430190086365, 0.7900426983833313)","(-106.0680923461914, 71.67180633544922, 19.249353408813477)",1,3.5007476806640625,1,"(-92.67002868652344, -95.12975311279297, 609.0556640625)",1,"(0.2963692843914032, 0.7897189259529114)","(-111.5865707397461, 71.76651000976562, 19.28382682800293)",1,3.6777801513671875,1,"(-33.1201286315918, -96.887939453125, 615.4930419921875)",1
11032408493,11006290105,"(0.2870786190032959, 0.76253741979599)","(-116.7270736694336, 79.71605682373047, 22.177181243896484)",1,3.51141357421875,1,"(-92.66093444824219, -95.0507583618164, 608.9570922851562)",1,"(0.28485867381095886, 0.7768874764442444)","(-117.95539093017578, 75.51921844482422, 20.649694442749023)",1,3.686279296875,1,"(-33.12939453125, -96.79328155517578, 615.4131469726562)",1
11032425551,11006307164,"(0.27318665385246277, 0.7482860088348389)","(-124.41350555419922, 83.88404846191406, 23.6942081451416)",1,3.5246124267578125,1,"(-92.70137786865234, -95.02995300292969, 609.069580078125)",1,"(0.2644098103046417, 0.7548284530639648)","(-129.26974487304688, 81.97066497802734, 22.997821807861328)",1,3.68267822265625,1,"(-33.202369689941406, -96.76129913330078, 615.5774536132812)",1
11032442371,11006323984,"(0.2623388171195984, 0.7217913866043091)","(-130.41561889648438, 91.63272094726562, 26.51454734802246)",1,3.5057830810546875,1,"(-92.8276138305664, -95.0491943359375, 609.4594116210938)",1,"(0.2628866732120514, 0.7363681197166443)","(-130.11251831054688, 87.3696060180664, 24.9628963470459)",1,3.688720703125,1,"(-33.3209342956543, -96.77546691894531, 615.9048461914062)",1
11032458413,11006340026,"(0.2674454152584076, 0.7257202863693237)","(-127.59017181396484, 90.48365783691406, 26.096336364746094)",1,3.5325775146484375,1,"(-92.89552307128906, -95.08873748779297, 609.4606323242188)",1,"(0.26153209805488586, 0.7374687790870667)","(-130.8619842529297, 87.04768371582031, 24.845731735229492)",1,3.69659423828125,1,"(-33.351043701171875, -96.80509185791016, 615.8873901367188)",1
11032475421,11006357033,"(0.26699987053871155, 0.729107677936554)","(-127.83666229248047, 89.49297332763672, 25.735734939575195)",1,3.5390472412109375,1,"(-92.94036865234375, -95.12733459472656, 609.6066284179688)",1,"(0.26386821269989014, 0.7377845048904419)","(-129.56942749023438, 86.95533752441406, 24.81214714050293)",1,3.6980438232421875,1,"(-33.402557373046875, -96.8487777709961, 616.1012573242188)",1
11032492291,11006373903,"(0.2646973431110382, 0.7248054146766663)","(-129.11065673828125, 90.75125122070312, 26.1937255859375)",1,3.5392608642578125,1,"(-93.02730560302734, -95.20124816894531, 609.888916015625)",1,"(0.25885212421417236, 0.7330769300460815)","(-132.34481811523438, 88.33210754394531, 25.313268661499023)",1,3.693023681640625,1,"(-33.43865203857422, -96.89714050292969, 616.3348388671875)",1
11032508333,11006389945,"(0.26641157269477844, 0.7271766662597656)","(-128.16217041015625, 90.0577621459961, 25.941286087036133)",1,3.5257720947265625,1,"(-93.0138931274414, -95.18844604492188, 609.6419067382812)",1,"(0.25953295826911926, 0.7386242151260376)","(-131.96810913085938, 86.70976257324219, 24.722740173339844)",1,3.69891357421875,1,"(-33.44700241088867, -96.86132049560547, 616.1334228515625)",1
11032525290,11006406902,"(0.265166312456131, 0.728405773639679)","(-128.85116577148438, 89.69825744628906, 25.810461044311523)",1,3.5211334228515625,1,"(-92.99588012695312, -95.17375946044922, 609.5008544921875)",1,"(0.2595006227493286, 0.7380172610282898)","(-131.9860076904297, 86.88729095458984, 24.787334442138672)",1,3.6932830810546875,1,"(-33.44294357299805, -96.82166290283203, 615.9246826171875)",1
11032542211,11006423823,"(0.26473474502563477, 0.7318668961524963)","(-129.0899658203125, 88.68600463867188, 25.442012786865234)",1,3.5186004638671875,1,"(-92.9643325805664, -95.13868713378906, 609.0957641601562)",1,"(0.25951942801475525, 0.7374860644340515)","(-131.97560119628906, 87.04264068603516, 24.843843460083008)",1,3.6932220458984375,1,"(-33.44795227050781, -96.75499725341797, 615.5704345703125)",1
11032558253,11006439865,"(0.27006688714027405, 0.7365854382514954)","(-126.13969421386719, 87.30604553222656, 24.939746856689453)",1,3.52105712890625,1,"(-93.02814483642578, -95.14995574951172, 608.9291381835938)",1,"(0.25943616032600403, 0.7346172332763672)","(-132.02166748046875, 87.88164520263672, 25.149293899536133)",1,3.698150634765625,1,"(-33.49921798706055, -96.72274017333984, 615.4085693359375)",1
11032575256,11006456868,"(0.2696560323238373, 0.7326192259788513)","(-126.36701202392578, 88.46598052978516, 25.36192512512207)",1,3.5121612548828125,1,"(-93.08967590332031, -95.18920135498047, 609.0491333007812)",1,"(0.262586772441864, 0.7352316379547119)","(-130.2784423828125, 87.70193481445312, 25.083879470825195)",1,3.686309814453125,1,"(-33.58895492553711, -96.74871826171875, 615.5831298828125)",1
11032592131,11006473743,"(0.2632897198200226, 0.7245564460754395)","(-129.88951110839844, 90.8240737915039, 26.220163345336914)",1,3.5080718994140625,1,"(-93.30073547363281, -95.32367706298828, 609.5612182617188)",1,"(0.25871071219444275, 0.733180582523346)","(-132.4230499267578, 88.30181884765625, 25.302148818969727)",1,3.68865966796875,1,"(-33.7288932800293, -96.82075500488281, 616.0426025390625)",1
11032608173,11006489785,"(0.26811957359313965, 0.7241366505622864)","(-127.21714782714844, 90.94683074951172, 26.264915466308594)",1,3.5082550048828125,1,"(-93.52764129638672, -95.39728546142578, 609.718994140625)",1,"(0.26076483726501465, 0.7320295572280884)","(-131.2864990234375, 88.63844299316406, 25.424680709838867)",1,3.69317626953125,1,"(-33.916873931884766, -96.85932159423828, 616.2229614257812)",1
11032625125,11006506737,"(0.27120456099510193, 0.728588879108429)","(-125.51020050048828, 89.64471435546875, 25.79098129272461)",1,3.5200958251953125,1,"(-93.58594512939453, -95.3934097290039, 609.6441650390625)",1,"(0.2591046094894409, 0.7309203147888184)","(-132.20509338378906, 88.96284484863281, 25.542757034301758)",1,3.67327880859375,1,"(-34.00843811035156, -96.83908081054688, 616.12353515625)",1
11032642051,11006523662,"(0.2678837776184082, 0.7309626340866089)","(-127.34760284423828, 88.95049285888672, 25.53828239440918)",1,3.506866455078125,1,"(-93.71105194091797, -95.39212036132812, 609.4866333007812)",1,"(0.25799429416656494, 0.7307714223861694)","(-132.81947326660156, 89.00640106201172, 25.558652877807617)",1,3.6599273681640625,1,"(-34.12916946411133, -96.8036880493164, 615.9766235351562)",1
11032658093,11006539704,"(0.26622623205184937, 0.7344332337379456)","(-128.26470947265625, 87.93545532226562, 25.168846130371094)",1,3.4911651611328125,1,"(-93.776123046875, -95.34969329833984, 609.1727294921875)",1,"(0.25546786189079285, 0.7288495302200317)","(-134.21734619140625, 89.56851959228516, 25.763202667236328)",1,3.657318115234375,1,"(-34.21261978149414, -96.72521209716797, 615.6904907226562)",1
11032675091,11006556702,"(0.2690228819847107, 0.7238903641700745)","(-126.71735382080078, 91.01887512207031, 26.29109764099121)",1,3.4620208740234375,1,"(-93.7549819946289, -95.3027114868164, 609.001953125)",1,"(0.264041543006897, 0.7234106659889221)","(-129.4735107421875, 91.15918731689453, 26.342153549194336)",1,3.6520538330078125,1,"(-34.2018928527832, -96.65605163574219, 615.4443359375)",1
11032691971,11006573582,"(0.35398349165916443, 0.6642634272575378)","(-79.7086410522461, 108.45748138427734, 32.638221740722656)",1,3.4803924560546875,1,"(-93.44688415527344, -95.15768432617188, 608.865966796875)",1,"(0.3546774685382843, 0.6814477443695068)","(-79.32462310791016, 103.43168640136719, 30.809005737304688)",1,3.6481781005859375,1,"(-33.9319953918457, -96.45112609863281, 615.2033081054688)",1
11032708013,11006589624,"(0.4992819130420685, 0.553372323513031)","(0.6850422024726868, 140.88888549804688, 44.442317962646484)",1,3.4608917236328125,1,"(-92.61216735839844, -94.71663665771484, 607.2904663085938)",1,"(0.47443658113479614, 0.5933938026428223)","(-13.061874389648438, 129.18408203125, 40.18212127685547)",1,3.593719482421875,1,"(-33.37730026245117, -96.03486633300781, 613.6992797851562)",1
11032724961,11006606572,"(0.5182374715805054, 0.533159077167511)","(11.1731538772583, 146.8004913330078, 46.59395980834961)",1,3.4775848388671875,1,"(-92.60980224609375, -94.75466918945312, 607.771484375)",1,"(0.4960295855998993, 0.5714071393013)","(-1.114473819732666, 135.61436462402344, 42.52256393432617)",1,3.5883941650390625,1,"(-33.34425354003906, -96.08555603027344, 614.3092651367188)",1
11032741891,11006623502,"(0.5212711095809937, 0.5311266183853149)","(12.851685523986816, 147.3948516845703, 46.810302734375)",1,3.4765167236328125,1,"(-92.69693756103516, -94.78038024902344, 608.0094604492188)",1,"(0.4948137104511261, 0.5656799077987671)","(-1.787222146987915, 137.28933715820312, 43.132232666015625)",1,3.5906524658203125,1,"(-33.37398910522461, -96.08686065673828, 614.46240234375)",1
