device_time_stamp,system_time_stamp,left_gaze_point_on_display_area,left_gaze_point_in_user_coordinate_system,left_gaze_point_validity,left_pupil_diameter,left_pupil_validity,left_gaze_origin_in_user_coordinate_system,left_gaze_origin_validity,right_gaze_point_on_display_area,right_gaze_point_in_user_coordinate_system,right_gaze_point_validity,right_pupil_diameter,right_pupil_validity,right_gaze_origin_in_user_coordinate_system,right_gaze_origin_validity
10655648508,10617022555,"(nan, nan)","(nan, nan, nan)",0,nan,0,"(nan, nan, nan)",0,"(nan, nan)","(nan, nan, nan)",0,nan,0,"(nan, nan, nan)",0
10655664361,10617038408,"(0.5281318426132202, 0.06637496501207352)","(16.647720336914062, 283.3169860839844, 96.28191375732422)",1,5.2896575927734375,1,"(-17.10153579711914, -94.45404815673828, 667.2392578125)",1,"(nan, nan)","(nan, nan, nan)",0,nan,0,"(nan, nan, nan)",0
10655681664,10617055711,"(nan, nan)","(nan, nan, nan)",0,nan,0,"(nan, nan, nan)",0,"(nan, nan)","(nan, nan, nan)",0,nan,0,"(nan, nan, nan)",0
10655698423,10617072470,"(nan, nan)","(nan, nan, nan)",0,nan,0,"(nan, nan, nan)",0,"(nan, nan)","(nan, nan, nan)",0,nan,0,"(nan, nan, nan)",0
10655714281,10617088328,"(0.5334498882293701, 0.06899701058864594)","(19.59018898010254, 282.5501403808594, 96.0028076171875)",1,5.3145294189453125,1,"(-17.062673568725586, -94.48818969726562, 667.4876708984375)",1,"(nan, nan)","(nan, nan, nan)",0,nan,0,"(nan, nan, nan)",0
10655731630,10617105677,"(nan, nan)","(nan, nan, nan)",0,nan,0,"(nan, nan, nan)",0,"(nan, nan)","(nan, nan, nan)",0,nan,0,"(nan, nan, nan)",0
10655748339,10617122386,"(nan, nan)","(nan, nan, nan)",0,nan,0,"(nan, nan, nan)",0,"(nan, nan)","(nan, nan, nan)",0,nan,0,"(nan, nan, nan)",0
10655764201,10617138248,"(0.5268316864967346, 0.08320926129817963)","(15.928308486938477, 278.3935852050781, 94.489990234375)",1,5.325103759765625,1,"(-16.858488082885742, -94.3481216430664, 666.8941650390625)",1,"(nan, nan)","(nan, nan, nan)",0,nan,0,"(nan, nan, nan)",0
10655781596,10617155643,"(nan, nan)","(nan, nan, nan)",0,nan,0,"(nan, nan, nan)",0,"(0.4318349063396454, 0.10193804651498795)","(-36.63340377807617, 272.9161376953125, 92.496337890625)",1,5.7264862060546875,1,"(38.138153076171875, -86.69867706298828, 665.2921142578125)",1
10655798254,10617172301,"(nan, nan)","(nan, nan, nan)",0,nan,0,"(nan, nan, nan)",0,"(nan, nan)","(nan, nan, nan)",0,nan,0,"(nan, nan, nan)",0
10655814121,10617188168,"(0.5261327624320984, 0.10293066501617432)","(15.541635513305664, 272.6258544921875, 92.390625)",1,5.3373870849609375,1,"(-16.64174461364746, -94.16215515136719, 666.3229370117188)",1,"(0.49742579460144043, 0.10288573056459427)","(-0.3419475555419922, 272.6390075683594, 92.39542388916016)",1,5.3691558837890625,1,"(38.278724670410156, -86.5732421875, 664.4549560546875)",1
10655831562,10617205609,"(nan, nan)","(nan, nan, nan)",0,nan,0,"(nan, nan, nan)",0,"(0.49528300762176514, 0.106734499335289)","(-1.5275620222091675, 271.51336669921875, 91.98574829101562)",1,5.3709259033203125,1,"(38.30238723754883, -86.5634765625, 664.3756713867188)",1
10655848169,10617222216,"(nan, nan)","(nan, nan, nan)",0,nan,0,"(nan, nan, nan)",0,"(nan, nan)","(nan, nan, nan)",0,nan,0,"(nan, nan, nan)",0
10655864041,10617238088,"(0.48641273379325867, 0.4129372239112854)","(-6.435492515563965, 181.96078491210938, 59.3912353515625)",1,5.3985137939453125,1,"(-16.438634872436523, -94.58370971679688, 665.1122436523438)",1,"(0.4602644443511963, 0.4159506559371948)","(-20.903364181518555, 181.0794677734375, 59.07051086425781)",1,5.3970794677734375,1,"(38.187469482421875, -87.0183334350586, 663.3239135742188)",1
10655881528,10617255575,"(nan, nan)","(nan, nan, nan)",0,nan,0,"(nan, nan, nan)",0,"(0.4597614109516144, 0.4336601793766022)","(-21.181690216064453, 175.9001007080078, 57.18538284301758)",1,5.3940277099609375,1,"(38.18674850463867, -87.0333480834961, 663.08740234375)",1
10655898085,10617272132,"(0.47610023617744446, 0.4667722284793854)","(-12.141400337219238, 166.21612548828125, 53.660560607910156)",1,5.3933258056640625,1,"(-16.42885398864746, -94.57244873046875, 664.6875610351562)",1,"(nan, nan)","(nan, nan, nan)",0,nan,0,"(nan, nan, nan)",0
10655914210,10617288257,"(0.4810292422771454, 0.473210871219635)","(-9.414201736450195, 164.33302307128906, 52.97529983520508)",1,5.3729705810546875,1,"(-16.410133361816406, -94.59745788574219, 664.8822631835938)",1,"(0.46343445777893066, 0.4596724510192871)","(-19.149383544921875, 168.29251098632812, 54.416404724121094)",1,5.365142822265625,1,"(38.41010284423828, -87.09925079345703, 662.9478149414062)",1
10655931494,10617305541,"(nan, nan)","(nan, nan, nan)",0,nan,0,"(nan, nan, nan)",0,"(0.4640427827835083, 0.45869356393814087)","(-18.81279945373535, 168.57879638671875, 54.52061462402344)",1,5.368133544921875,1,"(38.42570877075195, -87.12242889404297, 662.9971923828125)",1
10655948097,10617322144,"(0.4834330677986145, 0.4820927381515503)","(-8.084134101867676, 161.7354278564453, 52.029815673828125)",1,5.3670196533203125,1,"(-16.3859920501709, -94.69049835205078, 665.1622314453125)",1,"(nan, nan)","(nan, nan, nan)",0,nan,0,"(nan, nan, nan)",0
10655964176,10617338223,"(0.48231416940689087, 0.46796250343322754)","(-8.703231811523438, 165.86798095703125, 53.53395462036133)",1,5.353668212890625,1,"(-16.33480453491211, -94.77398681640625, 665.11328125)",1,"(0.4623010456562042, 0.46246060729026794)","(-19.776517868041992, 167.47706604003906, 54.119606018066406)",1,5.322998046875,1,"(38.58349609375, -87.2790298461914, 663.1463012695312)",1
10655981414,10617355461,"(nan, nan)","(nan, nan, nan)",0,nan,0,"(nan, nan, nan)",0,"(0.46262896060943604, 0.45873862504959106)","(-19.595041275024414, 168.56561279296875, 54.515804290771484)",1,5.3079376220703125,1,"(38.595706939697266, -87.2882308959961, 663.1475830078125)",1
10655998003,10617372050,"(0.47822514176368713, 0.46825110912323)","(-10.96568775177002, 165.7835693359375, 53.50325393676758)",1,5.3109283447265625,1,"(-16.248449325561523, -94.81216430664062, 664.99853515625)",1,"(nan, nan)","(nan, nan, nan)",0,nan,0,"(nan, nan, nan)",0
10656014096,10617388143,"(0.4796516001224518, 0.4779485762119293)","(-10.176440238952637, 162.9474334716797, 52.47100067138672)",1,5.267364501953125,1,"(-16.193727493286133, -94.79853820800781, 664.8939819335938)",1,"(0.4646921157836914, 0.46623948216438293)","(-18.45352554321289, 166.3719024658203, 53.717376708984375)",1,5.22113037109375,1,"(38.713905334472656, -87.33988189697266, 662.9552001953125)",1
10656031334,10617405381,"(nan, nan)","(nan, nan, nan)",0,nan,0,"(nan, nan, nan)",0,"(0.4631630778312683, 0.46736788749694824)","(-19.299510955810547, 166.0418701171875, 53.597259521484375)",1,5.2064971923828125,1,"(38.7329216003418, -87.34463500976562, 662.94921875)",1
10656047974,10617422021,"(nan, nan)","(nan, nan, nan)",0,nan,0,"(nan, nan, nan)",0,"(nan, nan)","(nan, nan, nan)",0,nan,0,"(nan, nan, nan)",0
10656064016,10617438063,"(0.46967440843582153, 0.4535568058490753)","(-15.696807861328125, 170.08108520507812, 55.06744384765625)",1,5.098724365234375,1,"(-16.143829345703125, -94.64058685302734, 664.494873046875)",1,"(0.4479813575744629, 0.4615154564380646)","(-27.699573516845703, 167.75347900390625, 54.22026062011719)",1,5.0843658447265625,1,"(38.70797348022461, -87.23011779785156, 662.5990600585938)",1
10656081254,10617455301,"(nan, nan)","(nan, nan, nan)",0,nan,0,"(nan, nan, nan)",0,"(0.44684329628944397, 0.46248331665992737)","(-28.329280853271484, 167.4704132080078, 54.11725616455078)",1,5.067779541015625,1,"(38.70647048950195, -87.19823455810547, 662.49169921875)",1
10656097889,10617471936,"(0.4708964228630066, 0.45805537700653076)","(-15.020638465881348, 168.7654266357422, 54.58857345581055)",1,5.0339508056640625,1,"(-16.117155075073242, -94.62036895751953, 664.9138793945312)",1,"(nan, nan)","(nan, nan, nan)",0,nan,0,"(nan, nan, nan)",0
10656113936,10617487983,"(0.4680463969707489, 0.4540696144104004)","(-16.597591400146484, 169.9311065673828, 55.012821197509766)",1,4.993499755859375,1,"(-16.057031631469727, -94.57084655761719, 664.9511108398438)",1,"(0.4397202730178833, 0.4549754559993744)","(-32.270423889160156, 169.6661834716797, 54.91640853881836)",1,4.98590087890625,1,"(38.8579216003418, -87.15621185302734, 662.9635009765625)",1
10656131174,10617505221,"(nan, nan)","(nan, nan, nan)",0,nan,0,"(nan, nan, nan)",0,"(0.4416251480579376, 0.45763230323791504)","(-31.216468811035156, 168.88917541503906, 54.63359451293945)",1,4.9759368896484375,1,"(38.86701965332031, -87.13414001464844, 662.9264526367188)",1
10656147814,10617521861,"(0.4644283056259155, 0.47522294521331787)","(-18.59945297241211, 163.7445831298828, 52.76113510131836)",1,4.9581451416015625,1,"(-15.967763900756836, -94.4066390991211, 664.5278930664062)",1,"(nan, nan)","(nan, nan, nan)",0,nan,0,"(nan, nan, nan)",0
10656163856,10617537903,"(0.4639326333999634, 0.4697245657444)","(-18.87371826171875, 165.3526611328125, 53.346351623535156)",1,4.9242706298828125,1,"(-15.9089937210083, -94.35840606689453, 664.6729125976562)",1,"(0.4410768449306488, 0.45754507184028625)","(-31.51982879638672, 168.91468811035156, 54.642826080322266)",1,4.889312744140625,1,"(39.00077819824219, -86.98339080810547, 662.7140502929688)",1
10656181043,10617555090,"(nan, nan)","(nan, nan, nan)",0,nan,0,"(nan, nan, nan)",0,"(0.44351494312286377, 0.45734086632728577)","(-30.170852661132812, 168.97439575195312, 54.664573669433594)",1,4.8896484375,1,"(39.01530838012695, -86.98638153076172, 662.7911376953125)",1
10656197734,10617571781,"(0.4646276533603668, 0.4710356891155243)","(-18.48915672302246, 164.9691925048828, 53.206787109375)",1,4.8746185302734375,1,"(-15.838062286376953, -94.31826782226562, 664.9537353515625)",1,"(nan, nan)","(nan, nan, nan)",0,nan,0,"(nan, nan, nan)",0
10656213776,10617587823,"(0.4603573977947235, 0.4680641293525696)","(-20.85190200805664, 165.83822631835938, 53.523128509521484)",1,4.8426055908203125,1,"(-15.77208423614502, -94.28620147705078, 664.6421508789062)",1,"(0.44939127564430237, 0.46178364753723145)","(-26.919471740722656, 167.675048828125, 54.19173049926758)",1,4.808929443359375,1,"(39.0972785949707, -86.91770935058594, 662.682861328125)",1
10656231009,10617605056,"(nan, nan)","(nan, nan, nan)",0,nan,0,"(nan, nan, nan)",0,"(0.44935446977615356, 0.45988786220550537)","(-26.939842224121094, 168.22950744628906, 54.39354705810547)",1,4.7988739013671875,1,"(39.107486724853516, -86.92318725585938, 662.6810302734375)",1
10656247654,10617621701,"(0.46381402015686035, 0.4662250578403473)","(-18.939348220825195, 166.3760986328125, 53.718929290771484)",1,4.8030548095703125,1,"(-15.745080947875977, -94.3615493774414, 664.8602905273438)",1,"(nan, nan)","(nan, nan, nan)",0,nan,0,"(nan, nan, nan)",0
10656263696,10617637743,"(0.46273109316825867, 0.46875980496406555)","(-19.538543701171875, 165.6348114013672, 53.44908905029297)",1,4.773529052734375,1,"(-15.723993301391602, -94.437744140625, 665.26513671875)",1,"(0.4442734718322754, 0.464611679315567)","(-29.751140594482422, 166.8479461669922, 53.890689849853516)",1,4.75286865234375,1,"(39.2515869140625, -87.0887451171875, 663.3082885742188)",1
10656280878,10617654925,"(nan, nan)","(nan, nan, nan)",0,nan,0,"(nan, nan, nan)",0,"(0.44514286518096924, 0.46362826228141785)","(-29.270116806030273, 167.13555908203125, 53.99536895751953)",1,4.7365570068359375,1,"(39.26652145385742, -87.11200714111328, 663.4544067382812)",1
10656297574,10617671621,"(0.4659408628940582, 0.4676140248775482)","(-17.762611389160156, 165.9698944091797, 53.571075439453125)",1,4.7564544677734375,1,"(-15.696135520935059, -94.57330322265625, 666.1506958007812)",1,"(nan, nan)","(nan, nan, nan)",0,nan,0,"(nan, nan, nan)",0
10656313616,10617687663,"(0.4892050623893738, 0.45503735542297363)","(-4.890495300292969, 169.64810180664062, 54.90981674194336)",1,4.7408599853515625,1,"(-15.555559158325195, -94.526611328125, 666.0560913085938)",1,"(0.4688812792301178, 0.46026235818862915)","(-16.13564682006836, 168.11996459960938, 54.3536376953125)",1,4.684844970703125,1,"(39.48999786376953, -87.18016815185547, 664.010009765625)",1
10656330844,10617704891,"(nan, nan)","(nan, nan, nan)",0,nan,0,"(nan, nan, nan)",0,"(0.47202619910240173, 0.45979824662208557)","(-14.395580291748047, 168.25570678710938, 54.403038024902344)",1,4.680694580078125,1,"(39.51063537597656, -87.17464447021484, 664.0281372070312)",1
10656347494,10617721541,"(0.494083046913147, 0.45135101675987244)","(-2.191514492034912, 170.72622680664062, 55.30219650268555)",1,4.6963653564453125,1,"(-15.514244079589844, -94.46858978271484, 665.8290405273438)",1,"(nan, nan)","(nan, nan, nan)",0,nan,0,"(nan, nan, nan)",0
10656363536,10617737583,"(0.4933050572872162, 0.44865190982818604)","(-2.6220009326934814, 171.51559448242188, 55.589534759521484)",1,4.67169189453125,1,"(-15.571913719177246, -94.47943878173828, 666.06201171875)",1,"(0.478805273771286, 0.4554758667945862)","(-10.644702911376953, 169.51983642578125, 54.86309814453125)",1,4.64117431640625,1,"(39.46845245361328, -87.0921859741211, 664.1103515625)",1
10656380774,10617754821,"(nan, nan)","(nan, nan, nan)",0,nan,0,"(nan, nan, nan)",0,"(0.4790775775909424, 0.4570637047290802)","(-10.494022369384766, 169.05545043945312, 54.694095611572266)",1,4.6471405029296875,1,"(39.451744079589844, -87.09326934814453, 664.1924438476562)",1
10656397414,10617771461,"(0.4973764419555664, 0.45600011944770813)","(-0.36926978826522827, 169.3665008544922, 54.80736541748047)",1,4.649200439453125,1,"(-15.696409225463867, -94.50284576416016, 666.6360473632812)",1,"(nan, nan)","(nan, nan, nan)",0,nan,0,"(nan, nan, nan)",0
10656413456,10617787503,"(0.4918217062950134, 0.46059146523475647)","(-3.4426958560943604, 168.0237274169922, 54.31858444213867)",1,4.6300201416015625,1,"(-15.746761322021484, -94.42089080810547, 666.3562622070312)",1,"(0.47522589564323425, 0.45569276809692383)","(-12.62517261505127, 169.4564208984375, 54.839996337890625)",1,4.615814208984375,1,"(39.34059143066406, -87.0009765625, 664.353515625)",1
10656430694,10617804741,"(nan, nan)","(nan, nan, nan)",0,nan,0,"(nan, nan, nan)",0,"(0.473958820104599, 0.4545179009437561)","(-13.326231002807617, 169.80001831054688, 54.96504592895508)",1,4.6132354736328125,1,"(39.325504302978516, -86.99159240722656, 664.3283081054688)",1
10656447334,10617821381,"(0.4920130968093872, 0.4620579779148102)","(-3.3368101119995117, 167.59483337402344, 54.16250228881836)",1,4.62060546875,1,"(-15.811671257019043, -94.40550231933594, 666.238037109375)",1,"(nan, nan)","(nan, nan, nan)",0,nan,0,"(nan, nan, nan)",0
10656463376,10617837423,"(0.4903968572616577, 0.45738232135772705)","(-4.231089115142822, 168.96226501464844, 54.66025161743164)",1,4.6084136962890625,1,"(-15.848219871520996, -94.49483489990234, 666.5201416015625)",1,"(0.48094692826271057, 0.4609017074108124)","(-9.459728240966797, 167.93299865722656, 54.28557205200195)",1,4.570892333984375,1,"(39.226905822753906, -87.0325698852539, 664.5823974609375)",1
10656480563,10617854610,"(nan, nan)","(nan, nan, nan)",0,nan,0,"(nan, nan, nan)",0,"(0.4811200499534607, 0.4579533636569977)","(-9.363923072814941, 168.79525756835938, 54.59939956665039)",1,4.578582763671875,1,"(39.219181060791016, -87.04377746582031, 664.5624389648438)",1
10656497254,10617871301,"(0.5025817155838013, 0.45062947273254395)","(2.510789155960083, 170.93727111816406, 55.37900161743164)",1,4.5637054443359375,1,"(-15.834650039672852, -94.5171890258789, 666.2251586914062)",1,"(nan, nan)","(nan, nan, nan)",0,nan,0,"(nan, nan, nan)",0
10656513296,10617887343,"(0.5303736925125122, 0.43054139614105225)","(17.88811492919922, 176.81224060058594, 57.517330169677734)",1,4.5699310302734375,1,"(-15.742663383483887, -94.4962158203125, 665.8651123046875)",1,"(0.5210911631584167, 0.44734451174736023)","(12.75207805633545, 171.89794921875, 55.728702545166016)",1,4.544219970703125,1,"(39.25526428222656, -87.00650787353516, 663.8560791015625)",1
10656530529,10617904576,"(nan, nan)","(nan, nan, nan)",0,nan,0,"(nan, nan, nan)",0,"(0.5219691395759583, 0.4466489851474762)","(13.237908363342285, 172.10134887695312, 55.80274963378906)",1,4.53363037109375,1,"(39.26051712036133, -87.02886962890625, 663.9691772460938)",1
10656547174,10617921221,"(0.5282450318336487, 0.4319671392440796)","(16.71033477783203, 176.395263671875, 57.365543365478516)",1,4.5628662109375,1,"(-15.763261795043945, -94.62422943115234, 666.677490234375)",1,"(nan, nan)","(nan, nan, nan)",0,nan,0,"(nan, nan, nan)",0
10656563216,10617937263,"(0.5286319255828857, 0.4277544319629669)","(16.924423217773438, 177.6273193359375, 57.81401824951172)",1,4.5631103515625,1,"(-15.776731491088867, -94.70237731933594, 667.2714233398438)",1,"(0.5208291411399841, 0.4464268386363983)","(12.607134819030762, 172.16632080078125, 55.8264045715332)",1,4.534759521484375,1,"(39.33232879638672, -87.22479248046875, 665.287109375)",1
10656580454,10617954501,"(nan, nan)","(nan, nan, nan)",0,nan,0,"(nan, nan, nan)",0,"(0.5225327014923096, 0.4493900537490845)","(13.549699783325195, 171.29969787597656, 55.510982513427734)",1,4.532562255859375,1,"(39.346981048583984, -87.23417663574219, 665.4368896484375)",1
10656597094,10617971141,"(0.52882981300354, 0.43723374605178833)","(17.0339412689209, 174.85498046875, 56.804935455322266)",1,4.54931640625,1,"(-15.757657051086426, -94.702880859375, 668.060302734375)",1,"(nan, nan)","(nan, nan, nan)",0,nan,0,"(nan, nan, nan)",0
10656613136,10617987183,"(0.5251790881156921, 0.4277099370956421)","(15.013965606689453, 177.64031982421875, 57.8187370300293)",1,4.5472869873046875,1,"(-15.6966552734375, -94.63729858398438, 668.3702392578125)",1,"(0.5232148766517639, 0.45024293661117554)","(13.927170753479004, 171.05027770996094, 55.420162200927734)",1,4.5131988525390625,1,"(39.48347091674805, -87.17156219482422, 666.36572265625)",1
10656630374,10618004421,"(nan, nan)","(nan, nan, nan)",0,nan,0,"(nan, nan, nan)",0,"(0.5249807834625244, 0.44602176547050476)","(14.90423583984375, 172.2847900390625, 55.86949157714844)",1,4.514007568359375,1,"(39.4997673034668, -87.15079498291016, 666.41357421875)",1
10656647014,10618021061,"(0.5224413275718689, 0.43904727697372437)","(13.499134063720703, 174.3245849609375, 56.611900329589844)",1,4.538360595703125,1,"(-15.612635612487793, -94.4638900756836, 668.4456176757812)",1,"(nan, nan)","(nan, nan, nan)",0,nan,0,"(nan, nan, nan)",0
10656663056,10618037103,"(0.5270874500274658, 0.4305412173271179)","(16.06985092163086, 176.812255859375, 57.51738357543945)",1,4.53924560546875,1,"(-15.601917266845703, -94.48797607421875, 668.7659301757812)",1,"(0.5235930681228638, 0.44411104917526245)","(14.136408805847168, 172.84361267089844, 56.072879791259766)",1,4.4844512939453125,1,"(39.631927490234375, -87.02202606201172, 666.8198852539062)",1
10656680294,10618054341,"(nan, nan)","(nan, nan, nan)",0,nan,0,"(nan, nan, nan)",0,"(0.5206849575042725, 0.44607996940612793)","(12.52734375, 172.2677764892578, 55.86330795288086)",1,4.497283935546875,1,"(39.64653778076172, -87.03124237060547, 666.9097290039062)",1
10656696934,10618070981,"(0.5309619903564453, 0.4354301691055298)","(18.213651657104492, 175.3824462890625, 56.99691390991211)",1,4.5400390625,1,"(-15.609113693237305, -94.59468841552734, 669.4949951171875)",1,"(nan, nan)","(nan, nan, nan)",0,nan,0,"(nan, nan, nan)",0
10656712976,10618087023,"(0.53080815076828, 0.44115445017814636)","(18.128509521484375, 173.70831298828125, 56.38761901855469)",1,4.54046630859375,1,"(-15.583800315856934, -94.67366027832031, 669.7645874023438)",1,"(0.5218309164047241, 0.4453336000442505)","(13.161423683166504, 172.48606872558594, 55.94276428222656)",1,4.4945526123046875,1,"(39.781925201416016, -87.21490478515625, 667.7378540039062)",1
10656730214,10618104261,"(nan, nan)","(nan, nan, nan)",0,nan,0,"(nan, nan, nan)",0,"(0.5178684592247009, 0.44234931468963623)","(10.969003677368164, 173.35885620117188, 56.26042175292969)",1,4.5073089599609375,1,"(39.79539108276367, -87.241943359375, 667.7185668945312)",1
10656746854,10618120901,"(0.5293598175048828, 0.43174588680267334)","(17.327165603637695, 176.45994567871094, 57.38910675048828)",1,4.527923583984375,1,"(-15.4859037399292, -94.75148010253906, 669.441650390625)",1,"(nan, nan)","(nan, nan, nan)",0,nan,0,"(nan, nan, nan)",0
10656762896,10618136943,"(0.5773040652275085, 0.4262846112251282)","(43.8547248840332, 178.05714416503906, 57.97049331665039)",1,4.53118896484375,1,"(-15.208314895629883, -94.74247741699219, 669.1986694335938)",1,"(0.5618678331375122, 0.43503862619400024)","(35.31383514404297, 175.49696350097656, 57.038631439208984)",1,4.4915618896484375,1,"(40.13334655761719, -87.31633758544922, 667.0927124023438)",1
10656780134,10618154181,"(nan, nan)","(nan, nan, nan)",0,nan,0,"(nan, nan, nan)",0,"(0.5672075152397156, 0.4331190586090088)","(38.26826858520508, 176.05838012695312, 57.242950439453125)",1,4.4959259033203125,1,"(40.178550720214844, -87.3399429321289, 667.1869506835938)",1
10656796774,10618170821,"(0.5839501619338989, 0.4359121322631836)","(47.531978607177734, 175.2415008544922, 56.94563674926758)",1,4.5275115966796875,1,"(-15.035409927368164, -94.70077514648438, 668.6627197265625)",1,"(nan, nan)","(nan, nan, nan)",0,nan,0,"(nan, nan, nan)",0
10656812816,10618186863,"(0.5779414772987366, 0.4428512156009674)","(44.20735168457031, 173.21209716796875, 56.20696258544922)",1,4.5156707763671875,1,"(-14.951016426086426, -94.6058349609375, 667.9454956054688)",1,"(0.5737638473510742, 0.4451346695423126)","(41.8958740234375, 172.5442352294922, 55.96394729614258)",1,4.4994964599609375,1,"(40.27766418457031, -87.23397827148438, 665.8767700195312)",1
10656830054,10618204101,"(nan, nan)","(nan, nan, nan)",0,nan,0,"(nan, nan, nan)",0,"(0.5708096027374268, 0.4454321265220642)","(40.26129150390625, 172.4572296142578, 55.93228530883789)",1,4.4927520751953125,1,"(40.29095458984375, -87.25443267822266, 665.9555053710938)",1
10656846694,10618220741,"(0.5831180214881897, 0.4458000063896179)","(47.071590423583984, 172.3496551513672, 55.893070220947266)",1,4.5103759765625,1,"(-14.95779037475586, -94.68732452392578, 668.490966796875)",1,"(nan, nan)","(nan, nan, nan)",0,nan,0,"(nan, nan, nan)",0
10656862736,10618236783,"(0.5810191631317139, 0.44389405846595764)","(45.91029739379883, 172.90707397460938, 56.0959587097168)",1,4.513153076171875,1,"(-14.969554901123047, -94.7734603881836, 669.1044921875)",1,"(0.5690757632255554, 0.4369148910045624)","(39.3020133972168, 174.9481964111328, 56.838932037353516)",1,4.520355224609375,1,"(40.4171142578125, -87.45976257324219, 667.1135864257812)",1
10656879974,10618254021,"(nan, nan)","(nan, nan, nan)",0,nan,0,"(nan, nan, nan)",0,"(0.5689663290977478, 0.43372002243995667)","(39.241455078125, 175.88259887695312, 57.17899703979492)",1,4.517791748046875,1,"(40.42716979980469, -87.47698974609375, 667.236328125)",1
10656896614,10618270661,"(0.5819153785705566, 0.4323998987674713)","(46.40614318847656, 176.2686767578125, 57.31950378417969)",1,4.544708251953125,1,"(-14.9816255569458, -94.83997344970703, 669.6554565429688)",1,"(nan, nan)","(nan, nan, nan)",0,nan,0,"(nan, nan, nan)",0
10656912656,10618286703,"(0.5788537263870239, 0.4312416613101959)","(44.712135314941406, 176.60743713378906, 57.4427604675293)",1,4.54498291015625,1,"(-14.984431266784668, -94.85157775878906, 669.83154296875)",1,"(0.5707593560218811, 0.4353196620941162)","(40.23349380493164, 175.4147186279297, 57.00876235961914)",1,4.5363616943359375,1,"(40.47003173828125, -87.54058074951172, 667.8159790039062)",1
10656929894,10618303941,"(nan, nan)","(nan, nan, nan)",0,nan,0,"(nan, nan, nan)",0,"(0.5680705308914185, 0.43800875544548035)","(38.74577331542969, 174.6282958984375, 56.72252655029297)",1,4.53717041015625,1,"(40.46856689453125, -87.54141998291016, 667.8387451171875)",1
10656946534,10618320581,"(0.579464852809906, 0.4256013035774231)","(45.05027389526367, 178.2570343017578, 58.043148040771484)",1,4.5356292724609375,1,"(-15.017255783081055, -94.86467742919922, 669.9190063476562)",1,"(nan, nan)","(nan, nan, nan)",0,nan,0,"(nan, nan, nan)",0
10656962576,10618336623,"(0.5882297158241272, 0.4242560565471649)","(49.899871826171875, 178.6504364013672, 58.18641662597656)",1,4.5540618896484375,1,"(-15.094426155090332, -94.85071563720703, 669.9271850585938)",1,"(0.5713043808937073, 0.44222280383110046)","(40.5350456237793, 173.3958740234375, 56.27387619018555)",1,4.53668212890625,1,"(40.38471984863281, -87.51100158691406, 667.8923950195312)",1
10656979814,10618353861,"(nan, nan)","(nan, nan, nan)",0,nan,0,"(nan, nan, nan)",0,"(0.5726523995399475, 0.43898409605026245)","(41.2808952331543, 174.34304809570312, 56.61863708496094)",1,4.5377044677734375,1,"(40.355072021484375, -87.48975372314453, 667.7747192382812)",1
10656996454,10618370501,"(0.5891801714897156, 0.42614370584487915)","(50.42580032348633, 178.09835815429688, 57.9854850769043)",1,4.555084228515625,1,"(-15.162383079528809, -94.73921203613281, 669.3792724609375)",1,"(nan, nan)","(nan, nan, nan)",0,nan,0,"(nan, nan, nan)",0
10657012496,10618386543,"(0.5851291418075562, 0.43049806356430054)","(48.18431091308594, 176.8249053955078, 57.52191162109375)",1,4.5617523193359375,1,"(-15.173419952392578, -94.63463592529297, 668.8589477539062)",1,"(0.5728834867477417, 0.4363166391849518)","(41.40879440307617, 175.12319946289062, 56.902587890625)",1,4.5520477294921875,1,"(40.18675994873047, -87.33515930175781, 666.8082885742188)",1
10657029734,10618403781,"(nan, nan)","(nan, nan, nan)",0,nan,0,"(nan, nan, nan)",0,"(0.5697969198226929, 0.4360691010951996)","(39.70097351074219, 175.19558715820312, 56.92893600463867)",1,4.5580596923828125,1,"(40.1840934753418, -87.32743835449219, 666.7786865234375)",1
10657046374,10618420421,"(0.5858807563781738, 0.4346823990345001)","(48.600181579589844, 175.60110473632812, 57.076568603515625)",1,4.564208984375,1,"(-15.17819595336914, -94.5704345703125, 668.6248168945312)",1,"(nan, nan)","(nan, nan, nan)",0,nan,0,"(nan, nan, nan)",0
10657062416,10618436463,"(0.5091565251350403, 0.4609634578227997)","(6.148658275604248, 167.91490173339844, 54.27902603149414)",1,4.58892822265625,1,"(-15.508437156677246, -94.59436798095703, 668.3099975585938)",1,"(0.4824036955833435, 0.4782187342643738)","(-8.653687477111816, 162.868408203125, 52.44220733642578)",1,4.5885009765625,1,"(39.74335861206055, -87.31979370117188, 666.3869018554688)",1
10657079654,10618453701,"(nan, nan)","(nan, nan, nan)",0,nan,0,"(nan, nan, nan)",0,"(0.46180015802383423, 0.4777407646179199)","(-20.05362319946289, 163.00819396972656, 52.49306869506836)",1,4.61260986328125,1,"(39.6441535949707, -87.28469848632812, 666.1041870117188)",1
10657096294,10618470341,"(0.4509795606136322, 0.4694940149784088)","(-26.04066276550293, 165.4200439453125, 53.370967864990234)",1,4.6098785400390625,1,"(-15.67491626739502, -94.64165496826172, 668.3489990234375)",1,"(nan, nan)","(nan, nan, nan)",0,nan,0,"(nan, nan, nan)",0
10657112336,10618486383,"(0.4461458623409271, 0.4662897288799286)","(-28.715129852294922, 166.357177734375, 53.7120475769043)",1,4.605682373046875,1,"(-15.627456665039062, -94.59990692138672, 668.0696411132812)",1,"(0.43771839141845703, 0.48838692903518677)","(-33.37810134887695, 159.89462280273438, 51.35981369018555)",1,4.59991455078125,1,"(39.55069351196289, -87.25585174560547, 666.0679931640625)",1
10657129574,10618503621,"(nan, nan)","(nan, nan, nan)",0,nan,0,"(nan, nan, nan)",0,"(0.437317430973053, 0.4881032109260559)","(-33.59992599487305, 159.9776153564453, 51.390010833740234)",1,4.59356689453125,1,"(39.562469482421875, -87.25431060791016, 666.0650024414062)",1
10657146214,10618520261,"(0.4540475010871887, 0.47851869463920593)","(-24.34317970275879, 162.7807159423828, 52.41022872924805)",1,4.6086273193359375,1,"(-15.601602554321289, -94.60518646240234, 668.1666870117188)",1,"(nan, nan)","(nan, nan, nan)",0,nan,0,"(nan, nan, nan)",0
10657162256,10618536303,"(0.45660892128944397, 0.4774317443370819)","(-22.925968170166016, 163.09860229492188, 52.52597427368164)",1,4.6152191162109375,1,"(-15.594383239746094, -94.66236114501953, 668.6184692382812)",1,"(0.430852472782135, 0.48400673270225525)","(-37.17698287963867, 161.17562866210938, 51.82611083984375)",1,4.62640380859375,1,"(39.69428253173828, -87.32123565673828, 666.6705322265625)",1
10657179494,10618553541,"(nan, nan)","(nan, nan, nan)",0,nan,0,"(nan, nan, nan)",0,"(0.43028876185417175, 0.48454946279525757)","(-37.4888916015625, 161.01690673828125, 51.768333435058594)",1,4.637451171875,1,"(39.70431137084961, -87.32586669921875, 666.75732421875)",1
10657196134,10618570181,"(0.45778128504753113, 0.4669710099697113)","(-22.277273178100586, 166.15794372558594, 53.63947296142578)",1,4.630401611328125,1,"(-15.569964408874512, -94.7255630493164, 669.0725708007812)",1,"(nan, nan)","(nan, nan, nan)",0,nan,0,"(nan, nan, nan)",0
10657212176,10618586223,"(0.45752787590026855, 0.470013827085495)","(-22.41747283935547, 165.26803588867188, 53.3155632019043)",1,4.647979736328125,1,"(-15.528183937072754, -94.6964111328125, 668.8294067382812)",1,"(0.4323060214519501, 0.4798373281955719)","(-36.37273406982422, 162.39503479003906, 52.26997756958008)",1,4.6436309814453125,1,"(39.7674446105957, -87.30182647705078, 666.8297729492188)",1
10657229363,10618603410,"(nan, nan)","(nan, nan, nan)",0,nan,0,"(nan, nan, nan)",0,"(0.4336923062801361, 0.47744303941726685)","(-35.6057014465332, 163.0952606201172, 52.52482986450195)",1,4.6500396728515625,1,"(39.7646484375, -87.28047943115234, 666.7012939453125)",1
10657246054,10618620101,"(0.45379623770713806, 0.47998785972595215)","(-24.482202529907227, 162.35101318359375, 52.25390625)",1,4.6520233154296875,1,"(-15.457886695861816, -94.58380126953125, 667.9712524414062)",1,"(nan, nan)","(nan, nan, nan)",0,nan,0,"(nan, nan, nan)",0
10657262096,10618636143,"(0.45416024327278137, 0.4814556837081909)","(-24.28079605102539, 161.9217071533203, 52.097679138183594)",1,4.663299560546875,1,"(-15.42059326171875, -94.52120208740234, 667.4786376953125)",1,"(0.4370647072792053, 0.4829784035682678)","(-33.739749908447266, 161.47640991210938, 51.93553924560547)",1,4.6533203125,1,"(39.72219467163086, -87.0779037475586, 665.4701538085938)",1
10657279329,10618653376,"(nan, nan)","(nan, nan, nan)",0,nan,0,"(nan, nan, nan)",0,"(0.4367205500602722, 0.48197564482688904)","(-33.93016815185547, 161.76968383789062, 52.04228973388672)",1,4.655120849609375,1,"(39.7237434387207, -87.0655288696289, 665.3936767578125)",1
10657295974,10618670021,"(0.4506460130214691, 0.4735734164714813)","(-26.225238800048828, 164.2270050048828, 52.936676025390625)",1,4.6537933349609375,1,"(-15.397577285766602, -94.47040557861328, 667.10693359375)",1,"(nan, nan)","(nan, nan, nan)",0,nan,0,"(nan, nan, nan)",0
10657312016,10618686063,"(0.449023574590683, 0.47439491748809814)","(-27.122926712036133, 163.9867401123047, 52.84922790527344)",1,4.65777587890625,1,"(-15.358583450317383, -94.48395538330078, 667.2236328125)",1,"(0.43405041098594666, 0.4847085177898407)","(-35.4075927734375, 160.9704132080078, 51.75143051147461)",1,4.6809234619140625,1,"(39.77004623413086, -87.02832794189453, 665.2237548828125)",1
10657329254,10618703301,"(nan, nan)","(nan, nan, nan)",0,nan,0,"(nan, nan, nan)",0,"(0.43504080176353455, 0.4796503186225891)","(-34.859580993652344, 162.44972229003906, 52.28986358642578)",1,4.67919921875,1,"(39.79214096069336, -87.04731750488281, 665.3449096679688)",1
10657345894,10618719941,"(0.4585673213005066, 0.47493866086006165)","(-21.84235954284668, 163.82772827148438, 52.79133224487305)",1,4.67156982421875,1,"(-15.300142288208008, -94.57228088378906, 668.0348510742188)",1,"(nan, nan)","(nan, nan, nan)",0,nan,0,"(nan, nan, nan)",0
10657361936,10618735984,"(0.44131404161453247, 0.48251572251319885)","(-31.388607025146484, 161.61170959472656, 51.98483657836914)",1,4.6876373291015625,1,"(-15.201910972595215, -94.49391174316406, 668.0300903320312)",1,"(0.4193626940250397, 0.48047593235969543)","(-43.5342903137207, 162.20826721191406, 52.20195007324219)",1,4.692352294921875,1,"(39.9781379699707, -87.103271484375, 665.9697265625)",1
10657379174,10618753222,"(nan, nan)","(nan, nan, nan)",0,nan,0,"(nan, nan, nan)",0,"(0.4170149564743042, 0.4848845899105072)","(-44.83328628540039, 160.9188995361328, 51.732662200927734)",1,4.69287109375,1,"(40.00059127807617, -87.08197784423828, 665.8689575195312)",1
10657395814,10618769862,"(0.43682214617729187, 0.4897025227546692)","(-33.87399673461914, 159.50985717773438, 51.21978759765625)",1,4.6946868896484375,1,"(-14.99001407623291, -94.390380859375, 667.8922119140625)",1,"(nan, nan)","(nan, nan, nan)",0,nan,0,"(nan, nan, nan)",0
10657411856,10618785904,"(0.4422411024570465, 0.4846319556236267)","(-30.875654220581055, 160.9927978515625, 51.75950241088867)",1,4.7053375244140625,1,"(-14.861120223999023, -94.42990112304688, 668.390625)",1,"(0.41224125027656555, 0.4837760031223297)","(-47.47458267211914, 161.24314880371094, 51.85065460205078)",1,4.6910858154296875,1,"(40.38575744628906, -87.11798095703125, 666.3703002929688)",1
10657429094,10618803142,"(nan, nan)","(nan, nan, nan)",0,nan,0,"(nan, nan, nan)",0,"(0.41207510232925415, 0.4855266511440277)","(-47.56650161743164, 160.7311248779297, 51.66429901123047)",1,4.6862945556640625,1,"(40.412193298339844, -87.12377166748047, 666.4055786132812)",1
10657445734,10618819782,"(0.44068557024002075, 0.4894864559173584)","(-31.736351013183594, 159.57302856445312, 51.24280548095703)",1,4.7198944091796875,1,"(-14.685870170593262, -94.39672088623047, 668.4911499023438)",1,"(nan, nan)","(nan, nan, nan)",0,nan,0,"(nan, nan, nan)",0
10657461776,10618835824,"(0.44239068031311035, 0.48699450492858887)","(-30.79289436340332, 160.30184936523438, 51.508033752441406)",1,4.7212066650390625,1,"(-14.628395080566406, -94.37884521484375, 668.4757080078125)",1,"(0.4131298065185547, 0.4763653874397278)","(-46.98294448852539, 163.41043090820312, 52.63954544067383)",1,4.683441162109375,1,"(40.57516860961914, -87.15950012207031, 666.3988647460938)",1
10657479014,10618853062,"(nan, nan)","(nan, nan, nan)",0,nan,0,"(nan, nan, nan)",0,"(0.41246140003204346, 0.4780145585536957)","(-47.352760314941406, 162.9281005859375, 52.4639892578125)",1,4.6864013671875,1,"(40.579307556152344, -87.16326904296875, 666.427734375)",1
10657495654,10618869702,"(0.4318424165248871, 0.48513931035995483)","(-36.62924575805664, 160.84442138671875, 51.70549774169922)",1,4.7079620361328125,1,"(-14.586708068847656, -94.3620376586914, 668.5253295898438)",1,"(nan, nan)","(nan, nan, nan)",0,nan,0,"(nan, nan, nan)",0
10657511696,10618885744,"(0.4332508146762848, 0.48753783106803894)","(-35.84998321533203, 160.14292907714844, 51.450252532958984)",1,4.7152862548828125,1,"(-14.60221004486084, -94.30927276611328, 668.4318237304688)",1,"(0.4135524332523346, 0.48678112030029297)","(-46.749114990234375, 160.3642578125, 51.530731201171875)",1,4.6865692138671875,1,"(40.535587310791016, -87.08808135986328, 666.3734130859375)",1
10657528934,10618902982,"(nan, nan)","(nan, nan, nan)",0,nan,0,"(nan, nan, nan)",0,"(0.4127231240272522, 0.49228110909461975)","(-47.207977294921875, 158.75572204589844, 50.94525909423828)",1,4.685943603515625,1,"(40.52314376831055, -87.06767272949219, 666.3603515625)",1
10657545574,10618919622,"(0.4479919672012329, 0.48795992136001587)","(-27.693716049194336, 160.01950073242188, 51.405311584472656)",1,4.71270751953125,1,"(-14.57641315460205, -94.22696685791016, 668.4198608398438)",1,"(nan, nan)","(nan, nan, nan)",0,nan,0,"(nan, nan, nan)",0
10657561616,10618935664,"(0.5072728395462036, 0.4694938361644745)","(5.106394290924072, 165.4201202392578, 53.37098693847656)",1,4.7225799560546875,1,"(-14.318605422973633, -94.06111145019531, 667.902099609375)",1,"(0.4903704524040222, 0.4771689474582672)","(-4.245662212371826, 163.1754608154297, 52.55392074584961)",1,4.67840576171875,1,"(40.692195892333984, -86.76856994628906, 665.7205200195312)",1
10657578854,10618952902,"(nan, nan)","(nan, nan, nan)",0,nan,0,"(nan, nan, nan)",0,"(0.4943808615207672, 0.4820423722267151)","(-2.026716470718384, 161.75018310546875, 52.03516387939453)",1,4.6782379150390625,1,"(40.690345764160156, -86.74590301513672, 665.780517578125)",1
10657595443,10618969491,"(0.5214455723762512, 0.4833705425262451)","(12.94819450378418, 161.3617401123047, 51.893798828125)",1,4.7125701904296875,1,"(-14.393587112426758, -93.89411926269531, 667.2994384765625)",1,"(nan, nan)","(nan, nan, nan)",0,nan,0,"(nan, nan, nan)",0
10657611536,10618985584,"(0.5162733197212219, 0.4817458391189575)","(10.08637809753418, 161.83689880371094, 52.066802978515625)",1,4.71795654296875,1,"(-14.442102432250977, -93.85543060302734, 667.050537109375)",1,"(0.49446389079093933, 0.48089250922203064)","(-1.98079514503479, 162.08644104003906, 52.157657623291016)",1,4.6661529541015625,1,"(40.47904968261719, -86.47677612304688, 665.0004272460938)",1
10657628774,10619002822,"(nan, nan)","(nan, nan, nan)",0,nan,0,"(nan, nan, nan)",0,"(0.49409690499305725, 0.4846876561641693)","(-2.1838316917419434, 160.9765167236328, 51.753662109375)",1,4.67071533203125,1,"(40.457618713378906, -86.45539855957031, 664.9581298828125)",1
10657645358,10619019406,"(0.5213048458099365, 0.47670531272888184)","(12.870330810546875, 163.31103515625, 52.60334014892578)",1,4.705352783203125,1,"(-14.560155868530273, -93.83373260498047, 666.703125)",1,"(nan, nan)","(nan, nan, nan)",0,nan,0,"(nan, nan, nan)",0
10657661456,10619035504,"(0.5241866111755371, 0.4751751124858856)","(14.464808464050293, 163.75857543945312, 52.76622009277344)",1,4.71697998046875,1,"(-14.619640350341797, -93.84300231933594, 666.6656494140625)",1,"(0.4954317808151245, 0.478973925113678)","(-1.4452546834945679, 162.64755249023438, 52.36189270019531)",1,4.6678619384765625,1,"(40.288814544677734, -86.38479614257812, 664.63037109375)",1
10657678694,10619052742,"(nan, nan)","(nan, nan, nan)",0,nan,0,"(nan, nan, nan)",0,"(0.49455881118774414, 0.4781329333782196)","(-1.9282481670379639, 162.8934783935547, 52.45140838623047)",1,4.6735382080078125,1,"(40.279117584228516, -86.3713150024414, 664.529296875)",1
10657695334,10619069382,"(0.5152647495269775, 0.4750632643699646)","(9.528318405151367, 163.791259765625, 52.77809143066406)",1,4.7204437255859375,1,"(-14.63708209991455, -93.76271057128906, 665.948486328125)",1,"(nan, nan)","(nan, nan, nan)",0,nan,0,"(nan, nan, nan)",0
10657711376,10619085424,"(0.5159627199172974, 0.4704253673553467)","(9.914536476135254, 165.14767456054688, 53.27178192138672)",1,4.731414794921875,1,"(-14.646201133728027, -93.77944946289062, 665.8616333007812)",1,"(0.49520358443260193, 0.4836108982563019)","(-1.5715302228927612, 161.29141235351562, 51.86827087402344)",1,4.6710205078125,1,"(40.211669921875, -86.28507995605469, 663.8590087890625)",1
10657728614,10619102662,"(nan, nan)","(nan, nan, nan)",0,nan,0,"(nan, nan, nan)",0,"(0.4950580894947052, 0.4803524613380432)","(-1.6520191431045532, 162.244384765625, 52.215118408203125)",1,4.6656341552734375,1,"(40.210540771484375, -86.29503631591797, 663.8756103515625)",1
10657745254,10619119302,"(0.5103583335876465, 0.4727388620376587)","(6.813636302947998, 164.47105407714844, 53.02556610107422)",1,4.73187255859375,1,"(-14.663983345031738, -93.82572174072266, 665.9698486328125)",1,"(nan, nan)","(nan, nan, nan)",0,nan,0,"(nan, nan, nan)",0
10657761296,10619135344,"(0.5124374628067017, 0.46783775091171265)","(7.9639763832092285, 165.90444946289062, 53.54726028442383)",1,4.7352752685546875,1,"(-14.699356079101562, -93.89070892333984, 666.3023681640625)",1,"(0.49951744079589844, 0.4848580062389374)","(0.8153765797615051, 160.92666625976562, 51.73550796508789)",1,4.670745849609375,1,"(40.181419372558594, -86.41070556640625, 664.2980346679688)",1
10657778483,10619152531,"(nan, nan)","(nan, nan, nan)",0,nan,0,"(nan, nan, nan)",0,"(0.5010383725166321, 0.47796687483787537)","(1.6568955183029175, 162.94207763671875, 52.469024658203125)",1,4.673828125,1,"(40.182926177978516, -86.4332275390625, 664.4239501953125)",1
10657795174,10619169222,"(0.5192776322364807, 0.46901747584342957)","(11.748659133911133, 165.55943298339844, 53.421661376953125)",1,4.76165771484375,1,"(-14.767230033874512, -94.02117156982422, 667.228759765625)",1,"(nan, nan)","(nan, nan, nan)",0,nan,0,"(nan, nan, nan)",0
10657811216,10619185264,"(0.5084399580955505, 0.47282081842422485)","(5.752187728881836, 164.4470977783203, 53.016780853271484)",1,4.753570556640625,1,"(-14.876858711242676, -94.07247924804688, 667.5208129882812)",1,"(0.4865572452545166, 0.47006720304489136)","(-6.355508804321289, 165.25241088867188, 53.309913635253906)",1,4.70611572265625,1,"(40.11290740966797, -86.61778259277344, 665.469482421875)",1
10657828449,10619202497,"(nan, nan)","(nan, nan, nan)",0,nan,0,"(nan, nan, nan)",0,"(0.4802231788635254, 0.4713839292526245)","(-9.860174179077148, 164.86737060546875, 53.169761657714844)",1,4.7038726806640625,1,"(40.092529296875, -86.60929870605469, 665.4288330078125)",1
10657845043,10619219091,"(0.49782946705818176, 0.47968289256095886)","(-0.11860145628452301, 162.44021606445312, 52.28634262084961)",1,4.740509033203125,1,"(-14.926657676696777, -94.06367492675781, 667.461669921875)",1,"(nan, nan)","(nan, nan, nan)",0,nan,0,"(nan, nan, nan)",0
10657861136,10619235184,"(0.4989006519317627, 0.47585541009902954)","(0.47407636046409607, 163.55960083007812, 52.69375991821289)",1,4.7432861328125,1,"(-14.988415718078613, -94.12264251708984, 667.8715209960938)",1,"(0.4825264811515808, 0.4755920469760895)","(-8.585737228393555, 163.63662719726562, 52.721832275390625)",1,4.715362548828125,1,"(40.005409240722656, -86.64071655273438, 665.876708984375)",1
10657878374,10619252422,"(nan, nan)","(nan, nan, nan)",0,nan,0,"(nan, nan, nan)",0,"(0.48427125811576843, 0.47596675157546997)","(-7.620352268218994, 163.5270538330078, 52.68194580078125)",1,4.71539306640625,1,"(39.99521255493164, -86.647705078125, 665.940673828125)",1
10657895014,10619269062,"(0.500490665435791, 0.4915083944797516)","(1.3538188934326172, 158.9817352294922, 51.02753448486328)",1,4.6961822509765625,1,"(-15.075507164001465, -94.17460632324219, 668.2052612304688)",1,"(nan, nan)","(nan, nan, nan)",0,nan,0,"(nan, nan, nan)",0
10657911056,10619285104,"(0.5004989504814148, 0.4911457896232605)","(1.3583853244781494, 159.0877685546875, 51.06615447998047)",1,4.7009735107421875,1,"(-15.121603012084961, -94.15330505371094, 667.9812622070312)",1,"(0.47793248295783997, 0.47417235374450684)","(-11.127607345581055, 164.05181884765625, 52.87295913696289)",1,4.7327728271484375,1,"(39.91472244262695, -86.66629028320312, 665.9498291015625)",1
10657928243,10619302290,"(nan, nan)","(nan, nan, nan)",0,nan,0,"(nan, nan, nan)",0,"(0.4784434735774994, 0.47480127215385437)","(-10.844886779785156, 163.86790466308594, 52.806007385253906)",1,4.72979736328125,1,"(39.904178619384766, -86.66384887695312, 665.900634765625)",1
10657944934,10619318981,"(0.49825748801231384, 0.48954927921295166)","(0.11822520196437836, 159.55467224121094, 51.236087799072266)",1,4.724761962890625,1,"(-15.167226791381836, -94.13308715820312, 667.6646118164062)",1,"(nan, nan)","(nan, nan, nan)",0,nan,0,"(nan, nan, nan)",0
10657960976,10619335023,"(0.4991399943828583, 0.4869879186153412)","(0.6064956784248352, 160.3037567138672, 51.5087776184082)",1,4.7269439697265625,1,"(-15.21541976928711, -94.21471405029297, 667.9642333984375)",1,"(0.4812444746494293, 0.47089192271232605)","(-9.29509449005127, 165.01126098632812, 53.222110748291016)",1,4.73004150390625,1,"(39.7993049621582, -86.73957061767578, 665.9607543945312)",1
10657978209,10619352256,"(nan, nan)","(nan, nan, nan)",0,nan,0,"(nan, nan, nan)",0,"(0.4829249083995819, 0.4741281270980835)","(-8.3652982711792, 164.06475830078125, 52.877628326416016)",1,4.73016357421875,1,"(39.787166595458984, -86.74980163574219, 666.0149536132812)",1
10657994854,10619368901,"(0.5011857151985168, 0.4832068681716919)","(1.7383956909179688, 161.40960693359375, 51.91123962402344)",1,4.7291717529296875,1,"(-15.28080940246582, -94.2988052368164, 668.1959228515625)",1,"(nan, nan)","(nan, nan, nan)",0,nan,0,"(nan, nan, nan)",0
10658010896,10619384943,"(0.5060768127441406, 0.47618091106414795)","(4.444642066955566, 163.4644012451172, 52.659149169921875)",1,4.7292327880859375,1,"(-15.278105735778809, -94.3134994506836, 668.0321655273438)",1,"(0.49030327796936035, 0.48192718625068665)","(-4.282824993133545, 161.78382873535156, 52.04745101928711)",1,4.715972900390625,1,"(39.72661590576172, -86.77899169921875, 666.034423828125)",1
10658028134,10619402181,"(nan, nan)","(nan, nan, nan)",0,nan,0,"(nan, nan, nan)",0,"(0.507217526435852, 0.47862279415130615)","(5.07582426071167, 162.75027465820312, 52.39919662475586)",1,4.72943115234375,1,"(39.77796173095703, -86.74462890625, 665.7826538085938)",1
10658044774,10619418821,"(0.5979039072990417, 0.4650437831878662)","(55.252601623535156, 166.7216033935547, 53.844608306884766)",1,4.7557373046875,1,"(-14.902463912963867, -94.1816177368164, 667.4246826171875)",1,"(nan, nan)","(nan, nan, nan)",0,nan,0,"(nan, nan, nan)",0
10658060816,10619434863,"(0.5944551229476929, 0.462502658367157)","(53.344356536865234, 167.46478271484375, 54.115116119384766)",1,4.75469970703125,1,"(-14.970257759094238, -94.28803253173828, 668.044921875)",1,"(0.5865482091903687, 0.45926201343536377)","(48.96950149536133, 168.41253662109375, 54.4600944519043)",1,4.7152252197265625,1,"(39.985347747802734, -86.8058090209961, 666.19482421875)",1
10658078054,10619452101,"(nan, nan)","(nan, nan, nan)",0,nan,0,"(nan, nan, nan)",0,"(0.5873558521270752, 0.4581167697906494)","(49.416358947753906, 168.74749755859375, 54.581993103027344)",1,4.7324066162109375,1,"(39.97306442260742, -86.81282043457031, 666.2481689453125)",1
10658094694,10619468741,"(0.6060340404510498, 0.45631808042526245)","(59.75099563598633, 169.27349853515625, 54.77348709106445)",1,4.7341461181640625,1,"(-15.092510223388672, -94.39265441894531, 668.7669677734375)",1,"(nan, nan)","(nan, nan, nan)",0,nan,0,"(nan, nan, nan)",0
10658110736,10619484783,"(0.6019783020019531, 0.462004154920578)","(57.50701141357422, 167.6105499267578, 54.16825866699219)",1,4.7248992919921875,1,"(-15.099641799926758, -94.32809448242188, 668.2752685546875)",1,"(0.5812395215034485, 0.46480101346969604)","(46.032230377197266, 166.79257202148438, 53.87053298950195)",1,4.7083587646484375,1,"(39.923763275146484, -86.81449890136719, 666.2031860351562)",1
10658127974,10619502021,"(nan, nan)","(nan, nan, nan)",0,nan,0,"(nan, nan, nan)",0,"(0.5822311043739319, 0.4625510573387146)","(46.580841064453125, 167.4506072998047, 54.11005401611328)",1,4.70440673828125,1,"(39.91278076171875, -86.8080062866211, 666.088623046875)",1
10658144614,10619518661,"(0.6038271188735962, 0.45621824264526367)","(58.52989959716797, 169.30274963378906, 54.784088134765625)",1,4.719024658203125,1,"(-15.12866497039795, -94.28067779541016, 667.5941772460938)",1,"(nan, nan)","(nan, nan, nan)",0,nan,0,"(nan, nan, nan)",0
10658160656,10619534703,"(0.6005814671516418, 0.45596379041671753)","(56.73410415649414, 169.37716674804688, 54.81116485595703)",1,4.713592529296875,1,"(-15.132526397705078, -94.25845336914062, 667.2959594726562)",1,"(0.5807039737701416, 0.47234347462654114)","(45.73583984375, 164.58668518066406, 53.06763458251953)",1,4.6727294921875,1,"(39.82724380493164, -86.73509216308594, 665.2827758789062)",1
10658177894,10619551941,"(nan, nan)","(nan, nan, nan)",0,nan,0,"(nan, nan, nan)",0,"(0.5811344385147095, 0.46618756651878357)","(45.97404861450195, 166.38706970214844, 53.7229118347168)",1,4.6796875,1,"(39.824703216552734, -86.73676300048828, 665.281005859375)",1
10658194534,10619568581,"(0.5955322980880737, 0.4602166414260864)","(53.940406799316406, 168.13331604003906, 54.358543395996094)",1,4.7135772705078125,1,"(-15.14484691619873, -94.29122161865234, 667.4682006835938)",1,"(nan, nan)","(nan, nan, nan)",0,nan,0,"(nan, nan, nan)",0
10658210576,10619584623,"(0.5818365216255188, 0.4687649607658386)","(46.362545013427734, 165.63328552246094, 53.448509216308594)",1,4.7047119140625,1,"(-15.255895614624023, -94.36830139160156, 668.0050048828125)",1,"(0.571660041809082, 0.46787968277931213)","(40.73185729980469, 165.89218139648438, 53.54281234741211)",1,4.686676025390625,1,"(39.74128341674805, -86.86924743652344, 666.0437622070312)",1
10658227814,10619601861,"(nan, nan)","(nan, nan, nan)",0,nan,0,"(nan, nan, nan)",0,"(0.561909556388855, 0.47305867075920105)","(35.336910247802734, 164.37753295898438, 52.99152755737305)",1,4.6915283203125,1,"(39.716434478759766, -86.87535858154297, 666.0809326171875)",1
10658244454,10619618501,"(0.5669440031051636, 0.4716799259185791)","(38.122493743896484, 164.78077697753906, 53.13823318481445)",1,4.715911865234375,1,"(-15.340582847595215, -94.45344543457031, 668.4303588867188)",1,"(nan, nan)","(nan, nan, nan)",0,nan,0,"(nan, nan, nan)",0
10658260496,10619634543,"(0.5645382404327393, 0.4756307601928711)","(36.79136657714844, 163.62530517578125, 52.71771240234375)",1,4.71484375,1,"(-15.325997352600098, -94.4105453491211, 668.1104125976562)",1,"(0.5487529635429382, 0.47170042991638184)","(28.05733871459961, 164.77479553222656, 53.1361083984375)",1,4.6963043212890625,1,"(39.69036865234375, -86.88655853271484, 666.0809936523438)",1
10658277734,10619651781,"(nan, nan)","(nan, nan, nan)",0,nan,0,"(nan, nan, nan)",0,"(0.5484824180603027, 0.47414615750312805)","(27.90765953063965, 164.05946350097656, 52.875755310058594)",1,4.70037841796875,1,"(39.689117431640625, -86.87264251708984, 665.9971313476562)",1
10658294374,10619668421,"(0.5650016069412231, 0.47582998871803284)","(37.047794342041016, 163.56703186035156, 52.69646453857422)",1,4.7109527587890625,1,"(-15.271800994873047, -94.3385238647461, 667.658935546875)",1,"(nan, nan)","(nan, nan, nan)",0,nan,0,"(nan, nan, nan)",0
10658310416,10619684463,"(0.5640546083450317, 0.4769971966743469)","(36.523773193359375, 163.22567749023438, 52.57220458984375)",1,4.7079010009765625,1,"(-15.227025985717773, -94.29121398925781, 667.3160400390625)",1,"(0.5571795701980591, 0.4775129556655884)","(32.7198486328125, 163.0748291015625, 52.5173454284668)",1,4.6867828369140625,1,"(39.683895111083984, -86.78157806396484, 665.267333984375)",1
10658327654,10619701701,"(nan, nan)","(nan, nan, nan)",0,nan,0,"(nan, nan, nan)",0,"(0.5550512075424194, 0.4816896915435791)","(31.542190551757812, 161.85328674316406, 52.07272720336914)",1,4.6983184814453125,1,"(39.686519622802734, -86.77114868164062, 665.1729736328125)",1
10658344294,10619718341,"(0.5625599026679993, 0.4815728962421417)","(35.69677734375, 161.88743591308594, 52.0851936340332)",1,4.7010650634765625,1,"(-15.173661231994629, -94.24504089355469, 666.8722534179688)",1,"(nan, nan)","(nan, nan, nan)",0,nan,0,"(nan, nan, nan)",0
10658360336,10619734383,"(0.5621305108070374, 0.47879666090011597)","(35.45918273925781, 162.6993865966797, 52.38072204589844)",1,4.704925537109375,1,"(-15.147174835205078, -94.26502990722656, 666.9671020507812)",1,"(0.5501350164413452, 0.47761374711990356)","(28.822084426879883, 163.04537963867188, 52.50654602050781)",1,4.71929931640625,1,"(39.74641799926758, -86.77790832519531, 664.9617919921875)",1
10658377574,10619751621,"(nan, nan)","(nan, nan, nan)",0,nan,0,"(nan, nan, nan)",0,"(0.5530142784118652, 0.4729101359844208)","(30.41516876220703, 164.42098999023438, 53.007232666015625)",1,4.7147064208984375,1,"(39.7657470703125, -86.79810333251953, 665.1275024414062)",1
10658394214,10619768261,"(0.5658826231956482, 0.4738609492778778)","(37.535213470458984, 164.14292907714844, 52.90605163574219)",1,4.7220306396484375,1,"(-15.13772964477539, -94.38936614990234, 667.8573608398438)",1,"(nan, nan)","(nan, nan, nan)",0,nan,0,"(nan, nan, nan)",0
10658410256,10619784303,"(0.5683160424232483, 0.4735039472579956)","(38.88161849975586, 164.24729919433594, 52.94411087036133)",1,4.7315826416015625,1,"(-15.116293907165527, -94.45301818847656, 668.4520874023438)",1,"(0.5445378422737122, 0.4758819341659546)","(25.725147247314453, 163.55184936523438, 52.690948486328125)",1,4.740203857421875,1,"(39.94213104248047, -86.9424057006836, 666.452880859375)",1
10658427494,10619801541,"(nan, nan)","(nan, nan, nan)",0,nan,0,"(nan, nan, nan)",0,"(0.5483576059341431, 0.4750690758228302)","(27.838621139526367, 163.78958129882812, 52.77748107910156)",1,4.7267913818359375,1,"(39.9489860534668, -86.9428482055664, 666.4717407226562)",1
10658444134,10619818181,"(0.567874014377594, 0.46865540742874146)","(38.6370964050293, 165.6653289794922, 53.460205078125)",1,4.7230682373046875,1,"(-15.059442520141602, -94.41022491455078, 668.2943115234375)",1,"(nan, nan)","(nan, nan, nan)",0,nan,0,"(nan, nan, nan)",0
10658460176,10619834223,"(0.5667781233787537, 0.4697350859642029)","(38.03071594238281, 165.34957885742188, 53.345252990722656)",1,4.7207489013671875,1,"(-15.01932430267334, -94.34224700927734, 667.8596801757812)",1,"(0.5541099905967712, 0.4793224036693573)","(31.021451950073242, 162.54562377929688, 52.324798583984375)",1,4.737274169921875,1,"(39.9403190612793, -86.82585144042969, 665.7977294921875)",1
10658477414,10619851460,"(nan, nan)","(nan, nan, nan)",0,nan,0,"(nan, nan, nan)",0,"(0.55100417137146, 0.4796094000339508)","(29.30298614501953, 162.46170043945312, 52.29423904418945)",1,4.747161865234375,1,"(39.9284782409668, -86.82076263427734, 665.77734375)",1
10658494054,10619868100,"(nan, nan)","(nan, nan, nan)",0,nan,0,"(nan, nan, nan)",0,"(nan, nan)","(nan, nan, nan)",0,nan,0,"(nan, nan, nan)",0
10658510096,10619884142,"(0.5642313361167908, 0.4510999917984009)","(36.62158966064453, 170.79962158203125, 55.32891845703125)",1,4.6962127685546875,1,"(-15.066981315612793, -94.23992156982422, 667.2318725585938)",1,"(0.5338854193687439, 0.48558178544044495)","(19.831161499023438, 160.71498107910156, 51.65839385986328)",1,4.7445831298828125,1,"(39.87873458862305, -86.74473571777344, 665.2172241210938)",1
10658527334,10619901380,"(nan, nan)","(nan, nan, nan)",0,nan,0,"(nan, nan, nan)",0,"(0.5349862575531006, 0.4859200417995453)","(20.44022560119629, 160.61605834960938, 51.62240219116211)",1,4.74334716796875,1,"(39.87002944946289, -86.7161865234375, 665.0362548828125)",1
10658543969,10619918015,"(0.5559960603713989, 0.4732234477996826)","(32.06496810913086, 164.3292999267578, 52.97400665283203)",1,4.714508056640625,1,"(-15.027831077575684, -94.0515365600586, 666.2086181640625)",1,"(nan, nan)","(nan, nan, nan)",0,nan,0,"(nan, nan, nan)",0
10658560016,10619934062,"(0.5542522668838501, 0.4763272702693939)","(31.10013198852539, 163.42161560058594, 52.6435432434082)",1,4.71484375,1,"(-15.000332832336426, -93.96227264404297, 665.6133422851562)",1,"(0.5348619818687439, 0.48162221908569336)","(20.371509552001953, 161.87306213378906, 52.079872131347656)",1,4.7408447265625,1,"(39.78199005126953, -86.49034118652344, 663.5546875)",1
10658577254,10619951300,"(nan, nan)","(nan, nan, nan)",0,nan,0,"(nan, nan, nan)",0,"(0.5392705798149109, 0.483593612909317)","(22.810787200927734, 161.29649353027344, 51.87002182006836)",1,4.7393951416015625,1,"(39.77638244628906, -86.47602081298828, 663.459716796875)",1
10658593894,10619967940,"(0.5545673966407776, 0.47482290863990784)","(31.274511337280273, 163.861572265625, 52.80369567871094)",1,4.7284088134765625,1,"(-14.975214004516602, -93.88569641113281, 665.0911865234375)",1,"(nan, nan)","(nan, nan, nan)",0,nan,0,"(nan, nan, nan)",0
10658609936,10619983982,"(0.5545234084129333, 0.4817708134651184)","(31.250152587890625, 161.82957458496094, 52.064125061035156)",1,4.728363037109375,1,"(-14.95899486541748, -93.79756927490234, 664.7562255859375)",1,"(0.537207841873169, 0.4892681837081909)","(21.669458389282227, 159.6368865966797, 51.26606369018555)",1,4.746795654296875,1,"(39.750579833984375, -86.36185455322266, 662.717529296875)",1
10658627174,10620001220,"(nan, nan)","(nan, nan, nan)",0,nan,0,"(nan, nan, nan)",0,"(0.5358453392982483, 0.4889373779296875)","(20.91556167602539, 159.73361206054688, 51.30126190185547)",1,4.746826171875,1,"(39.75321578979492, -86.3505859375, 662.636962890625)",1
10658643814,10620017860,"(0.5542807579040527, 0.4875786602497101)","(31.115936279296875, 160.1309814453125, 51.44591522216797)",1,4.729461669921875,1,"(-14.928546905517578, -93.70458221435547, 664.3995971679688)",1,"(nan, nan)","(nan, nan, nan)",0,nan,0,"(nan, nan, nan)",0
10658659856,10620033902,"(0.5541995167732239, 0.4900871217250824)","(31.07095718383789, 159.3973846435547, 51.17882537841797)",1,4.726348876953125,1,"(-14.896865844726562, -93.68806457519531, 664.3551635742188)",1,"(0.537056028842926, 0.4898833632469177)","(21.58544921875, 159.45697021484375, 51.200523376464844)",1,4.74700927734375,1,"(39.78422927856445, -86.31888580322266, 662.3027954101562)",1
10658677094,10620051140,"(nan, nan)","(nan, nan, nan)",0,nan,0,"(nan, nan, nan)",0,"(0.5350187420845032, 0.4888308346271515)","(20.458223342895508, 159.76478576660156, 51.31254196166992)",1,4.7443389892578125,1,"(39.8020133972168, -86.3370361328125, 662.3985595703125)",1
10658693734,10620067780,"(0.5557051301002502, 0.4867989122867584)","(31.903982162475586, 160.3590545654297, 51.528907775878906)",1,4.7230987548828125,1,"(-14.863486289978027, -93.80062866210938, 665.0316162109375)",1,"(nan, nan)","(nan, nan, nan)",0,nan,0,"(nan, nan, nan)",0
10658709776,10620083822,"(0.5594123005867004, 0.48168128728866577)","(33.95518493652344, 161.8557586669922, 52.073646545410156)",1,4.722076416015625,1,"(-14.813554763793945, -93.95100402832031, 665.99658203125)",1,"(0.5381202697753906, 0.4849205017089844)","(22.174291610717773, 160.90841674804688, 51.72883987426758)",1,4.760101318359375,1,"(40.02052307128906, -86.58455657958984, 664.0042114257812)",1
10658727014,10620101060,"(nan, nan)","(nan, nan, nan)",0,nan,0,"(nan, nan, nan)",0,"(0.5483852624893188, 0.47687825560569763)","(27.853925704956055, 163.2604522705078, 52.58491134643555)",1,4.770263671875,1,"(40.07011795043945, -86.58869171142578, 664.0292358398438)",1
10658743654,10620117700,"(0.6099551916122437, 0.46805915236473083)","(61.92057800292969, 165.83969116210938, 53.52372741699219)",1,4.7338409423828125,1,"(-14.546758651733398, -93.93429565429688, 666.12744140625)",1,"(nan, nan)","(nan, nan, nan)",0,nan,0,"(nan, nan, nan)",0
10658759696,10620133742,"(0.6122856736183167, 0.4685456454753876)","(63.21002960205078, 165.6974334716797, 53.4719123840332)",1,4.7356109619140625,1,"(-14.532965660095215, -93.97502899169922, 666.1532592773438)",1,"(0.5948020815849304, 0.46189412474632263)","(53.5363655090332, 167.64273071289062, 54.17991638183594)",1,4.7527618408203125,1,"(40.260311126708984, -86.66390228271484, 664.154296875)",1
10658776934,10620150980,"(nan, nan)","(nan, nan, nan)",0,nan,0,"(nan, nan, nan)",0,"(0.596697211265564, 0.4650592803955078)","(54.584930419921875, 166.717041015625, 53.84299087524414)",1,4.76611328125,1,"(40.253517150878906, -86.6483383178711, 664.0336303710938)",1
10658793574,10620167620,"(0.612578272819519, 0.47091227769851685)","(63.37192916870117, 165.00531005859375, 53.21989440917969)",1,4.732391357421875,1,"(-14.541496276855469, -93.91549682617188, 665.7714233398438)",1,"(nan, nan)","(nan, nan, nan)",0,nan,0,"(nan, nan, nan)",0
10658809616,10620183662,"(0.6141552925109863, 0.47263303399086)","(64.24449920654297, 164.50201416015625, 53.0368537902832)",1,4.737060546875,1,"(-14.54212760925293, -93.8615493774414, 665.5468139648438)",1,"(0.5932214856147766, 0.46115291118621826)","(52.66181945800781, 167.8595428466797, 54.25883483886719)",1,4.78436279296875,1,"(40.21884536743164, -86.5536880493164, 663.4781494140625)",1
10658826854,10620200900,"(nan, nan)","(nan, nan, nan)",0,nan,0,"(nan, nan, nan)",0,"(0.5964207649230957, 0.46541059017181396)","(54.431968688964844, 166.61431884765625, 53.80564880371094)",1,4.75946044921875,1,"(40.2154655456543, -86.53843688964844, 663.3840942382812)",1
10658843494,10620217540,"(0.6080919504165649, 0.4778539836406708)","(60.8896369934082, 162.97508239746094, 52.481075286865234)",1,4.7295989990234375,1,"(-14.498617172241211, -93.77367401123047, 665.0545654296875)",1,"(nan, nan)","(nan, nan, nan)",0,nan,0,"(nan, nan, nan)",0
10658859536,10620233582,"(0.6058277487754822, 0.4744701087474823)","(59.63688659667969, 163.96475219726562, 52.84123611450195)",1,4.7289886474609375,1,"(-14.45210075378418, -93.73417663574219, 664.8510131835938)",1,"(0.5954722166061401, 0.47488564252853394)","(53.907127380371094, 163.84324645996094, 52.7969856262207)",1,4.7574005126953125,1,"(40.222801208496094, -86.41242218017578, 662.8021240234375)",1
10658876774,10620250820,"(nan, nan)","(nan, nan, nan)",0,nan,0,"(nan, nan, nan)",0,"(0.5953040719032288, 0.47023719549179077)","(53.81412887573242, 165.2027130126953, 53.291812896728516)",1,4.7712554931640625,1,"(40.243350982666016, -86.43272399902344, 662.954833984375)",1
10658893414,10620267460,"(0.6090987324714661, 0.46705493330955505)","(61.44669723510742, 166.1333770751953, 53.630615234375)",1,4.7347564697265625,1,"(-14.447924613952637, -93.88654327392578, 665.974609375)",1,"(nan, nan)","(nan, nan, nan)",0,nan,0,"(nan, nan, nan)",0
10658909456,10620283502,"(0.6123883724212646, 0.467583566904068)","(63.26686096191406, 165.97882080078125, 53.57421875)",1,4.7504425048828125,1,"(-14.474812507629395, -94.08232116699219, 667.4080200195312)",1,"(0.596621036529541, 0.47397157549858093)","(54.54279327392578, 164.11056518554688, 52.89433670043945)",1,4.783233642578125,1,"(40.44207000732422, -86.75016784667969, 665.430419921875)",1
10658926694,10620300740,"(nan, nan)","(nan, nan, nan)",0,nan,0,"(nan, nan, nan)",0,"(0.58696448802948, 0.4730995297431946)","(49.1998176574707, 164.36558532714844, 52.987159729003906)",1,4.7791748046875,1,"(40.392024993896484, -86.80953979492188, 665.8253173828125)",1
10658943329,10620317375,"(0.4888787865638733, 0.4969770014286041)","(-5.071038246154785, 157.38235473632812, 50.445438385009766)",1,4.802520751953125,1,"(-15.033690452575684, -94.35892486572266, 668.3925170898438)",1,"(nan, nan)","(nan, nan, nan)",0,nan,0,"(nan, nan, nan)",0
10658959376,10620333422,"(0.4556460380554199, 0.5072793364524841)","(-23.45871925354004, 154.3693084716797, 49.34882354736328)",1,4.7863922119140625,1,"(-15.155508041381836, -94.42841339111328, 668.4262084960938)",1,"(0.4442918598651886, 0.5075730085372925)","(-29.740978240966797, 154.28341674804688, 49.3175163269043)",1,4.8140716552734375,1,"(39.74037551879883, -87.00816345214844, 666.3607788085938)",1
10658976614,10620350660,"(nan, nan)","(nan, nan, nan)",0,nan,0,"(nan, nan, nan)",0,"(0.4443664252758026, 0.5071069598197937)","(-29.6997013092041, 154.4197235107422, 49.36713409423828)",1,4.8150634765625,1,"(39.76151657104492, -87.05319213867188, 666.6634521484375)",1
10658993254,10620367300,"(0.454627126455307, 0.5081625580787659)","(-24.02248191833496, 154.11097717285156, 49.254791259765625)",1,4.7872772216796875,1,"(-15.1786527633667, -94.50908660888672, 668.9212036132812)",1,"(nan, nan)","(nan, nan, nan)",0,nan,0,"(nan, nan, nan)",0
10659009296,10620383342,"(0.4569796621799469, 0.5074969530105591)","(-22.720808029174805, 154.3056640625, 49.325592041015625)",1,4.7917327880859375,1,"(-15.18038272857666, -94.52079010009766, 669.1043701171875)",1,"(0.44713565707206726, 0.5124099254608154)","(-28.167484283447266, 152.8687744140625, 48.80268096923828)",1,4.810028076171875,1,"(39.809940338134766, -87.11625671386719, 667.147216796875)",1
10659026534,10620400579,"(nan, nan)","(nan, nan, nan)",0,nan,0,"(nan, nan, nan)",0,"(0.4469911754131317, 0.5101106762886047)","(-28.247440338134766, 153.541259765625, 49.047447204589844)",1,4.803070068359375,1,"(39.82197189331055, -87.11952209472656, 667.1942138671875)",1
10659043174,10620417219,"(0.4600042402744293, 0.5102118253707886)","(-21.047298431396484, 153.51165771484375, 49.03664016723633)",1,4.814361572265625,1,"(-15.177069664001465, -94.56822204589844, 669.5548706054688)",1,"(nan, nan)","(nan, nan, nan)",0,nan,0,"(nan, nan, nan)",0
10659059216,10620433261,"(0.4604579508304596, 0.5076797604560852)","(-20.796249389648438, 154.252197265625, 49.30618667602539)",1,4.8150177001953125,1,"(-15.184350967407227, -94.62062072753906, 669.8779296875)",1,"(0.44351726770401, 0.5099565386772156)","(-30.169572830200195, 153.58633422851562, 49.0638427734375)",1,4.821136474609375,1,"(39.919105529785156, -87.20832824707031, 667.8931274414062)",1
10659076454,10620450499,"(nan, nan)","(nan, nan, nan)",0,nan,0,"(nan, nan, nan)",0,"(0.4399764835834503, 0.5097196698188782)","(-32.128692626953125, 153.65557861328125, 49.089054107666016)",1,4.8228607177734375,1,"(39.92483139038086, -87.22239685058594, 667.977783203125)",1
10659093094,10620467139,"(0.45645853877067566, 0.510166585445404)","(-23.0091609954834, 153.52488708496094, 49.04145050048828)",1,4.827117919921875,1,"(-15.208598136901855, -94.7086181640625, 670.470947265625)",1,"(nan, nan)","(nan, nan, nan)",0,nan,0,"(nan, nan, nan)",0
10659109136,10620483181,"(0.4562295377254486, 0.5057591199874878)","(-23.135835647583008, 154.81390380859375, 49.51056671142578)",1,4.837188720703125,1,"(-15.234983444213867, -94.78579711914062, 670.8898315429688)",1,"(0.44206878542900085, 0.5082330703735352)","(-30.97101402282715, 154.0903778076172, 49.24729919433594)",1,4.828857421875,1,"(39.95536422729492, -87.35957336425781, 668.9027099609375)",1
10659126374,10620500419,"(nan, nan)","(nan, nan, nan)",0,nan,0,"(nan, nan, nan)",0,"(0.44442129135131836, 0.506357729434967)","(-29.66937828063965, 154.6388397216797, 49.44694137573242)",1,4.8346710205078125,1,"(39.95302963256836, -87.36767578125, 668.9740600585938)",1
10659143014,10620517059,"(0.4563441574573517, 0.5084125995635986)","(-23.07242774963379, 154.03785705566406, 49.22817611694336)",1,4.84991455078125,1,"(-15.263839721679688, -94.84197998046875, 671.236328125)",1,"(nan, nan)","(nan, nan, nan)",0,nan,0,"(nan, nan, nan)",0
10659159056,10620533101,"(0.4536699652671814, 0.5176241993904114)","(-24.552080154418945, 151.34384155273438, 48.247589111328125)",1,4.847381591796875,1,"(-15.328113555908203, -94.81393432617188, 671.1021118164062)",1,"(0.437382310628891, 0.5095100998878479)","(-33.56403350830078, 153.7169189453125, 49.111305236816406)",1,4.8412017822265625,1,"(39.892112731933594, -87.37406921386719, 669.0936279296875)",1
10659176294,10620550339,"(nan, nan)","(nan, nan, nan)",0,nan,0,"(nan, nan, nan)",0,"(0.4272475242614746, 0.5095438361167908)","(-39.171592712402344, 153.70704650878906, 49.107723236083984)",1,4.845062255859375,1,"(39.87126922607422, -87.3711166381836, 669.0147094726562)",1
10659192934,10620566979,"(0.4382458031177521, 0.5151263475418091)","(-33.086238861083984, 152.07432556152344, 48.5135612487793)",1,4.8459014892578125,1,"(-15.407028198242188, -94.79734802246094, 670.7504272460938)",1,"(nan, nan)","(nan, nan, nan)",0,nan,0,"(nan, nan, nan)",0
10659208976,10620583021,"(0.4361303746700287, 0.517027735710144)","(-34.256710052490234, 151.51824951171875, 48.311119079589844)",1,4.84600830078125,1,"(-15.408815383911133, -94.8293228149414, 670.7877807617188)",1,"(0.41293635964393616, 0.5177299976348877)","(-47.0899772644043, 151.31285095214844, 48.23638916015625)",1,4.840057373046875,1,"(39.79214096069336, -87.36712646484375, 668.773681640625)",1
10659226214,10620600259,"(nan, nan)","(nan, nan, nan)",0,nan,0,"(nan, nan, nan)",0,"(0.41430601477622986, 0.5178172588348389)","(-46.33213806152344, 151.28733825683594, 48.22709655761719)",1,4.84259033203125,1,"(39.79539108276367, -87.38896942138672, 668.8593139648438)",1
10659242854,10620616899,"(0.43660712242126465, 0.5239242315292358)","(-33.99294662475586, 149.5012969970703, 47.577022552490234)",1,4.8484954833984375,1,"(-15.427943229675293, -94.91667938232422, 671.2749633789062)",1,"(nan, nan)","(nan, nan, nan)",0,nan,0,"(nan, nan, nan)",0
10659258896,10620632941,"(0.4362941086292267, 0.5170629024505615)","(-34.16614532470703, 151.5079803466797, 48.30735778808594)",1,4.8601226806640625,1,"(-15.432621955871582, -94.98241424560547, 671.6090087890625)",1,"(0.4147655963897705, 0.5162182450294495)","(-46.077877044677734, 151.75502014160156, 48.3972282409668)",1,4.8322296142578125,1,"(39.83359146118164, -87.5170669555664, 669.6123657226562)",1
10659276134,10620650179,"(nan, nan)","(nan, nan, nan)",0,nan,0,"(nan, nan, nan)",0,"(0.4152127206325531, 0.5182973742485046)","(-45.830474853515625, 151.14694213867188, 48.17591094970703)",1,4.833160400390625,1,"(39.83966064453125, -87.52645111083984, 669.6857299804688)",1
10659292774,10620666819,"(0.43447163701057434, 0.5195333957672119)","(-35.17452621459961, 150.78549194335938, 48.0443229675293)",1,4.871734619140625,1,"(-15.42967414855957, -95.03901672363281, 672.0982055664062)",1,"(nan, nan)","(nan, nan, nan)",0,nan,0,"(nan, nan, nan)",0
10659308816,10620682861,"(0.4363131821155548, 0.5203471183776855)","(-34.15559768676758, 150.54747009277344, 47.95779800415039)",1,4.87384033203125,1,"(-15.410112380981445, -95.05123138427734, 672.2597045898438)",1,"(0.4128083884716034, 0.5197408199310303)","(-47.160789489746094, 150.7248077392578, 48.022247314453125)",1,4.8382720947265625,1,"(39.938846588134766, -87.59010314941406, 670.2531127929688)",1
10659326003,10620700048,"(nan, nan)","(nan, nan, nan)",0,nan,0,"(nan, nan, nan)",0,"(0.41681531071662903, 0.5215275883674622)","(-44.943756103515625, 150.20223999023438, 47.83205032348633)",1,4.834747314453125,1,"(39.9643440246582, -87.57842254638672, 670.2162475585938)",1
10659342694,10620716739,"(0.5023820400238037, 0.5114231109619141)","(2.400359630584717, 153.15740966796875, 48.90770721435547)",1,4.8782196044921875,1,"(-15.047122955322266, -94.9873046875, 672.2542724609375)",1,"(nan, nan)","(nan, nan, nan)",0,nan,0,"(nan, nan, nan)",0
10659358736,10620732781,"(0.5298287868499756, 0.5076071619987488)","(17.58664321899414, 154.2734375, 49.31386947631836)",1,4.8679962158203125,1,"(-14.92393684387207, -94.92345428466797, 672.0110473632812)",1,"(0.5053277015686035, 0.5029078125953674)","(4.030111789703369, 155.6478271484375, 49.81414794921875)",1,4.826690673828125,1,"(40.36473083496094, -87.51972198486328, 669.97509765625)",1
10659375969,10620750014,"(nan, nan)","(nan, nan, nan)",0,nan,0,"(nan, nan, nan)",0,"(0.5048483610153198, 0.5110867619514465)","(3.7649075984954834, 153.2557830810547, 48.94349670410156)",1,4.8182830810546875,1,"(40.35002136230469, -87.4858627319336, 669.7057495117188)",1
10659392614,10620766659,"(0.5273382067680359, 0.5097389221191406)","(16.20860481262207, 153.64996337890625, 49.086936950683594)",1,4.8678741455078125,1,"(-14.86240291595459, -94.79280090332031, 670.9239501953125)",1,"(nan, nan)","(nan, nan, nan)",0,nan,0,"(nan, nan, nan)",0
10659408656,10620782701,"(0.5278728604316711, 0.515618085861206)","(16.50441551208496, 151.93052673339844, 48.46113967895508)",1,4.857940673828125,1,"(-14.841853141784668, -94.69499206542969, 670.162109375)",1,"(0.5080665946006775, 0.5088831186294556)","(5.545616626739502, 153.9002685546875, 49.178062438964844)",1,4.80535888671875,1,"(40.28151321411133, -87.30242919921875, 668.0936889648438)",1
10659425894,10620799939,"(nan, nan)","(nan, nan, nan)",0,nan,0,"(nan, nan, nan)",0,"(0.5051050186157227, 0.5087223649024963)","(3.9069948196411133, 153.947265625, 49.19516372680664)",1,4.8143463134765625,1,"(40.278785705566406, -87.28634643554688, 667.9192504882812)",1
10659442534,10620816579,"(0.5262764096260071, 0.5151921510696411)","(15.621095657348633, 152.0550994873047, 48.50648498535156)",1,4.836883544921875,1,"(-14.790674209594727, -94.59550476074219, 669.3029174804688)",1,"(nan, nan)","(nan, nan, nan)",0,nan,0,"(nan, nan, nan)",0
10659458576,10620832621,"(0.5240781307220459, 0.51609867811203)","(14.40479564666748, 151.78997802734375, 48.40999221801758)",1,4.8347015380859375,1,"(-14.739752769470215, -94.57891082763672, 669.1566772460938)",1,"(0.5060908198356628, 0.5082905888557434)","(4.4524126052856445, 154.0735321044922, 49.24114227294922)",1,4.8044281005859375,1,"(40.325565338134766, -87.18893432617188, 667.1019287109375)",1
10659475814,10620849859,"(nan, nan)","(nan, nan, nan)",0,nan,0,"(nan, nan, nan)",0,"(0.5073202252388, 0.5072609186172485)","(5.132626533508301, 154.3746795654297, 49.35075759887695)",1,4.8011322021484375,1,"(40.34406280517578, -87.2007827758789, 667.2069091796875)",1
10659492454,10620866499,"(0.5267467498779297, 0.5066674947738647)","(15.881301879882812, 154.5482635498047, 49.41388702392578)",1,4.8539276123046875,1,"(-14.691410064697266, -94.63798522949219, 669.7444458007812)",1,"(nan, nan)","(nan, nan, nan)",0,nan,0,"(nan, nan, nan)",0
10659508496,10620882541,"(0.524396538734436, 0.5065100193023682)","(14.580933570861816, 154.59432983398438, 49.43067169189453)",1,4.8530731201171875,1,"(-14.642448425292969, -94.60478210449219, 669.6134643554688)",1,"(0.5084784030914307, 0.5094584822654724)","(5.773419380187988, 153.7320098876953, 49.11678695678711)",1,4.8173370361328125,1,"(40.4827766418457, -87.25785827636719, 667.5543823242188)",1
10659525734,10620899779,"(nan, nan)","(nan, nan, nan)",0,nan,0,"(nan, nan, nan)",0,"(0.507522463798523, 0.5060492753982544)","(5.244534492492676, 154.7290496826172, 49.47969436645508)",1,4.808746337890625,1,"(40.48938751220703, -87.24728393554688, 667.4102783203125)",1
10659542374,10620916419,"(0.5132343173027039, 0.5141682028770447)","(8.404878616333008, 152.3545684814453, 48.61546325683594)",1,4.8578338623046875,1,"(-14.642705917358398, -94.55374145507812, 669.030029296875)",1,"(nan, nan)","(nan, nan, nan)",0,nan,0,"(nan, nan, nan)",0
10659558416,10620932461,"(0.49199631810188293, 0.5234813094139099)","(-3.3460965156555176, 149.63084411621094, 47.62411880493164)",1,4.86126708984375,1,"(-14.704483985900879, -94.60968017578125, 669.1843872070312)",1,"(0.4672504961490631, 0.5057591795921326)","(-17.0379695892334, 154.8138885498047, 49.51066207885742)",1,4.8202972412109375,1,"(40.39524841308594, -87.30477142333984, 667.1598510742188)",1
10659575654,10620949699,"(nan, nan)","(nan, nan, nan)",0,nan,0,"(nan, nan, nan)",0,"(0.4685444235801697, 0.5076156258583069)","(-16.32204818725586, 154.27093505859375, 49.31303024291992)",1,4.8161773681640625,1,"(40.39859390258789, -87.3059310913086, 667.1373291015625)",1
10659592294,10620966338,"(0.4908362030982971, 0.5286422967910767)","(-3.987990140914917, 148.1214599609375, 47.074806213378906)",1,4.8521575927734375,1,"(-14.666570663452148, -94.59004974365234, 668.9999389648438)",1,"(nan, nan)","(nan, nan, nan)",0,nan,0,"(nan, nan, nan)",0
10659608336,10620982380,"(0.4905131757259369, 0.5281748175621033)","(-4.166724681854248, 148.2581787109375, 47.124507904052734)",1,4.84356689453125,1,"(-14.63290786743164, -94.5203628540039, 668.5744018554688)",1,"(0.4699503779411316, 0.5078502297401428)","(-15.544113159179688, 154.20233154296875, 49.28804397583008)",1,4.8121490478515625,1,"(40.41579055786133, -87.23809814453125, 666.502197265625)",1
10659625574,10620999618,"(nan, nan)","(nan, nan, nan)",0,nan,0,"(nan, nan, nan)",0,"(0.4703235924243927, 0.5123426914215088)","(-15.337600708007812, 152.8884735107422, 48.809837341308594)",1,4.796173095703125,1,"(40.411380767822266, -87.22002410888672, 666.3555297851562)",1
10659642214,10621016258,"(0.488482266664505, 0.530171811580658)","(-5.290404796600342, 147.6741180419922, 46.911949157714844)",1,4.8364105224609375,1,"(-14.574470520019531, -94.4129409790039, 667.6961669921875)",1,"(nan, nan)","(nan, nan, nan)",0,nan,0,"(nan, nan, nan)",0
10659658256,10621032300,"(0.4871712327003479, 0.526975691318512)","(-6.015804290771484, 148.60888671875, 47.252140045166016)",1,4.8325042724609375,1,"(-14.545607566833496, -94.36550903320312, 667.2765502929688)",1,"(0.4730932116508484, 0.516342282295227)","(-13.805152893066406, 151.71871948242188, 48.384063720703125)",1,4.7918548583984375,1,"(40.38296127319336, -87.09282684326172, 665.2010498046875)",1
10659675494,10621049538,"(nan, nan)","(nan, nan, nan)",0,nan,0,"(nan, nan, nan)",0,"(0.4717197120189667, 0.5180595517158508)","(-14.56512451171875, 151.2165069580078, 48.201271057128906)",1,4.77984619140625,1,"(40.38569259643555, -87.0865707397461, 665.1591186523438)",1
10659692134,10621066178,"(0.48889756202697754, 0.523658275604248)","(-5.060611248016357, 149.57907104492188, 47.60529327392578)",1,4.8453216552734375,1,"(-14.52961540222168, -94.3478012084961, 667.1024780273438)",1,"(nan, nan)","(nan, nan, nan)",0,nan,0,"(nan, nan, nan)",0
10659708176,10621082220,"(0.4878116846084595, 0.5264167189598083)","(-5.661461353302002, 148.77230834960938, 47.31169891357422)",1,4.840850830078125,1,"(-14.518049240112305, -94.37057495117188, 667.20263671875)",1,"(0.46765944361686707, 0.5161925554275513)","(-16.811717987060547, 151.76255798339844, 48.39997863769531)",1,4.790679931640625,1,"(40.425167083740234, -87.08980560302734, 665.1502075195312)",1
10659725414,10621099458,"(nan, nan)","(nan, nan, nan)",0,nan,0,"(nan, nan, nan)",0,"(0.476016104221344, 0.5207586884498596)","(-12.187963485717773, 150.42710876464844, 47.91392517089844)",1,4.800750732421875,1,"(40.45603561401367, -87.09419250488281, 665.1947021484375)",1
10659742054,10621116098,"(0.5669441819190979, 0.5153259634971619)","(38.122596740722656, 152.01597595214844, 48.492271423339844)",1,4.86968994140625,1,"(-14.089028358459473, -94.4455337524414, 667.8707885742188)",1,"(nan, nan)","(nan, nan, nan)",0,nan,0,"(nan, nan, nan)",0
10659758096,10621132140,"(0.6056105494499207, 0.5075556635856628)","(59.516658782958984, 154.2885284423828, 49.319358825683594)",1,4.878936767578125,1,"(-13.940418243408203, -94.41844177246094, 668.113037109375)",1,"(0.5849840044975281, 0.498100221157074)","(48.10404968261719, 157.05384826660156, 50.325843811035156)",1,4.818328857421875,1,"(41.041412353515625, -87.20588684082031, 666.1070556640625)",1
10659775334,10621149378,"(nan, nan)","(nan, nan, nan)",0,nan,0,"(nan, nan, nan)",0,"(0.5862082839012146, 0.49931955337524414)","(48.78142547607422, 156.697265625, 50.1960563659668)",1,4.797821044921875,1,"(41.03520584106445, -87.16866302490234, 665.8405151367188)",1
10659791974,10621166018,"(0.6092008948326111, 0.5081038475036621)","(61.50325012207031, 154.12815856933594, 49.26103591918945)",1,4.8540496826171875,1,"(-13.867158889770508, -94.27501678466797, 667.1669311523438)",1,"(nan, nan)","(nan, nan, nan)",0,nan,0,"(nan, nan, nan)",0
10659808016,10621182060,"(0.603527843952179, 0.5139931440353394)","(58.364315032958984, 152.40579223632812, 48.63414001464844)",1,4.838287353515625,1,"(-13.824788093566895, -94.22368621826172, 666.739013671875)",1,"(0.5883773565292358, 0.5072559118270874)","(49.98155975341797, 154.3761444091797, 49.35131072998047)",1,4.7982177734375,1,"(41.0394287109375, -87.01097106933594, 664.6265258789062)",1
10659825254,10621199298,"(nan, nan)","(nan, nan, nan)",0,nan,0,"(nan, nan, nan)",0,"(0.5867949724197388, 0.5018919706344604)","(49.106021881103516, 155.94491577148438, 49.92228317260742)",1,4.7861328125,1,"(41.053646087646484, -87.02930450439453, 664.7153930664062)",1
10659841894,10621215938,"(0.6005694270133972, 0.5274896621704102)","(56.72747039794922, 148.45852661132812, 47.19749069213867)",1,4.816131591796875,1,"(-13.834803581237793, -94.32958984375, 667.3588256835938)",1,"(nan, nan)","(nan, nan, nan)",0,nan,0,"(nan, nan, nan)",0
10659857936,10621231980,"(0.5998138785362244, 0.5270561575889587)","(56.30936813354492, 148.5853271484375, 47.24362564086914)",1,4.81292724609375,1,"(-13.853096961975098, -94.4303970336914, 668.00439453125)",1,"(0.5869603753089905, 0.5072296857833862)","(49.19751739501953, 154.3838348388672, 49.35404968261719)",1,4.8037872314453125,1,"(41.1658935546875, -87.20822143554688, 665.93115234375)",1
10659875174,10621249218,"(nan, nan)","(nan, nan, nan)",0,nan,0,"(nan, nan, nan)",0,"(0.5853388905525208, 0.5082463622093201)","(48.30037307739258, 154.08648681640625, 49.24580001831055)",1,4.81158447265625,1,"(41.17576217651367, -87.22996520996094, 666.064208984375)",1
10659891814,10621265858,"(0.6076633334159851, 0.5165718197822571)","(60.65250778198242, 151.65159606933594, 48.3596305847168)",1,4.8535003662109375,1,"(-13.870802879333496, -94.54088592529297, 668.7513427734375)",1,"(nan, nan)","(nan, nan, nan)",0,nan,0,"(nan, nan, nan)",0
10659907856,10621281900,"(0.6055843830108643, 0.5227649211883545)","(59.502197265625, 149.84036254882812, 47.700355529785156)",1,4.8555755615234375,1,"(-13.87109375, -94.58866119384766, 669.2269897460938)",1,"(0.5847262740135193, 0.506218433380127)","(47.961395263671875, 154.67959594726562, 49.46167755126953)",1,4.8049774169921875,1,"(41.26774215698242, -87.36390686035156, 667.1321411132812)",1
10659925094,10621299137,"(nan, nan)","(nan, nan, nan)",0,nan,0,"(nan, nan, nan)",0,"(0.5849615931510925, 0.5037849545478821)","(48.09161376953125, 155.3912811279297, 49.72072219848633)",1,4.8008575439453125,1,"(41.27841567993164, -87.37580871582031, 667.2714233398438)",1
10659941729,10621315772,"(0.6081783771514893, 0.5174950361251831)","(60.93748092651367, 151.38160705566406, 48.26129913330078)",1,4.8543701171875,1,"(-13.877144813537598, -94.67475128173828, 669.9378051757812)",1,"(nan, nan)","(nan, nan, nan)",0,nan,0,"(nan, nan, nan)",0
10659957776,10621331819,"(0.6050539612770081, 0.5147123336791992)","(59.208744049072266, 152.19544982910156, 48.55754089355469)",1,4.8586273193359375,1,"(-13.884358406066895, -94.75989532470703, 670.59716796875)",1,"(0.5843285322189331, 0.49574798345565796)","(47.74135208129883, 157.7417755126953, 50.57627868652344)",1,4.8173065185546875,1,"(41.37309646606445, -87.53046417236328, 668.5332641601562)",1
10659975014,10621349057,"(nan, nan)","(nan, nan, nan)",0,nan,0,"(nan, nan, nan)",0,"(0.5842767357826233, 0.4934947192668915)","(47.71268081665039, 158.40077209472656, 50.81612014770508)",1,4.798248291015625,1,"(41.380332946777344, -87.55150604248047, 668.7069091796875)",1
10659991654,10621365697,"(nan, nan)","(nan, nan, nan)",0,nan,0,"(nan, nan, nan)",0,"(nan, nan)","(nan, nan, nan)",0,nan,0,"(nan, nan, nan)",0
10660007696,10621381739,"(0.4470836818218231, 0.5325250625610352)","(-28.196266174316406, 146.98590087890625, 46.66143798828125)",1,4.8289642333984375,1,"(-14.624679565429688, -95.0179443359375, 671.3060913085938)",1,"(0.4275140166282654, 0.5440661311149597)","(-39.0241584777832, 143.61058044433594, 45.432891845703125)",1,4.807373046875,1,"(40.61152648925781, -87.69129180908203, 669.3803100585938)",1
10660024934,10621398977,"(nan, nan)","(nan, nan, nan)",0,nan,0,"(nan, nan, nan)",0,"(0.4235962927341461, 0.5444127321243286)","(-41.19184112548828, 143.5092010498047, 45.396018981933594)",1,4.8095703125,1,"(40.5507698059082, -87.65079498291016, 669.0306396484375)",1
10660041569,10621415612,"(0.45008862018585205, 0.544502854347229)","(-26.53363037109375, 143.4828643798828, 45.38639450073242)",1,4.8753814697265625,1,"(-14.677193641662598, -95.01246643066406, 671.09033203125)",1,"(nan, nan)","(nan, nan, nan)",0,nan,0,"(nan, nan, nan)",0
10660057616,10621431659,"(0.44922369718551636, 0.5466054677963257)","(-27.012189865112305, 142.867919921875, 45.16261672973633)",1,4.870330810546875,1,"(-14.713000297546387, -94.9513168334961, 670.70947265625)",1,"(0.42708590626716614, 0.5513624548912048)","(-39.26103591918945, 141.47665405273438, 44.65626525878906)",1,4.795440673828125,1,"(40.485862731933594, -87.60800170898438, 668.6651611328125)",1
10660074854,10621448897,"(nan, nan)","(nan, nan, nan)",0,nan,0,"(nan, nan, nan)",0,"(0.42792823910713196, 0.5557459592819214)","(-38.79496765136719, 140.1946563720703, 44.18965148925781)",1,4.8138885498046875,1,"(40.47880554199219, -87.5932388305664, 668.61865234375)",1
10660091494,10621465537,"(0.45437246561050415, 0.5534396171569824)","(-24.163379669189453, 140.8691864013672, 44.435150146484375)",1,4.8623504638671875,1,"(-14.754262924194336, -94.87336730957031, 670.5577392578125)",1,"(nan, nan)","(nan, nan, nan)",0,nan,0,"(nan, nan, nan)",0
10660107536,10621481579,"(0.4556777775287628, 0.555415689945221)","(-23.441144943237305, 140.29127502441406, 44.224796295166016)",1,4.8673553466796875,1,"(-14.77403736114502, -94.82608795166016, 670.5971069335938)",1,"(0.4269004464149475, 0.5431580543518066)","(-39.363643646240234, 143.87611389160156, 45.529632568359375)",1,4.811767578125,1,"(40.4625129699707, -87.5484390258789, 668.5593872070312)",1
10660124774,10621498817,"(nan, nan)","(nan, nan, nan)",0,nan,0,"(nan, nan, nan)",0,"(0.42776811122894287, 0.5394517779350281)","(-38.88357162475586, 144.9600830078125, 45.92414855957031)",1,4.8220367431640625,1,"(40.46345138549805, -87.54873657226562, 668.5890502929688)",1
10660141414,10621515457,"(0.4508363902568817, 0.5551697611808777)","(-26.1198673248291, 140.3631591796875, 44.25102996826172)",1,4.8645172119140625,1,"(-14.782760620117188, -94.83269500732422, 670.8641967773438)",1,"(nan, nan)","(nan, nan, nan)",0,nan,0,"(nan, nan, nan)",0
10660157456,10621531499,"(0.45154958963394165, 0.5526877641677856)","(-25.72526741027832, 141.08905029296875, 44.51521301269531)",1,4.874603271484375,1,"(-14.791534423828125, -94.88455200195312, 671.134033203125)",1,"(0.4277006685733795, 0.5399972796440125)","(-38.92087936401367, 144.8005828857422, 45.86598587036133)",1,4.8314056396484375,1,"(40.51396942138672, -87.61962127685547, 669.11669921875)",1
10660174694,10621548737,"(nan, nan)","(nan, nan, nan)",0,nan,0,"(nan, nan, nan)",0,"(0.429009348154068, 0.5411862134933472)","(-38.1967887878418, 144.45285034179688, 45.73943328857422)",1,4.8330230712890625,1,"(40.51816177368164, -87.6276626586914, 669.1575317382812)",1
10660191334,10621565377,"(0.4503519833087921, 0.5533566474914551)","(-26.387910842895508, 140.8934326171875, 44.44404220581055)",1,4.875213623046875,1,"(-14.78043270111084, -94.92948913574219, 671.3189086914062)",1,"(nan, nan)","(nan, nan, nan)",0,nan,0,"(nan, nan, nan)",0
10660207376,10621581419,"(0.4501781761646271, 0.5512704849243164)","(-26.48409080505371, 141.50357055664062, 44.66604232788086)",1,4.8781280517578125,1,"(-14.774662971496582, -94.9750747680664, 671.4586181640625)",1,"(0.43064653873443604, 0.5451528429985046)","(-37.290931701660156, 143.29273986816406, 45.317325592041016)",1,4.8280181884765625,1,"(40.551631927490234, -87.67559051513672, 669.4402465820312)",1
10660224614,10621598657,"(nan, nan)","(nan, nan, nan)",0,nan,0,"(nan, nan, nan)",0,"(0.43131211400032043, 0.5473987460136414)","(-36.922691345214844, 142.6359100341797, 45.0782585144043)",1,4.83514404296875,1,"(40.553436279296875, -87.67876434326172, 669.4536743164062)",1
10660241254,10621615297,"(0.4500560462474823, 0.5518922805786133)","(-26.551681518554688, 141.3217315673828, 44.59986877441406)",1,4.8918304443359375,1,"(-14.772047996520996, -95.01084899902344, 671.5176391601562)",1,"(nan, nan)","(nan, nan, nan)",0,nan,0,"(nan, nan, nan)",0
10660257296,10621631339,"(0.4573209881782532, 0.5508047938346863)","(-22.531982421875, 141.6397705078125, 44.71559524536133)",1,4.88787841796875,1,"(-14.758416175842285, -95.00619506835938, 671.46533203125)",1,"(0.4346402585506439, 0.5475265979766846)","(-35.08122634887695, 142.59854125976562, 45.064552307128906)",1,4.8334503173828125,1,"(40.571414947509766, -87.67581939697266, 669.4287109375)",1
10660274534,10621648577,"(nan, nan)","(nan, nan, nan)",0,nan,0,"(nan, nan, nan)",0,"(0.44626665115356445, 0.5455568432807922)","(-28.64830780029297, 143.1746063232422, 45.27421188354492)",1,4.8263702392578125,1,"(40.601261138916016, -87.64254760742188, 669.24072265625)",1
10660291174,10621665217,"(nan, nan)","(nan, nan, nan)",0,nan,0,"(nan, nan, nan)",0,"(nan, nan)","(nan, nan, nan)",0,nan,0,"(nan, nan, nan)",0
10660307216,10621681259,"(0.5231756567955017, 0.5362063050270081)","(13.905470848083496, 145.90931701660156, 46.26953125)",1,4.8231658935546875,1,"(-14.59973430633545, -94.84801483154297, 670.4635620117188)",1,"(0.49477115273475647, 0.5449899435043335)","(-1.8108047246932983, 143.3404083251953, 45.33456802368164)",1,4.80328369140625,1,"(40.64403533935547, -87.51695251464844, 668.4556274414062)",1
10660324454,10621698497,"(nan, nan)","(nan, nan, nan)",0,nan,0,"(nan, nan, nan)",0,"(0.49886199831962585, 0.5480605363845825)","(0.45268234610557556, 142.4423370361328, 45.00770950317383)",1,4.8095855712890625,1,"(40.62380599975586, -87.501708984375, 668.3572998046875)",1
10660341089,10621715132,"(0.5198206305503845, 0.5507284998893738)","(12.049118041992188, 141.6620635986328, 44.72370910644531)",1,4.8477935791015625,1,"(-14.632490158081055, -94.82198333740234, 670.1204223632812)",1,"(nan, nan)","(nan, nan, nan)",0,nan,0,"(nan, nan, nan)",0
10660357136,10621731179,"(0.517408549785614, 0.5544597506523132)","(10.714497566223145, 140.5708465576172, 44.32655715942383)",1,4.8337554931640625,1,"(-14.625696182250977, -94.7361831665039, 669.5624389648438)",1,"(0.49767714738845825, 0.5485733151435852)","(-0.2028648406267166, 142.2923583984375, 44.95316696166992)",1,4.778778076171875,1,"(40.53746032714844, -87.37653350830078, 667.481201171875)",1
10660374374,10621748417,"(nan, nan)","(nan, nan, nan)",0,nan,0,"(nan, nan, nan)",0,"(0.49659043550491333, 0.5501754283905029)","(-0.8041568398475647, 141.8238067626953, 44.78263854980469)",1,4.7731170654296875,1,"(40.539371490478516, -87.36080169677734, 667.3472900390625)",1
10660391014,10621765057,"(0.5248773694038391, 0.5533537268638611)","(14.847000122070312, 140.8943328857422, 44.44425582885742)",1,4.7966766357421875,1,"(-14.597099304199219, -94.59373474121094, 668.8720703125)",1,"(nan, nan)","(nan, nan, nan)",0,nan,0,"(nan, nan, nan)",0
10660407056,10621781099,"(0.5236637592315674, 0.5531638264656067)","(14.175529479980469, 140.94984436035156, 44.46450424194336)",1,4.789093017578125,1,"(-14.564848899841309, -94.5370101928711, 668.5642700195312)",1,"(0.4960836172103882, 0.5534413456916809)","(-1.0846003293991089, 140.86865234375, 44.435028076171875)",1,4.761505126953125,1,"(40.556190490722656, -87.24604797363281, 666.4696044921875)",1
10660424294,10621798336,"(nan, nan)","(nan, nan, nan)",0,nan,0,"(nan, nan, nan)",0,"(0.49558499455451965, 0.5503561496734619)","(-1.3605010509490967, 141.77096557617188, 44.76344299316406)",1,4.750518798828125,1,"(40.55901336669922, -87.23987579345703, 666.418212890625)",1
10660440934,10621814976,"(0.5164879560470581, 0.5624143481254578)","(10.20515251159668, 138.24441528320312, 43.47980499267578)",1,4.7983551025390625,1,"(-14.533856391906738, -94.49781036376953, 668.2932739257812)",1,"(nan, nan)","(nan, nan, nan)",0,nan,0,"(nan, nan, nan)",0
10660456976,10621831018,"(0.515479564666748, 0.5607553124427795)","(9.647217750549316, 138.72959899902344, 43.6563835144043)",1,4.8019866943359375,1,"(-14.53954792022705, -94.49762725830078, 668.2464599609375)",1,"(0.49598559737205505, 0.5552278757095337)","(-1.1388344764709473, 140.34619140625, 44.244773864746094)",1,4.7407379150390625,1,"(40.55778503417969, -87.22977447509766, 666.1828002929688)",1
10660474214,10621848256,"(nan, nan)","(nan, nan, nan)",0,nan,0,"(nan, nan, nan)",0,"(0.4963013231754303, 0.5569626092910767)","(-0.9641332626342773, 139.83885192871094, 44.060115814208984)",1,4.742431640625,1,"(40.5538444519043, -87.23123931884766, 666.1649780273438)",1
10660490854,10621864896,"(0.5178532600402832, 0.5582306981086731)","(10.960593223571777, 139.46798706054688, 43.92509841918945)",1,4.7837371826171875,1,"(-14.555508613586426, -94.48644256591797, 668.1649780273438)",1,"(nan, nan)","(nan, nan, nan)",0,nan,0,"(nan, nan, nan)",0
10660506896,10621880938,"(0.5568458437919617, 0.5580998063087463)","(32.53517532348633, 139.50625610351562, 43.93904495239258)",1,4.794097900390625,1,"(-14.313013076782227, -94.44976806640625, 668.1514892578125)",1,"(0.5468993782997131, 0.542133629322052)","(27.031770706176758, 144.17576599121094, 45.6386604309082)",1,4.742828369140625,1,"(40.700347900390625, -87.20957946777344, 666.051513671875)",1
10660524134,10621898176,"(nan, nan)","(nan, nan, nan)",0,nan,0,"(nan, nan, nan)",0,"(0.5572606921195984, 0.5352988839149475)","(32.76469802856445, 146.17465209960938, 46.366207122802734)",1,4.769744873046875,1,"(40.765560150146484, -87.21085357666016, 666.0846557617188)",1
10660540774,10621914816,"(0.5925970673561096, 0.5637503862380981)","(52.316314697265625, 137.8537139892578, 43.33755874633789)",1,4.7872161865234375,1,"(-14.091504096984863, -94.33855438232422, 667.5722045898438)",1,"(nan, nan)","(nan, nan, nan)",0,nan,0,"(nan, nan, nan)",0
10660556816,10621930858,"(0.5969329476356506, 0.5655843615531921)","(54.71533203125, 137.31732177734375, 43.14239501953125)",1,4.7848052978515625,1,"(-14.054231643676758, -94.28861236572266, 667.262451171875)",1,"(0.5791242718696594, 0.5384946465492249)","(44.861812591552734, 145.2400360107422, 46.02599334716797)",1,4.7191925048828125,1,"(40.8845329284668, -87.0887222290039, 665.1818237304688)",1
10660574054,10621948096,"(nan, nan)","(nan, nan, nan)",0,nan,0,"(nan, nan, nan)",0,"(0.5774747729301453, 0.536173939704895)","(43.949161529541016, 145.91873168945312, 46.27302551269531)",1,4.71478271484375,1,"(40.89832305908203, -87.10100555419922, 665.2744140625)",1
10660590694,10621964736,"(0.5908664464950562, 0.5780897736549377)","(51.358768463134766, 133.65992736816406, 41.811241149902344)",1,4.777069091796875,1,"(-14.035645484924316, -94.34412384033203, 667.7366943359375)",1,"(nan, nan)","(nan, nan, nan)",0,nan,0,"(nan, nan, nan)",0
10660606736,10621980778,"(0.5985602736473083, 0.5733477473258972)","(55.615779876708984, 135.04681396484375, 42.316009521484375)",1,4.8006591796875,1,"(-14.067011833190918, -94.47245025634766, 668.6005249023438)",1,"(0.5755539536476135, 0.5306837558746338)","(42.886356353759766, 147.52439880371094, 46.857460021972656)",1,4.747802734375,1,"(41.00709915161133, -87.25680541992188, 666.5902099609375)",1
10660623974,10621998016,"(nan, nan)","(nan, nan, nan)",0,nan,0,"(nan, nan, nan)",0,"(0.5786399841308594, 0.5330865979194641)","(44.5938720703125, 146.8216552734375, 46.60169982910156)",1,4.7402801513671875,1,"(41.015625, -87.2815170288086, 666.7781372070312)",1
10660640614,10622014656,"(0.5884667038917542, 0.5617110133171082)","(50.03097152709961, 138.4501190185547, 43.55466079711914)",1,4.7822723388671875,1,"(-14.096803665161133, -94.60893249511719, 669.4910278320312)",1,"(nan, nan)","(nan, nan, nan)",0,nan,0,"(nan, nan, nan)",0
10660656656,10622030698,"(0.5879623293876648, 0.5586623549461365)","(49.75190734863281, 139.34173583984375, 43.87922668457031)",1,4.783935546875,1,"(-14.123021125793457, -94.67449951171875, 670.0615844726562)",1,"(0.5807946920394897, 0.5373616218566895)","(45.78606414794922, 145.57138061523438, 46.14663314819336)",1,4.74676513671875,1,"(41.05986785888672, -87.40424346923828, 668.0079956054688)",1
10660673894,10622047936,"(nan, nan)","(nan, nan, nan)",0,nan,0,"(nan, nan, nan)",0,"(0.5769783854484558, 0.5334995985031128)","(43.67451477050781, 146.7008819580078, 46.55776596069336)",1,4.760894775390625,1,"(41.064918518066406, -87.40705108642578, 668.0712280273438)",1
10660690534,10622064576,"(0.5925031900405884, 0.556330144405365)","(52.26435470581055, 140.02381896972656, 44.12745666503906)",1,4.7991790771484375,1,"(-14.113332748413086, -94.72105407714844, 670.40771484375)",1,"(nan, nan)","(nan, nan, nan)",0,nan,0,"(nan, nan, nan)",0
10660706576,10622080618,"(0.5830982327461243, 0.5526701807975769)","(47.060604095458984, 141.09417724609375, 44.517112731933594)",1,4.809112548828125,1,"(-14.181331634521484, -94.7825698852539, 670.76171875)",1,"(0.5705283880233765, 0.5382369160652161)","(40.105743408203125, 145.3153839111328, 46.05344009399414)",1,4.754241943359375,1,"(41.069217681884766, -87.46144104003906, 668.7131958007812)",1
10660723814,10622097856,"(nan, nan)","(nan, nan, nan)",0,nan,0,"(nan, nan, nan)",0,"(0.5616076588630676, 0.5414068102836609)","(35.169891357421875, 144.38829040527344, 45.716007232666016)",1,4.76641845703125,1,"(41.04156494140625, -87.47692108154297, 668.8091430664062)",1
10660740454,10622114496,"(0.5559880137443542, 0.5572394728660583)","(32.060489654541016, 139.75787353515625, 44.03070068359375)",1,4.796356201171875,1,"(-14.268961906433105, -94.86119079589844, 671.3245849609375)",1,"(nan, nan)","(nan, nan, nan)",0,nan,0,"(nan, nan, nan)",0
10660756496,10622130538,"(0.5578890442848206, 0.562025785446167)","(33.112403869628906, 138.3580780029297, 43.52117156982422)",1,4.7974853515625,1,"(-14.250740051269531, -94.77873229980469, 670.729248046875)",1,"(0.5448634624481201, 0.5431508421897888)","(25.905303955078125, 143.87826538085938, 45.53042984008789)",1,4.7435455322265625,1,"(40.98297119140625, -87.4669418334961, 668.587890625)",1
10660773734,10622147776,"(nan, nan)","(nan, nan, nan)",0,nan,0,"(nan, nan, nan)",0,"(0.5437242984771729, 0.5445471405982971)","(25.275012969970703, 143.46986389160156, 45.38177490234375)",1,4.7488250732421875,1,"(40.97361373901367, -87.44696807861328, 668.429931640625)",1
10660790374,10622164416,"(0.5592414140701294, 0.5604275465011597)","(33.86063003540039, 138.82553100585938, 43.69123077392578)",1,4.79571533203125,1,"(-14.22392463684082, -94.64347076416016, 669.7809448242188)",1,"(nan, nan)","(nan, nan, nan)",0,nan,0,"(nan, nan, nan)",0
10660806416,10622180458,"(0.5594739317893982, 0.5593633651733398)","(33.989261627197266, 139.13674926757812, 43.8045654296875)",1,4.792633056640625,1,"(-14.196537017822266, -94.52008056640625, 668.9744262695312)",1,"(0.5466964840888977, 0.5453990697860718)","(26.919509887695312, 143.22073364257812, 45.290992736816406)",1,4.7202606201171875,1,"(40.88932800292969, -87.23826599121094, 666.8580322265625)",1
10660823654,10622197696,"(nan, nan)","(nan, nan, nan)",0,nan,0,"(nan, nan, nan)",0,"(0.5452276468276978, 0.543258786201477)","(26.10677719116211, 143.84669494628906, 45.518802642822266)",1,4.727325439453125,1,"(40.88376235961914, -87.21280670166016, 666.684326171875)",1
10660840294,10622214336,"(0.5649222135543823, 0.547002911567688)","(37.003841400146484, 142.75167846679688, 45.120357513427734)",1,4.76031494140625,1,"(-14.167338371276855, -94.3900375366211, 668.0865478515625)",1,"(nan, nan)","(nan, nan, nan)",0,nan,0,"(nan, nan, nan)",0
10660856336,10622230378,"(0.5632724165916443, 0.5506047010421753)","(36.090999603271484, 141.69830322265625, 44.736900329589844)",1,4.754425048828125,1,"(-14.145524024963379, -94.31147766113281, 667.6181640625)",1,"(0.5454515814781189, 0.5529984831809998)","(26.2307186126709, 140.99818420410156, 44.48210906982422)",1,4.7013397216796875,1,"(40.83203887939453, -87.01903533935547, 665.5130615234375)",1
10660873574,10622247616,"(nan, nan)","(nan, nan, nan)",0,nan,0,"(nan, nan, nan)",0,"(0.537697434425354, 0.5542156100273132)","(21.940326690673828, 140.64222717285156, 44.35256576538086)",1,4.694915771484375,1,"(40.79623794555664, -87.02925872802734, 665.5963745117188)",1
10660890214,10622264256,"(0.49611616134643555, 0.570681095123291)","(-1.066591501235962, 135.82672119140625, 42.59984588623047)",1,4.764404296875,1,"(-14.346668243408203, -94.31018829345703, 667.5557250976562)",1,"(nan, nan)","(nan, nan, nan)",0,nan,0,"(nan, nan, nan)",0
10660906256,10622280298,"(0.4999617636203766, 0.5721262097358704)","(1.0611886978149414, 135.40408325195312, 42.44605255126953)",1,4.765960693359375,1,"(-14.379981994628906, -94.3234634399414, 667.6380615234375)",1,"(0.4856416583061218, 0.5527466535568237)","(-6.862107753753662, 141.0718536376953, 44.5089225769043)",1,4.69854736328125,1,"(40.574371337890625, -87.0254898071289, 665.533447265625)",1
10660923494,10622297535,"(nan, nan)","(nan, nan, nan)",0,nan,0,"(nan, nan, nan)",0,"(0.486783504486084, 0.5539727210998535)","(-6.230315685272217, 140.71327209472656, 44.3784065246582)",1,4.686981201171875,1,"(40.57475280761719, -87.03812408447266, 665.6087036132812)",1
10660940134,10622314175,"(0.5009520649909973, 0.5743541121482849)","(1.6091281175613403, 134.7524871826172, 42.20888900756836)",1,4.7346649169921875,1,"(-14.420934677124023, -94.3147964477539, 667.471435546875)",1,"(nan, nan)","(nan, nan, nan)",0,nan,0,"(nan, nan, nan)",0
10660956176,10622330217,"(0.500832200050354, 0.5780873894691467)","(1.5427963733673096, 133.66067504882812, 41.811405181884766)",1,4.728057861328125,1,"(-14.435962677001953, -94.29884338378906, 667.2642822265625)",1,"(0.4825255274772644, 0.5523723363876343)","(-8.586263656616211, 141.18133544921875, 44.54874801635742)",1,4.672149658203125,1,"(40.51960754394531, -87.00743865966797, 665.2349243164062)",1
10660973414,10622347455,"(nan, nan)","(nan, nan, nan)",0,nan,0,"(nan, nan, nan)",0,"(0.4829292893409729, 0.553273618221283)","(-8.362894058227539, 140.91773986816406, 44.452796936035156)",1,4.6770782470703125,1,"(40.51521301269531, -87.005615234375, 665.2080078125)",1
10660990054,10622364095,"(0.4986572563648224, 0.5736775398254395)","(0.33938056230545044, 134.95037841796875, 42.280845642089844)",1,4.7339019775390625,1,"(-14.449090003967285, -94.30880737304688, 667.1580810546875)",1,"(nan, nan)","(nan, nan, nan)",0,nan,0,"(nan, nan, nan)",0
10661006096,10622380137,"(0.49865245819091797, 0.5750683546066284)","(0.3367108702659607, 134.54360961914062, 42.132781982421875)",1,4.7271881103515625,1,"(-14.464191436767578, -94.32361602783203, 667.2717895507812)",1,"(0.48060929775238037, 0.5531255602836609)","(-9.64653491973877, 140.96104431152344, 44.46862030029297)",1,4.676055908203125,1,"(40.49259567260742, -87.0109634399414, 665.2542724609375)",1
10661023334,10622397375,"(nan, nan)","(nan, nan, nan)",0,nan,0,"(nan, nan, nan)",0,"(0.48208892345428467, 0.5550748109817505)","(-8.827850341796875, 140.39096069335938, 44.261131286621094)",1,4.67901611328125,1,"(40.49131393432617, -87.0038833618164, 665.2279663085938)",1
10661039923,10622413964,"(0.4954879879951477, 0.5722904801368713)","(-1.4141407012939453, 135.35604858398438, 42.42854690551758)",1,4.706573486328125,1,"(-14.469902992248535, -94.30999755859375, 667.209228515625)",1,"(nan, nan)","(nan, nan, nan)",0,nan,0,"(nan, nan, nan)",0
10661056016,10622430057,"(0.4655497670173645, 0.6066259741783142)","(-17.978960037231445, 125.31421661376953, 38.773590087890625)",1,4.7048797607421875,1,"(-14.621652603149414, -94.36912536621094, 667.2252807617188)",1,"(0.4461141526699066, 0.5823538303375244)","(-28.732675552368164, 132.41285705566406, 41.357295989990234)",1,4.668701171875,1,"(40.260414123535156, -87.07292938232422, 665.2605590820312)",1
10661073254,10622447295,"(nan, nan)","(nan, nan, nan)",0,nan,0,"(nan, nan, nan)",0,"(0.44590792059898376, 0.5776753425598145)","(-28.84679412841797, 133.7811737060547, 41.85531234741211)",1,4.6868133544921875,1,"(40.24338912963867, -87.0433120727539, 665.0479125976562)",1
10661089894,10622463935,"(0.4638710618019104, 0.6089420914649963)","(-18.907804489135742, 124.6368408203125, 38.5270881652832)",1,4.7146148681640625,1,"(-14.654742240905762, -94.34674835205078, 667.033203125)",1,"(nan, nan)","(nan, nan, nan)",0,nan,0,"(nan, nan, nan)",0
10661105936,10622479977,"(0.4614894390106201, 0.6121909022331238)","(-20.225566864013672, 123.68671417236328, 38.18122482299805)",1,4.71527099609375,1,"(-14.6669282913208, -94.35336303710938, 667.2811889648438)",1,"(0.4481047987937927, 0.5896235704421997)","(-27.63125991821289, 130.28677368164062, 40.583473205566406)",1,4.677001953125,1,"(40.259220123291016, -87.03251647949219, 665.2453002929688)",1
10661123174,10622497215,"(nan, nan)","(nan, nan, nan)",0,nan,0,"(nan, nan, nan)",0,"(0.44654175639152527, 0.5867824554443359)","(-28.49611473083496, 131.11767578125, 40.88590621948242)",1,4.6850738525390625,1,"(40.262542724609375, -87.04055786132812, 665.3078002929688)",1
10661139814,10622513855,"(0.45945537090301514, 0.6150567531585693)","(-21.35101318359375, 122.84854125976562, 37.87611770629883)",1,4.7331390380859375,1,"(-14.673882484436035, -94.38925170898438, 667.68505859375)",1,"(nan, nan)","(nan, nan, nan)",0,nan,0,"(nan, nan, nan)",0
10661155856,10622529897,"(0.45820915699005127, 0.617059588432312)","(-22.040538787841797, 122.26277923583984, 37.662994384765625)",1,4.741729736328125,1,"(-14.69138240814209, -94.44810485839844, 668.1473999023438)",1,"(0.44453367590904236, 0.5888410210609436)","(-29.6071720123291, 130.51560974121094, 40.66680145263672)",1,4.7007293701171875,1,"(40.31324768066406, -87.13865661621094, 666.1417846679688)",1
10661173094,10622547135,"(nan, nan)","(nan, nan, nan)",0,nan,0,"(nan, nan, nan)",0,"(0.4425588846206665, 0.5909127593040466)","(-30.699840545654297, 129.90969848632812, 40.4462776184082)",1,4.702667236328125,1,"(40.3192138671875, -87.15251159667969, 666.2505493164062)",1
10661189734,10622563775,"(0.4588959515094757, 0.6134069561958313)","(-21.660554885864258, 123.33104705810547, 38.05176544189453)",1,4.7515869140625,1,"(-14.711359024047852, -94.54217529296875, 668.7539672851562)",1,"(nan, nan)","(nan, nan, nan)",0,nan,0,"(nan, nan, nan)",0
10661205776,10622579817,"(0.4580521583557129, 0.6125322580337524)","(-22.127422332763672, 123.58684539794922, 38.14490509033203)",1,4.7619781494140625,1,"(-14.736786842346191, -94.60106658935547, 669.1636352539062)",1,"(0.4464271366596222, 0.5935799479484558)","(-28.559497833251953, 129.12966918945312, 40.16227340698242)",1,4.7152252197265625,1,"(40.32487869262695, -87.2662124633789, 667.1500244140625)",1
10661223014,10622597055,"(nan, nan)","(nan, nan, nan)",0,nan,0,"(nan, nan, nan)",0,"(0.4467453956604004, 0.589091420173645)","(-28.383438110351562, 130.44239807128906, 40.64006805419922)",1,4.71783447265625,1,"(40.32238006591797, -87.27999877929688, 667.24755859375)",1
10661239654,10622613695,"(0.45509424805641174, 0.6194357872009277)","(-23.764019012451172, 121.56784057617188, 37.40999984741211)",1,4.772186279296875,1,"(-14.796012878417969, -94.71432495117188, 669.8253784179688)",1,"(nan, nan)","(nan, nan, nan)",0,nan,0,"(nan, nan, nan)",0
10661255696,10622629737,"(0.460319846868515, 0.6138579845428467)","(-20.87266731262207, 123.19913482666016, 38.00372314453125)",1,4.7852783203125,1,"(-14.844112396240234, -94.772705078125, 670.0184936523438)",1,"(0.44808951020240784, 0.5848785638809204)","(-27.63974952697754, 131.67449951171875, 41.08855438232422)",1,4.738128662109375,1,"(40.30379867553711, -87.38707733154297, 667.9775390625)",1
10661272934,10622646975,"(nan, nan)","(nan, nan, nan)",0,nan,0,"(nan, nan, nan)",0,"(0.4495123326778412, 0.5872423052787781)","(-26.85249900817871, 130.98318481445312, 40.83692169189453)",1,4.7385711669921875,1,"(40.296112060546875, -87.3764877319336, 667.8981323242188)",1
10661289574,10622663615,"(0.4619848430156708, 0.6115208268165588)","(-19.951461791992188, 123.8826675415039, 38.252540588378906)",1,4.780548095703125,1,"(-14.85194206237793, -94.7097396850586, 669.4034423828125)",1,"(nan, nan)","(nan, nan, nan)",0,nan,0,"(nan, nan, nan)",0
10661305616,10622679657,"(0.4814552366733551, 0.6040846109390259)","(-9.17849063873291, 126.05747985839844, 39.044124603271484)",1,4.7926788330078125,1,"(-14.710410118103027, -94.62032318115234, 668.9307861328125)",1,"(0.4718804359436035, 0.5833015441894531)","(-14.476234436035156, 132.1356964111328, 41.25638198852539)",1,4.7458648681640625,1,"(40.34423828125, -87.24207305908203, 666.8447875976562)",1
10661322854,10622696895,"(nan, nan)","(nan, nan, nan)",0,nan,0,"(nan, nan, nan)",0,"(0.47934651374816895, 0.5824246406555176)","(-10.345243453979492, 132.3921661376953, 41.3497314453125)",1,4.7528076171875,1,"(40.377838134765625, -87.230712890625, 666.7529296875)",1
10661339494,10622713535,"(nan, nan)","(nan, nan, nan)",0,nan,0,"(nan, nan, nan)",0,"(nan, nan)","(nan, nan, nan)",0,nan,0,"(nan, nan, nan)",0
10661355536,10622729577,"(0.5099497437477112, 0.5974630117416382)","(6.5875654220581055, 127.99401092529297, 39.74896240234375)",1,4.7471466064453125,1,"(-14.506585121154785, -94.41922760009766, 667.7744750976562)",1,"(0.5033119916915894, 0.5784948468208313)","(2.9148547649383545, 133.54147338867188, 41.7680549621582)",1,4.7382659912109375,1,"(40.433197021484375, -87.10218048095703, 665.7122802734375)",1
10661372774,10622746815,"(nan, nan)","(nan, nan, nan)",0,nan,0,"(nan, nan, nan)",0,"(0.5012066960334778, 0.5787172913551331)","(1.7499902248382568, 133.47645568847656, 41.7443733215332)",1,4.74658203125,1,"(40.442073822021484, -87.10720825195312, 665.7177124023438)",1
10661389409,10622763450,"(0.5101202726364136, 0.6135069131851196)","(6.681920528411865, 123.3017578125, 38.04118347167969)",1,4.7816925048828125,1,"(-14.48369026184082, -94.473876953125, 667.8728637695312)",1,"(nan, nan)","(nan, nan, nan)",0,nan,0,"(nan, nan, nan)",0
10661405456,10622779497,"(0.5115315318107605, 0.6139897108078003)","(7.462734699249268, 123.16058349609375, 37.98978042602539)",1,4.79351806640625,1,"(-14.45489501953125, -94.49826049804688, 667.9248657226562)",1,"(0.497260183095932, 0.5802053809165955)","(-0.4335921108722687, 133.04119873046875, 41.58607864379883)",1,4.7581787109375,1,"(40.52953338623047, -87.19466400146484, 665.8541870117188)",1
10661422694,10622796734,"(nan, nan)","(nan, nan, nan)",0,nan,0,"(nan, nan, nan)",0,"(0.4997965395450592, 0.5774036049842834)","(0.9697763919830322, 133.86061096191406, 41.88432312011719)",1,4.7589111328125,1,"(40.5364990234375, -87.19829559326172, 665.8704833984375)",1
10661439334,10622813374,"(nan, nan)","(nan, nan, nan)",0,nan,0,"(nan, nan, nan)",0,"(nan, nan)","(nan, nan, nan)",0,nan,0,"(nan, nan, nan)",0
10661455376,10622829416,"(0.5105222463607788, 0.597200334072113)","(6.9042863845825195, 128.07083129882812, 39.7769775390625)",1,4.753631591796875,1,"(-14.346287727355957, -94.43685913085938, 667.6394653320312)",1,"(0.5043365955352783, 0.5809875130653381)","(3.481754779815674, 132.81248474121094, 41.502723693847656)",1,4.7580718994140625,1,"(40.58246612548828, -87.15129852294922, 665.6004638671875)",1
10661472614,10622846654,"(nan, nan)","(nan, nan, nan)",0,nan,0,"(nan, nan, nan)",0,"(0.505035400390625, 0.5802714228630066)","(3.8684329986572266, 133.0218963623047, 41.578941345214844)",1,4.7493133544921875,1,"(40.58944320678711, -87.13975524902344, 665.531494140625)",1
10661489249,10622863289,"(0.5079959034919739, 0.6129001379013062)","(5.506500720977783, 123.47925567626953, 38.10572052001953)",1,4.7995452880859375,1,"(-14.293571472167969, -94.35635375976562, 667.360595703125)",1,"(nan, nan)","(nan, nan, nan)",0,nan,0,"(nan, nan, nan)",0
10661505296,10622879336,"(0.51029372215271, 0.6089442372322083)","(6.777856826782227, 124.6362075805664, 38.52678298950195)",1,4.8011322021484375,1,"(-14.279836654663086, -94.33531951904297, 667.4093017578125)",1,"(0.5047717094421387, 0.5772536396980286)","(3.7225492000579834, 133.9044952392578, 41.90021896362305)",1,4.748779296875,1,"(40.620384216308594, -87.091552734375, 665.3390502929688)",1
10661522534,10622896574,"(nan, nan)","(nan, nan, nan)",0,nan,0,"(nan, nan, nan)",0,"(0.506170928478241, 0.577860951423645)","(4.496728897094727, 133.72686767578125, 41.8355827331543)",1,4.7552947998046875,1,"(40.63057327270508, -87.09151458740234, 665.3865966796875)",1
10661539174,10622913214,"(0.559197723865509, 0.5948983430862427)","(33.83645248413086, 128.7440948486328, 40.021934509277344)",1,4.73504638671875,1,"(-14.14108657836914, -94.35426330566406, 667.8756103515625)",1,"(nan, nan)","(nan, nan, nan)",0,nan,0,"(nan, nan, nan)",0
10661555216,10622929256,"(0.5792618989944458, 0.5811741948127747)","(44.93793487548828, 132.75787353515625, 41.482906341552734)",1,4.737213134765625,1,"(-14.032240867614746, -94.30267333984375, 667.7966918945312)",1,"(0.5578944683074951, 0.5670737028121948)","(33.11536407470703, 136.88172912597656, 42.983829498291016)",1,4.7806549072265625,1,"(40.85166931152344, -87.02277374267578, 665.718994140625)",1
10661572454,10622946494,"(nan, nan)","(nan, nan, nan)",0,nan,0,"(nan, nan, nan)",0,"(0.5611860752105713, 0.5843587517738342)","(34.93659591674805, 131.82652282714844, 41.14389419555664)",1,4.74151611328125,1,"(40.84694290161133, -87.01478576660156, 665.7479248046875)",1
10661589094,10622963134,"(0.5694296360015869, 0.6051879525184631)","(39.497779846191406, 125.73478698730469, 38.92666244506836)",1,4.7894439697265625,1,"(-14.060931205749512, -94.28567504882812, 668.2064208984375)",1,"(nan, nan)","(nan, nan, nan)",0,nan,0,"(nan, nan, nan)",0
10661605136,10622979176,"(0.5698058605194092, 0.6061819195747375)","(39.7059440612793, 125.4440689086914, 38.82088851928711)",1,4.7845306396484375,1,"(-14.085224151611328, -94.3041000366211, 668.550048828125)",1,"(0.5607828497886658, 0.580612301826477)","(34.71352005004883, 132.92221069335938, 41.54268264770508)",1,4.7484283447265625,1,"(40.87273025512695, -87.05421447753906, 666.4926147460938)",1
10661622374,10622996414,"(nan, nan)","(nan, nan, nan)",0,nan,0,"(nan, nan, nan)",0,"(0.5614383220672607, 0.5815621614456177)","(35.07619857788086, 132.64439392089844, 41.441585540771484)",1,4.7408905029296875,1,"(40.87556838989258, -87.05775451660156, 666.545654296875)",1
10661639014,10623013054,"(0.5688149333000183, 0.6082092523574829)","(39.157676696777344, 124.85116577148438, 38.60504150390625)",1,4.7700653076171875,1,"(-14.095213890075684, -94.36114501953125, 668.8154907226562)",1,"(nan, nan)","(nan, nan, nan)",0,nan,0,"(nan, nan, nan)",0
10661655056,10623029096,"(0.566857635974884, 0.5971689820289612)","(38.07471466064453, 128.07998657226562, 39.78025817871094)",1,4.765594482421875,1,"(-14.087489128112793, -94.43373107910156, 668.943603515625)",1,"(0.5632913708686829, 0.582019567489624)","(36.10147476196289, 132.51063537597656, 41.39288330078125)",1,4.7408599853515625,1,"(40.908077239990234, -87.12188720703125, 666.8711547851562)",1
10661672294,10623046334,"(nan, nan)","(nan, nan, nan)",0,nan,0,"(nan, nan, nan)",0,"(0.5630776882171631, 0.5758865475654602)","(35.983280181884766, 134.30430603027344, 42.04571533203125)",1,4.754791259765625,1,"(40.91621398925781, -87.1377182006836, 666.9148559570312)",1
10661688934,10623062974,"(0.5650924444198608, 0.5924506783485413)","(37.097991943359375, 129.45993041992188, 40.282493591308594)",1,4.7718505859375,1,"(-14.084068298339844, -94.52435302734375, 669.3334350585938)",1,"(nan, nan)","(nan, nan, nan)",0,nan,0,"(nan, nan, nan)",0
10661704976,10623079016,"(0.5672396421432495, 0.5920271873474121)","(38.28607177734375, 129.5838165283203, 40.32754135131836)",1,4.7729949951171875,1,"(-14.091451644897461, -94.60934448242188, 669.9039306640625)",1,"(0.5610798001289368, 0.5730535387992859)","(34.87781524658203, 135.13287353515625, 42.34724807739258)",1,4.7474365234375,1,"(41.002994537353516, -87.31494140625, 667.8277587890625)",1
10661722214,10623096254,"(nan, nan)","(nan, nan, nan)",0,nan,0,"(nan, nan, nan)",0,"(0.562890887260437, 0.5705545544624329)","(35.879886627197266, 135.8637237548828, 42.61325454711914)",1,4.7720489501953125,1,"(41.01336669921875, -87.34673309326172, 668.0015869140625)",1
10661738854,10623112894,"(0.567328929901123, 0.5962073802947998)","(38.335445404052734, 128.36126708984375, 39.88259506225586)",1,4.7810821533203125,1,"(-14.102434158325195, -94.77008819580078, 670.8161010742188)",1,"(nan, nan)","(nan, nan, nan)",0,nan,0,"(nan, nan, nan)",0
10661754896,10623128936,"(0.5694970488548279, 0.6006717681884766)","(39.53509521484375, 127.05560302734375, 39.40736389160156)",1,4.781097412109375,1,"(-14.100223541259766, -94.80438232421875, 671.0741577148438)",1,"(0.5591449737548828, 0.5685972571372986)","(33.80729293823242, 136.43612670898438, 42.82164764404297)",1,4.752899169921875,1,"(41.137149810791016, -87.55663299560547, 668.997802734375)",1
10661772134,10623146174,"(nan, nan)","(nan, nan, nan)",0,nan,0,"(nan, nan, nan)",0,"(0.5573787689208984, 0.5621959567070007)","(32.83005142211914, 138.3082733154297, 43.50304412841797)",1,4.773529052734375,1,"(41.14383316040039, -87.56389617919922, 669.0213012695312)",1
10661788774,10623162814,"(0.5707553029060364, 0.5996196269989014)","(40.23127365112305, 127.36331176757812, 39.51935577392578)",1,4.7791595458984375,1,"(-14.094833374023438, -94.81515502929688, 671.1368408203125)",1,"(nan, nan)","(nan, nan, nan)",0,nan,0,"(nan, nan, nan)",0
10661804816,10623178856,"(0.571066677570343, 0.6020081043243408)","(40.4035758972168, 126.66472625732422, 39.26517105102539)",1,4.7868194580078125,1,"(-14.103796005249023, -94.83170318603516, 671.1744384765625)",1,"(0.5618187785148621, 0.5732078552246094)","(35.286712646484375, 135.0877227783203, 42.33089065551758)",1,4.7578887939453125,1,"(41.1441535949707, -87.60283660888672, 669.0842895507812)",1
10661822054,10623196094,"(nan, nan)","(nan, nan, nan)",0,nan,0,"(nan, nan, nan)",0,"(0.5593628883361816, 0.5731580257415771)","(33.92784881591797, 135.102294921875, 42.33619689941406)",1,4.7629852294921875,1,"(41.14124298095703, -87.61138153076172, 669.1211547851562)",1
10661838694,10623212734,"(0.5702944993972778, 0.609925389289856)","(39.976322174072266, 124.34925079345703, 38.42243194580078)",1,4.7976226806640625,1,"(-14.137530326843262, -94.88858032226562, 671.4702758789062)",1,"(nan, nan)","(nan, nan, nan)",0,nan,0,"(nan, nan, nan)",0
10661854736,10623228776,"(0.5707207322120667, 0.609609842300415)","(40.21215057373047, 124.44153594970703, 38.45598602294922)",1,4.8028106689453125,1,"(-14.183022499084473, -94.98487091064453, 671.9219970703125)",1,"(0.5647110342979431, 0.5842395424842834)","(36.88698196411133, 131.86141967773438, 41.15656280517578)",1,4.7595062255859375,1,"(41.10539627075195, -87.72625732421875, 669.8285522460938)",1
10661871974,10623246014,"(nan, nan)","(nan, nan, nan)",0,nan,0,"(nan, nan, nan)",0,"(0.5656254887580872, 0.5810346007347107)","(37.392974853515625, 132.79872131347656, 41.49770736694336)",1,4.765869140625,1,"(41.10232162475586, -87.73908233642578, 669.89111328125)",1
10661888614,10623262654,"(0.5684452652931213, 0.6037154197692871)","(38.95317459106445, 126.16541290283203, 39.08341979980469)",1,4.815673828125,1,"(-14.215523719787598, -95.06495666503906, 672.248046875)",1,"(nan, nan)","(nan, nan, nan)",0,nan,0,"(nan, nan, nan)",0
10661904656,10623278696,"(0.5608135461807251, 0.6005058884620667)","(34.730533599853516, 127.10407257080078, 39.425048828125)",1,4.81793212890625,1,"(-14.255655288696289, -95.07677459716797, 672.1484375)",1,"(0.5510529279708862, 0.580339252948761)","(29.3299560546875, 133.00205993652344, 41.57178497314453)",1,4.77679443359375,1,"(41.06174087524414, -87.80842590332031, 670.0407104492188)",1
10661921894,10623295933,"(nan, nan)","(nan, nan, nan)",0,nan,0,"(nan, nan, nan)",0,"(0.5477723479270935, 0.5817962884902954)","(27.514835357666016, 132.57594299316406, 41.416664123535156)",1,4.7833099365234375,1,"(41.04703903198242, -87.79242706298828, 669.9085083007812)",1
10661938534,10623312573,"(nan, nan)","(nan, nan, nan)",0,nan,0,"(nan, nan, nan)",0,"(nan, nan)","(nan, nan, nan)",0,nan,0,"(nan, nan, nan)",0
10661954576,10623328615,"(0.5612555146217346, 0.5887858867645264)","(34.97502899169922, 130.53175354003906, 40.672607421875)",1,4.8001556396484375,1,"(-14.228933334350586, -94.85662078857422, 670.5921020507812)",1,"(0.5460644364356995, 0.5900183320045471)","(26.569793701171875, 130.17132568359375, 40.541419982910156)",1,4.7774658203125,1,"(40.96505355834961, -87.61660766601562, 668.5747680664062)",1
10661971814,10623345853,"(nan, nan)","(nan, nan, nan)",0,nan,0,"(nan, nan, nan)",0,"(0.545381486415863, 0.5825905799865723)","(26.191923141479492, 132.34365844726562, 41.33209228515625)",1,4.792724609375,1,"(40.956565856933594, -87.5932388305664, 668.4030151367188)",1
10661988449,10623362488,"(0.5543557405471802, 0.6025946140289307)","(31.157360076904297, 126.49323272705078, 39.2027702331543)",1,4.8332061767578125,1,"(-14.198025703430176, -94.72075653076172, 669.7520751953125)",1,"(nan, nan)","(nan, nan, nan)",0,nan,0,"(nan, nan, nan)",0
10662004496,10623378535,"(0.5541371703147888, 0.6061589121818542)","(31.036455154418945, 125.45085144042969, 38.82328796386719)",1,4.8334197998046875,1,"(-14.18173599243164, -94.61656188964844, 669.1217041015625)",1,"(0.5491452217102051, 0.5863344073295593)","(28.274423599243164, 131.2487335205078, 40.93357849121094)",1,4.7779388427734375,1,"(40.876651763916016, -87.39338684082031, 667.0299682617188)",1
10662021734,10623395773,"(nan, nan)","(nan, nan, nan)",0,nan,0,"(nan, nan, nan)",0,"(0.5490310788154602, 0.5834323763847351)","(28.211233139038086, 132.0974884033203, 41.24250030517578)",1,4.787200927734375,1,"(40.867496490478516, -87.36801147460938, 666.8824462890625)",1
10662038374,10623412413,"(0.5567378997802734, 0.6113350987434387)","(32.47544479370117, 123.93699645996094, 38.27228546142578)",1,4.8338470458984375,1,"(-14.161177635192871, -94.48825073242188, 668.3333740234375)",1,"(nan, nan)","(nan, nan, nan)",0,nan,0,"(nan, nan, nan)",0
10662054416,10623428455,"(0.5551596283912659, 0.6099718809127808)","(31.602176666259766, 124.33563232421875, 38.417476654052734)",1,4.83428955078125,1,"(-14.13187026977539, -94.38459014892578, 667.7510986328125)",1,"(0.5477660894393921, 0.5817083716392517)","(27.51133155822754, 132.60165405273438, 41.426029205322266)",1,4.8010711669921875,1,"(40.79978942871094, -87.17056274414062, 665.6422729492188)",1
10662071654,10623445693,"(nan, nan)","(nan, nan, nan)",0,nan,0,"(nan, nan, nan)",0,"(0.5497239232063293, 0.5957076549530029)","(28.594600677490234, 128.5074005126953, 39.93583297729492)",1,4.769561767578125,1,"(40.79652786254883, -87.1531982421875, 665.5177612304688)",1
10662088294,10623462333,"(0.5560962557792664, 0.6065412163734436)","(32.120426177978516, 125.33898162841797, 38.782623291015625)",1,4.8161468505859375,1,"(-14.098200798034668, -94.29141998291016, 667.1218872070312)",1,"(nan, nan)","(nan, nan, nan)",0,nan,0,"(nan, nan, nan)",0
10662104336,10623478375,"(0.5543407201766968, 0.6094697117805481)","(31.14908218383789, 124.48250579833984, 38.470882415771484)",1,4.823089599609375,1,"(-14.084105491638184, -94.25486755371094, 666.8873291015625)",1,"(0.5475266575813293, 0.5900493264198303)","(27.378849029541016, 130.16224670410156, 40.53810119628906)",1,4.79095458984375,1,"(40.77173614501953, -87.06009674072266, 664.802490234375)",1
10662121574,10623495613,"(nan, nan)","(nan, nan, nan)",0,nan,0,"(nan, nan, nan)",0,"(0.5403626561164856, 0.5935394167900085)","(23.41499900817871, 129.1415252685547, 40.166603088378906)",1,4.7714080810546875,1,"(40.733863830566406, -87.07647705078125, 664.9375610351562)",1
10662138214,10623512253,"(0.49953576922416687, 0.6106429696083069)","(0.8255051374435425, 124.13937377929688, 38.346012115478516)",1,4.8328857421875,1,"(-14.28746223449707, -94.27760314941406, 666.9979858398438)",1,"(nan, nan)","(nan, nan, nan)",0,nan,0,"(nan, nan, nan)",0
10662154256,10623528295,"(0.5041936039924622, 0.6059633493423462)","(3.4026966094970703, 125.50798034667969, 38.844093322753906)",1,4.8383331298828125,1,"(-14.322901725769043, -94.30281829833984, 667.0848388671875)",1,"(0.48878511786460876, 0.5908619165420532)","(-5.122871398925781, 129.92459106445312, 40.45166015625)",1,4.7929534912109375,1,"(40.52920150756836, -87.09654235839844, 665.0075073242188)",1
10662171494,10623545533,"(nan, nan)","(nan, nan, nan)",0,nan,0,"(nan, nan, nan)",0,"(0.4887132942676544, 0.5896077752113342)","(-5.162593841552734, 130.29135131835938, 40.585147857666016)",1,4.7927703857421875,1,"(40.52962875366211, -87.09712982177734, 665.013427734375)",1
10662188134,10623562173,"(0.5003753900527954, 0.6104222536087036)","(1.2900558710098267, 124.20396423339844, 38.36951446533203)",1,4.831268310546875,1,"(-14.325963973999023, -94.23653411865234, 666.726318359375)",1,"(nan, nan)","(nan, nan, nan)",0,nan,0,"(nan, nan, nan)",0
10662204176,10623578215,"(0.502025306224823, 0.6129873991012573)","(2.202939033508301, 123.45375061035156, 38.096431732177734)",1,4.8326873779296875,1,"(-14.3291654586792, -94.16462707519531, 666.25927734375)",1,"(0.4835306704044342, 0.5888497233390808)","(-8.030169486999512, 130.51304626464844, 40.66587448120117)",1,4.789642333984375,1,"(40.48435974121094, -86.98313903808594, 664.1984252929688)",1
10662221414,10623595453,"(nan, nan)","(nan, nan, nan)",0,nan,0,"(nan, nan, nan)",0,"(0.48500049114227295, 0.5866468548774719)","(-7.216882228851318, 131.15728759765625, 40.90034866333008)",1,4.7822265625,1,"(40.477420806884766, -86.96582794189453, 664.090087890625)",1
10662238003,10623612042,"(0.5019349455833435, 0.6025146245956421)","(2.1529831886291504, 126.5166015625, 39.21123123168945)",1,4.8479461669921875,1,"(-14.31061840057373, -94.08274841308594, 665.6031494140625)",1,"(nan, nan)","(nan, nan, nan)",0,nan,0,"(nan, nan, nan)",0
10662254096,10623628135,"(0.5006123781204224, 0.606977641582489)","(1.4212098121643066, 125.21136474609375, 38.73613357543945)",1,4.8387298583984375,1,"(-14.30339527130127, -93.99018859863281, 665.0850830078125)",1,"(0.48505401611328125, 0.5701726078987122)","(-7.1872735023498535, 135.97544860839844, 42.653968811035156)",1,4.810699462890625,1,"(40.41359329223633, -86.81797790527344, 663.0197143554688)",1
10662271334,10623645373,"(nan, nan)","(nan, nan, nan)",0,nan,0,"(nan, nan, nan)",0,"(0.48599278926849365, 0.5802325010299683)","(-6.667818546295166, 133.03329467773438, 41.5831298828125)",1,4.7898101806640625,1,"(40.40739059448242, -86.80147552490234, 662.9066772460938)",1
10662287974,10623662013,"(0.49990755319595337, 0.6172612905502319)","(1.0312141180038452, 122.2037582397461, 37.641544342041016)",1,4.8226165771484375,1,"(-14.309898376464844, -93.87818145751953, 664.4376831054688)",1,"(nan, nan)","(nan, nan, nan)",0,nan,0,"(nan, nan, nan)",0
10662304016,10623678055,"(0.500634491443634, 0.6204601526260376)","(1.4333909749984741, 121.26824188232422, 37.30098342895508)",1,4.8198089599609375,1,"(-14.309035301208496, -93.81639099121094, 664.0103759765625)",1,"(0.48483192920684814, 0.5759056210517883)","(-7.3101582527160645, 134.2987518310547, 42.04367446899414)",1,4.7869415283203125,1,"(40.348018646240234, -86.67933654785156, 661.9432373046875)",1
10662321254,10623695293,"(nan, nan)","(nan, nan, nan)",0,nan,0,"(nan, nan, nan)",0,"(0.4855601489543915, 0.5746589303016663)","(-6.9072370529174805, 134.66336059570312, 42.1763801574707)",1,4.7825927734375,1,"(40.34068298339844, -86.66561126708984, 661.8151245117188)",1
10662337894,10623711933,"(0.5021757483482361, 0.6160069704055786)","(2.286207675933838, 122.57059478759766, 37.775047302246094)",1,4.83502197265625,1,"(-14.296143531799316, -93.72000122070312, 663.2070922851562)",1,"(nan, nan)","(nan, nan, nan)",0,nan,0,"(nan, nan, nan)",0
10662353936,10623727975,"(0.5039113163948059, 0.6139118075370789)","(3.24650502204895, 123.183349609375, 37.998023986816406)",1,4.83721923828125,1,"(-14.280434608459473, -93.63819885253906, 662.6126098632812)",1,"(0.48696157336235046, 0.6013686656951904)","(-6.131821155548096, 126.85172271728516, 39.33326721191406)",1,4.7696380615234375,1,"(40.26179504394531, -86.50180053710938, 660.5357666015625)",1
10662371174,10623745213,"(nan, nan)","(nan, nan, nan)",0,nan,0,"(nan, nan, nan)",0,"(0.48732924461364746, 0.5921313762664795)","(-5.928405284881592, 129.55331420898438, 40.31657409667969)",1,4.77777099609375,1,"(40.25323486328125, -86.48512268066406, 660.3817138671875)",1
10662387814,10623761853,"(0.5013652443885803, 0.6166895031929016)","(1.8377299308776855, 122.3709945678711, 37.702362060546875)",1,4.821136474609375,1,"(-14.255377769470215, -93.52660369873047, 661.7785034179688)",1,"(nan, nan)","(nan, nan, nan)",0,nan,0,"(nan, nan, nan)",0
10662403856,10623777895,"(0.49854788184165955, 0.6156962513923645)","(0.27888011932373047, 122.66146850585938, 37.80813217163086)",1,4.8140869140625,1,"(-14.24518871307373, -93.48450469970703, 661.38720703125)",1,"(0.4918768107891083, 0.602480947971344)","(-3.412233829498291, 126.52648162841797, 39.21483612060547)",1,4.7701263427734375,1,"(40.185062408447266, -86.36589050292969, 659.3333740234375)",1
10662421094,10623795132,"(nan, nan)","(nan, nan, nan)",0,nan,0,"(nan, nan, nan)",0,"(0.4928383529186249, 0.602557897567749)","(-2.880204200744629, 126.50397491455078, 39.206661224365234)",1,4.763671875,1,"(40.180694580078125, -86.3659439086914, 659.2756958007812)",1
10662437734,10623811772,"(0.49886229634284973, 0.6211857199668884)","(0.45285651087760925, 121.05606842041016, 37.22370910644531)",1,4.816009521484375,1,"(-14.248249053955078, -93.46029663085938, 661.1041259765625)",1,"(nan, nan)","(nan, nan, nan)",0,nan,0,"(nan, nan, nan)",0
10662453776,10623827814,"(0.49965059757232666, 0.6179829239845276)","(0.889013409614563, 121.99272918701172, 37.56465148925781)",1,4.820068359375,1,"(-14.253353118896484, -93.45403289794922, 661.049072265625)",1,"(0.4902869760990143, 0.5909162759780884)","(-4.291901588439941, 129.90870666503906, 40.445899963378906)",1,4.7963409423828125,1,"(40.16682815551758, -86.3420639038086, 659.0243530273438)",1
10662471014,10623845052,"(nan, nan)","(nan, nan, nan)",0,nan,0,"(nan, nan, nan)",0,"(0.4896673858165741, 0.5927093625068665)","(-4.634722709655762, 129.38429260253906, 40.25503158569336)",1,4.7982330322265625,1,"(40.16813278198242, -86.34278869628906, 659.0254516601562)",1
10662487654,10623861692,"(0.49929022789001465, 0.6206768751144409)","(0.6896379590034485, 121.20484161376953, 37.27791976928711)",1,4.8257904052734375,1,"(-14.226288795471191, -93.45462036132812, 661.013427734375)",1,"(nan, nan)","(nan, nan, nan)",0,nan,0,"(nan, nan, nan)",0
10662503696,10623877734,"(0.531810462474823, 0.6203315854072571)","(18.68311309814453, 121.30583953857422, 37.314632415771484)",1,4.8387298583984375,1,"(-14.008169174194336, -93.45183563232422, 661.2289428710938)",1,"(0.529357373714447, 0.6014914512634277)","(17.325780868530273, 126.81584930419922, 39.320159912109375)",1,4.7755889892578125,1,"(40.37356185913086, -86.3386459350586, 659.1478881835938)",1
10662520934,10623894972,"(nan, nan)","(nan, nan, nan)",0,nan,0,"(nan, nan, nan)",0,"(0.5366440415382385, 0.6027349233627319)","(21.35753059387207, 126.4521713256836, 39.18779373168945)",1,4.7695159912109375,1,"(40.4264030456543, -86.37107849121094, 659.4459228515625)",1
10662537574,10623911612,"(0.5593101978302002, 0.6122319102287292)","(33.89866638183594, 123.6746826171875, 38.1768913269043)",1,4.8381500244140625,1,"(-13.918500900268555, -93.56233215332031, 662.2877197265625)",1,"(nan, nan)","(nan, nan, nan)",0,nan,0,"(nan, nan, nan)",0
10662553616,10623927654,"(0.5607492327690125, 0.6085094213485718)","(34.694923400878906, 124.76338958740234, 38.573097229003906)",1,4.8487701416015625,1,"(-13.923134803771973, -93.6739730834961, 663.213134765625)",1,"(0.5521141290664673, 0.5905415415763855)","(29.91713523864746, 130.0182647705078, 40.485801696777344)",1,4.8052215576171875,1,"(40.63188171386719, -86.56925201416016, 661.1663818359375)",1
10662570854,10623944892,"(nan, nan)","(nan, nan, nan)",0,nan,0,"(nan, nan, nan)",0,"(0.5524648427963257, 0.5848010778427124)","(30.11115264892578, 131.69715881347656, 41.09684753417969)",1,4.8095703125,1,"(40.65049362182617, -86.59728240966797, 661.382080078125)",1
10662587494,10623961532,"(0.5613571405410767, 0.605058491230011)","(35.031246185302734, 125.77265167236328, 38.94041061401367)",1,4.8697662353515625,1,"(-13.926870346069336, -93.82672119140625, 664.2423706054688)",1,"(nan, nan)","(nan, nan, nan)",0,nan,0,"(nan, nan, nan)",0
10662603536,10623977574,"(0.5625230073928833, 0.6057192087173462)","(35.676361083984375, 125.57939147949219, 38.870113372802734)",1,4.8776092529296875,1,"(-13.933773040771484, -93.90907287597656, 664.7626342773438)",1,"(0.5543457269668579, 0.5958921909332275)","(31.151813507080078, 128.45343017578125, 39.916202545166016)",1,4.8074951171875,1,"(40.768070220947266, -86.77765655517578, 662.704345703125)",1
10662620774,10623994812,"(nan, nan)","(nan, nan, nan)",0,nan,0,"(nan, nan, nan)",0,"(0.5556671023368835, 0.5961925387382507)","(31.882932662963867, 128.36558532714844, 39.88423156738281)",1,4.8055419921875,1,"(40.77557373046875, -86.79065704345703, 662.8023681640625)",1
10662637414,10624011452,"(0.5627830624580383, 0.603651225566864)","(35.82020568847656, 126.1842041015625, 39.09021759033203)",1,4.8872222900390625,1,"(-13.92288589477539, -93.97435760498047, 665.3026123046875)",1,"(nan, nan)","(nan, nan, nan)",0,nan,0,"(nan, nan, nan)",0
10662653456,10624027494,"(0.5631040334701538, 0.6063080430030823)","(35.99782180786133, 125.40716552734375, 38.80742645263672)",1,4.881744384765625,1,"(-13.886700630187988, -93.9579849243164, 665.2803955078125)",1,"(0.5534951090812683, 0.5865834355354309)","(30.681184768676758, 131.17591857910156, 40.907081604003906)",1,4.8258056640625,1,"(40.86524200439453, -86.8428955078125, 663.1874389648438)",1
10662670694,10624044732,"(nan, nan)","(nan, nan, nan)",0,nan,0,"(nan, nan, nan)",0,"(0.5558129549026489, 0.5865587592124939)","(31.963655471801758, 131.18313598632812, 40.90969467163086)",1,4.83160400390625,1,"(40.87457275390625, -86.8346939086914, 663.131103515625)",1
10662687334,10624061372,"(0.5579174160957336, 0.6122695803642273)","(33.12807846069336, 123.66366577148438, 38.172855377197266)",1,4.883331298828125,1,"(-13.838207244873047, -93.92254638671875, 664.970947265625)",1,"(nan, nan)","(nan, nan, nan)",0,nan,0,"(nan, nan, nan)",0
10662703376,10624077414,"(0.5182515978813171, 0.6553925275802612)","(11.180946350097656, 111.05184936523438, 33.58250427246094)",1,4.8819427490234375,1,"(-13.975340843200684, -93.97106170654297, 665.0345458984375)",1,"(0.5026978254318237, 0.635899007320404)","(2.575042486190796, 116.75299835205078, 35.65753936767578)",1,4.8175201416015625,1,"(40.70283508300781, -86.90764617919922, 663.041748046875)",1
10662720614,10624094652,"(nan, nan)","(nan, nan, nan)",0,nan,0,"(nan, nan, nan)",0,"(0.5008594393730164, 0.6387366056442261)","(1.5579034090042114, 115.923095703125, 35.35546875)",1,4.817474365234375,1,"(40.694515228271484, -86.89739227294922, 662.943603515625)",1
10662737254,10624111292,"(nan, nan)","(nan, nan, nan)",0,nan,0,"(nan, nan, nan)",0,"(nan, nan)","(nan, nan, nan)",0,nan,0,"(nan, nan, nan)",0
10662753296,10624127334,"(0.5111258625984192, 0.6521162390708923)","(7.238285541534424, 112.01007843017578, 33.93121337890625)",1,4.85955810546875,1,"(-13.986589431762695, -94.13414001464844, 666.0701904296875)",1,"(0.49561652541160583, 0.6323397159576416)","(-1.343043327331543, 117.79393768310547, 36.0363883972168)",1,4.8304290771484375,1,"(40.84111022949219, -87.09012603759766, 663.9826049804688)",1
10662770534,10624144572,"(nan, nan)","(nan, nan, nan)",0,nan,0,"(nan, nan, nan)",0,"(0.4962702989578247, 0.6330789923667908)","(-0.9812968373298645, 117.57769775390625, 35.957706451416016)",1,4.8292999267578125,1,"(40.8531379699707, -87.11319732666016, 664.12646484375)",1
10662787169,10624161207,"(0.5061458945274353, 0.6654202938079834)","(4.482880592346191, 108.11912536621094, 32.51506042480469)",1,4.88360595703125,1,"(-14.005739212036133, -94.24596405029297, 666.8236083984375)",1,"(nan, nan)","(nan, nan, nan)",0,nan,0,"(nan, nan, nan)",0
10662803216,10624177254,"(0.5053777694702148, 0.6635506749153137)","(4.0578932762146, 108.6658935546875, 32.71412658691406)",1,4.8896484375,1,"(-14.02873420715332, -94.34105682373047, 667.4078369140625)",1,"(0.4960815906524658, 0.6287405490875244)","(-1.0856900215148926, 118.84654998779297, 36.419532775878906)",1,4.8401947021484375,1,"(40.94001007080078, -87.29857635498047, 665.3704223632812)",1
10662820454,10624194492,"(nan, nan)","(nan, nan, nan)",0,nan,0,"(nan, nan, nan)",0,"(0.49525219202041626, 0.626103937625885)","(-1.5446217060089111, 119.6176528930664, 36.700191497802734)",1,4.8414154052734375,1,"(40.94624328613281, -87.31468200683594, 665.476318359375)",1
10662837094,10624211132,"(0.5069754123687744, 0.6557796597480774)","(4.941859722137451, 110.93864440917969, 33.54131317138672)",1,4.9110870361328125,1,"(-14.066393852233887, -94.46488952636719, 667.9884643554688)",1,"(nan, nan)","(nan, nan, nan)",0,nan,0,"(nan, nan, nan)",0
10662853136,10624227174,"(0.5054605603218079, 0.6534066796302795)","(4.10366678237915, 111.63264465332031, 33.793983459472656)",1,4.910247802734375,1,"(-14.095352172851562, -94.54847717285156, 668.2754516601562)",1,"(0.4937204122543335, 0.6329472661018372)","(-2.3921616077423096, 117.61627197265625, 35.97174072265625)",1,4.854522705078125,1,"(40.976715087890625, -87.45057678222656, 666.2171020507812)",1
10662870374,10624244412,"(nan, nan)","(nan, nan, nan)",0,nan,0,"(nan, nan, nan)",0,"(0.4958191514015198, 0.6280965209007263)","(-1.2309234142303467, 119.03492736816406, 36.48807144165039)",1,4.8760528564453125,1,"(40.975215911865234, -87.45813751220703, 666.2282104492188)",1
10662887014,10624261052,"(0.5055649280548096, 0.6557278037071228)","(4.161424160003662, 110.95377349853516, 33.546875)",1,4.9115753173828125,1,"(-14.11534595489502, -94.6082534790039, 668.340576171875)",1,"(nan, nan)","(nan, nan, nan)",0,nan,0,"(nan, nan, nan)",0
10662903056,10624277094,"(0.508728563785553, 0.6634795069694519)","(5.911840438842773, 108.68672180175781, 32.721744537353516)",1,4.9215240478515625,1,"(-14.12613296508789, -94.64911651611328, 668.5291137695312)",1,"(0.4980056583881378, 0.633156418800354)","(-0.02112104371190071, 117.55504608154297, 35.949501037597656)",1,4.8960418701171875,1,"(40.969608306884766, -87.53888702392578, 666.445556640625)",1
10662920294,10624294332,"(nan, nan)","(nan, nan, nan)",0,nan,0,"(nan, nan, nan)",0,"(0.5011017322540283, 0.6282560229301453)","(1.6919410228729248, 118.98827362060547, 36.471134185791016)",1,4.89276123046875,1,"(40.97148895263672, -87.54698944091797, 666.4853515625)",1
10662936934,10624310972,"(0.49404534697532654, 0.6246941089630127)","(-2.2123782634735107, 120.02996826171875, 36.850284576416016)",1,4.916015625,1,"(-14.173086166381836, -94.58680725097656, 668.7359619140625)",1,"(nan, nan)","(nan, nan, nan)",0,nan,0,"(nan, nan, nan)",0
10662952976,10624327014,"(0.4687339663505554, 0.46043500304222107)","(-16.2171630859375, 168.06951904296875, 54.33518981933594)",1,4.9394073486328125,1,"(-14.21018123626709, -94.28645324707031, 668.7059936523438)",1,"(0.46018701791763306, 0.4322342872619629)","(-20.946203231811523, 176.317138671875, 57.337135314941406)",1,4.9022064208984375,1,"(40.6748161315918, -87.17789459228516, 666.6708374023438)",1
10662970214,10624344252,"(nan, nan)","(nan, nan, nan)",0,nan,0,"(nan, nan, nan)",0,"(0.45844122767448425, 0.4221996068954468)","(-21.912126541137695, 179.2518768310547, 58.405296325683594)",1,4.9230499267578125,1,"(40.664920806884766, -87.16211700439453, 666.5469970703125)",1
10662986854,10624360892,"(0.4718157947063446, 0.4405982494354248)","(-14.511970520019531, 173.87098693847656, 56.44679260253906)",1,4.9522857666015625,1,"(-14.215130805969238, -94.28276062011719, 668.5563354492188)",1,"(nan, nan)","(nan, nan, nan)",0,nan,0,"(nan, nan, nan)",0
10663002896,10624376934,"(0.4739217758178711, 0.44613397121429443)","(-13.346735000610352, 172.2519989013672, 55.85757827758789)",1,4.9439239501953125,1,"(-14.223529815673828, -94.25724029541016, 668.4566040039062)",1,"(0.4549885094165802, 0.43236061930656433)","(-23.822507858276367, 176.2801513671875, 57.323646545410156)",1,4.9156951904296875,1,"(40.72283935546875, -87.19670104980469, 666.400634765625)",1
10663020134,10624394172,"(nan, nan)","(nan, nan, nan)",0,nan,0,"(nan, nan, nan)",0,"(0.45682111382484436, 0.4311882257461548)","(-22.808530807495117, 176.62306213378906, 57.448448181152344)",1,4.9095916748046875,1,"(40.72798156738281, -87.19740295410156, 666.412109375)",1
10663036774,10624410812,"(0.4706311523914337, 0.4518248736858368)","(-15.167426109313965, 170.58763122558594, 55.251808166503906)",1,4.9156036376953125,1,"(-14.239645004272461, -94.2697525024414, 668.567138671875)",1,"(nan, nan)","(nan, nan, nan)",0,nan,0,"(nan, nan, nan)",0
10663052816,10624426854,"(0.46987760066986084, 0.45195576548576355)","(-15.584383010864258, 170.54934692382812, 55.23788070678711)",1,4.917388916015625,1,"(-14.249873161315918, -94.3163833618164, 668.7488403320312)",1,"(0.45575207471847534, 0.4315554201602936)","(-23.400043487548828, 176.51564025878906, 57.4094123840332)",1,4.9090728759765625,1,"(40.771785736083984, -87.25879669189453, 666.714111328125)",1
10663070003,10624444041,"(nan, nan)","(nan, nan, nan)",0,nan,0,"(nan, nan, nan)",0,"(0.45483824610710144, 0.4316149353981018)","(-23.9056339263916, 176.4982452392578, 57.403076171875)",1,4.917755126953125,1,"(40.77685546875, -87.27069091796875, 666.7852783203125)",1
10663086694,10624460732,"(0.4731718599796295, 0.44323986768722534)","(-13.7616548538208, 173.09840393066406, 56.165611267089844)",1,4.92974853515625,1,"(-14.273104667663574, -94.41126251220703, 669.19970703125)",1,"(nan, nan)","(nan, nan, nan)",0,nan,0,"(nan, nan, nan)",0
10663102736,10624476774,"(0.4708164930343628, 0.4424390494823456)","(-15.06488037109375, 173.3325958251953, 56.25086975097656)",1,4.9324798583984375,1,"(-14.287524223327637, -94.45018768310547, 669.4710083007812)",1,"(0.4529878795146942, 0.4314650893211365)","(-24.929487228393555, 176.54208374023438, 57.41901397705078)",1,4.9277191162109375,1,"(40.812496185302734, -87.357421875, 667.4486694335938)",1
10663119969,10624494007,"(nan, nan)","(nan, nan, nan)",0,nan,0,"(nan, nan, nan)",0,"(0.45592308044433594, 0.42947664856910706)","(-23.305444717407227, 177.12364196777344, 57.63068771362305)",1,4.9188079833984375,1,"(40.81512451171875, -87.36717224121094, 667.52978515625)",1
10663136614,10624510652,"(nan, nan)","(nan, nan, nan)",0,nan,0,"(nan, nan, nan)",0,"(nan, nan)","(nan, nan, nan)",0,nan,0,"(nan, nan, nan)",0
10663152656,10624526694,"(0.5125856995582581, 0.40950191020965576)","(8.046005249023438, 182.96546936035156, 59.7569580078125)",1,4.9234161376953125,1,"(-14.143393516540527, -94.60762786865234, 670.3721313476562)",1,"(0.4853518009185791, 0.4347369074821472)","(-7.022498607635498, 175.58518981933594, 57.07075500488281)",1,4.912750244140625,1,"(40.99797821044922, -87.41669464111328, 668.28955078125)",1
10663169894,10624543932,"(nan, nan)","(nan, nan, nan)",0,nan,0,"(nan, nan, nan)",0,"(0.4959268271923065, 0.43328365683555603)","(-1.1713379621505737, 176.0102081298828, 57.225460052490234)",1,4.9242401123046875,1,"(41.05274200439453, -87.42292785644531, 668.3324584960938)",1
10663186529,10624560567,"(0.5243301391601562, 0.5394992828369141)","(14.544224739074707, 144.9461669921875, 45.919132232666016)",1,5.0231170654296875,1,"(-13.936126708984375, -94.51271057128906, 670.3130493164062)",1,"(nan, nan)","(nan, nan, nan)",0,nan,0,"(nan, nan, nan)",0
10663202576,10624576614,"(nan, nan)","(nan, nan, nan)",0,nan,0,"(nan, nan, nan)",0,"(0.5298885703086853, 0.4246267080307007)","(17.619665145874023, 178.5420684814453, 58.14695358276367)",1,4.89892578125,1,"(41.207122802734375, -87.41837310791016, 667.95361328125)",1
10663219763,10624593801,"(nan, nan)","(nan, nan, nan)",0,nan,0,"(nan, nan, nan)",0,"(0.5295443534851074, 0.42157599329948425)","(17.429241180419922, 179.4342498779297, 58.47167205810547)",1,4.9074249267578125,1,"(41.21010208129883, -87.40449523925781, 667.8215942382812)",1
10663236454,10624610492,"(nan, nan)","(nan, nan, nan)",0,nan,0,"(nan, nan, nan)",0,"(nan, nan)","(nan, nan, nan)",0,nan,0,"(nan, nan, nan)",0
10663252496,10624626534,"(nan, nan)","(nan, nan, nan)",0,nan,0,"(nan, nan, nan)",0,"(0.5222072005271912, 0.433697909116745)","(13.369601249694824, 175.88909912109375, 57.18132781982422)",1,4.8899383544921875,1,"(41.19794464111328, -87.342529296875, 667.0359497070312)",1
10663269729,10624643767,"(nan, nan)","(nan, nan, nan)",0,nan,0,"(nan, nan, nan)",0,"(0.5249806642532349, 0.4340812563896179)","(14.904162406921387, 175.77696228027344, 57.14054870605469)",1,4.8730010986328125,1,"(41.195152282714844, -87.34080505371094, 666.9915161132812)",1
10663286323,10624660361,"(nan, nan)","(nan, nan, nan)",0,nan,0,"(nan, nan, nan)",0,"(nan, nan)","(nan, nan, nan)",0,nan,0,"(nan, nan, nan)",0
10663302416,10624676454,"(nan, nan)","(nan, nan, nan)",0,nan,0,"(nan, nan, nan)",0,"(0.5276453495025635, 0.43930143117904663)","(16.3785457611084, 174.250244140625, 56.58483123779297)",1,4.83917236328125,1,"(41.17052459716797, -87.33029174804688, 666.7621459960938)",1
10663319654,10624693692,"(nan, nan)","(nan, nan, nan)",0,nan,0,"(nan, nan, nan)",0,"(0.5278000235557556, 0.44502517580986023)","(16.464115142822266, 172.5762939453125, 55.975547790527344)",1,4.8340606689453125,1,"(41.16849899291992, -87.3290786743164, 666.7406005859375)",1
10663336294,10624710332,"(nan, nan)","(nan, nan, nan)",0,nan,0,"(nan, nan, nan)",0,"(nan, nan)","(nan, nan, nan)",0,nan,0,"(nan, nan, nan)",0
10663352336,10624726374,"(0.6010448336601257, 0.3989911377429962)","(56.99046325683594, 186.03948974609375, 60.875732421875)",1,4.849090576171875,1,"(-13.642297744750977, -94.44223022460938, 668.9603881835938)",1,"(0.5832560658454895, 0.424324631690979)","(47.14796829223633, 178.63035583496094, 58.179141998291016)",1,4.8134765625,1,"(41.38359069824219, -87.33403778076172, 666.77587890625)",1
10663369574,10624743612,"(nan, nan)","(nan, nan, nan)",0,nan,0,"(nan, nan, nan)",0,"(0.5849248766899109, 0.41298508644104004)","(48.071319580078125, 181.94674682617188, 59.386192321777344)",1,4.818145751953125,1,"(41.4251594543457, -87.36405181884766, 666.9961547851562)",1
10663386214,10624760252,"(0.6039546728134155, 0.4203285574913025)","(58.60048294067383, 179.79910278320312, 58.60443115234375)",1,4.8645477294921875,1,"(-13.635700225830078, -94.55205535888672, 669.6770629882812)",1,"(nan, nan)","(nan, nan, nan)",0,nan,0,"(nan, nan, nan)",0
10663402256,10624776294,"(0.606119692325592, 0.4146958589553833)","(59.79838943481445, 181.44644165039062, 59.204044342041016)",1,4.862152099609375,1,"(-13.648369789123535, -94.64846801757812, 670.1556396484375)",1,"(0.5847703218460083, 0.42469146847724915)","(47.98580551147461, 178.52310180664062, 58.14002227783203)",1,4.79278564453125,1,"(41.53499984741211, -87.52433013916016, 668.08984375)",1
10663419494,10624793532,"(nan, nan)","(nan, nan, nan)",0,nan,0,"(nan, nan, nan)",0,"(0.5868430137634277, 0.4269307553768158)","(49.13260269165039, 177.8682098388672, 57.901668548583984)",1,4.780975341796875,1,"(41.54425048828125, -87.54314422607422, 668.239013671875)",1
10663436134,10624810172,"(0.6044599413871765, 0.4146670997142792)","(58.88002395629883, 181.45486450195312, 59.20710754394531)",1,4.8471221923828125,1,"(-13.663752555847168, -94.76773071289062, 670.9818725585938)",1,"(nan, nan)","(nan, nan, nan)",0,nan,0,"(nan, nan, nan)",0
10663452176,10624826214,"(0.6040975451469421, 0.41617676615715027)","(58.679527282714844, 181.01333618164062, 59.0463981628418)",1,4.841583251953125,1,"(-13.662469863891602, -94.80706787109375, 671.3272705078125)",1,"(0.587255597114563, 0.42490917444229126)","(49.360897064208984, 178.45945739746094, 58.116851806640625)",1,4.7312164306640625,1,"(41.64579772949219, -87.68128967285156, 669.2290649414062)",1
10663469414,10624843452,"(nan, nan)","(nan, nan, nan)",0,nan,0,"(nan, nan, nan)",0,"(0.5870072245597839, 0.426025927066803)","(49.22346878051758, 178.13284301757812, 57.99795913696289)",1,4.7378082275390625,1,"(41.651466369628906, -87.68277740478516, 669.2584838867188)",1
10663486054,10624860091,"(0.6101526021957397, 0.4181273281574249)","(62.02976989746094, 180.44285583496094, 58.838768005371094)",1,4.838653564453125,1,"(-13.640811920166016, -94.78760528564453, 671.3334350585938)",1,"(nan, nan)","(nan, nan, nan)",0,nan,0,"(nan, nan, nan)",0
10663502096,10624876133,"(0.6115496158599854, 0.4134058952331543)","(62.80276870727539, 181.82369995117188, 59.341346740722656)",1,4.8292999267578125,1,"(-13.64013957977295, -94.81832885742188, 671.3696899414062)",1,"(0.5903375744819641, 0.4237900972366333)","(51.066162109375, 178.78671264648438, 58.23600769042969)",1,4.734588623046875,1,"(41.677734375, -87.67706298828125, 669.2518310546875)",1
10663519334,10624893371,"(nan, nan)","(nan, nan, nan)",0,nan,0,"(nan, nan, nan)",0,"(0.5909217596054077, 0.4240856170654297)","(51.38939666748047, 178.70028686523438, 58.204559326171875)",1,4.720062255859375,1,"(41.67483139038086, -87.66984558105469, 669.1867065429688)",1
10663535974,10624910011,"(0.6076278686523438, 0.4165058434009552)","(60.63287353515625, 180.91708374023438, 59.01141357421875)",1,4.825836181640625,1,"(-13.621013641357422, -94.73607635498047, 670.7444458007812)",1,"(nan, nan)","(nan, nan, nan)",0,nan,0,"(nan, nan, nan)",0
10663552016,10624926053,"(0.5735341310501099, 0.43339404463768005)","(41.76877212524414, 175.97793579101562, 57.21370315551758)",1,4.8234100341796875,1,"(-13.801871299743652, -94.7038803100586, 670.4047241210938)",1,"(0.5518641471862793, 0.4324118494987488)","(29.778776168823242, 176.2652130126953, 57.318206787109375)",1,4.7230072021484375,1,"(41.44501495361328, -87.58121490478516, 668.2738037109375)",1
10663569254,10624943291,"(nan, nan)","(nan, nan, nan)",0,nan,0,"(nan, nan, nan)",0,"(0.5250434279441833, 0.4438643753528595)","(14.938897132873535, 172.915771484375, 56.0991325378418)",1,4.718963623046875,1,"(41.329978942871094, -87.61582946777344, 668.4231567382812)",1
10663585894,10624959931,"(0.4640244245529175, 0.47218823432922363)","(-18.822925567626953, 164.63209533691406, 53.08417892456055)",1,4.824005126953125,1,"(-14.230388641357422, -94.88299560546875, 671.0277709960938)",1,"(nan, nan)","(nan, nan, nan)",0,nan,0,"(nan, nan, nan)",0
10663601936,10624975973,"(0.4663352370262146, 0.4747717082500458)","(-17.544357299804688, 163.8765411376953, 52.80916976928711)",1,4.8207244873046875,1,"(-14.181268692016602, -94.73880004882812, 670.091064453125)",1,"(0.44676700234413147, 0.4623350203037262)","(-28.37146759033203, 167.51380920410156, 54.13298416137695)",1,4.7219085693359375,1,"(40.95248794555664, -87.61304473876953, 667.8875732421875)",1
10663619174,10624993211,"(nan, nan)","(nan, nan, nan)",0,nan,0,"(nan, nan, nan)",0,"(0.44908320903778076, 0.4621332585811615)","(-27.08990478515625, 167.57281494140625, 54.15445327758789)",1,4.7177734375,1,"(40.95086669921875, -87.59902954101562, 667.7853393554688)",1
10663635814,10625009851,"(0.4647290110588074, 0.47474896907806396)","(-18.433120727539062, 163.88323974609375, 52.8115234375)",1,4.7897796630859375,1,"(-14.144427299499512, -94.57947540283203, 669.0549926757812)",1,"(nan, nan)","(nan, nan, nan)",0,nan,0,"(nan, nan, nan)",0
10663651856,10625025893,"(0.4628363251686096, 0.47879594564437866)","(-19.480316162109375, 162.69961547851562, 52.38080596923828)",1,4.7869110107421875,1,"(-14.122579574584961, -94.48390197753906, 668.4461669921875)",1,"(0.4477267265319824, 0.4700264036655426)","(-27.840465545654297, 165.2643585205078, 53.31428909301758)",1,4.73095703125,1,"(40.901309967041016, -87.37760162353516, 666.3590087890625)",1
10663669043,10625043080,"(nan, nan)","(nan, nan, nan)",0,nan,0,"(nan, nan, nan)",0,"(0.44982752203941345, 0.47226306796073914)","(-26.678083419799805, 164.61021423339844, 53.07620620727539)",1,4.7218780517578125,1,"(40.89777374267578, -87.3699951171875, 666.2899169921875)",1
10663685734,10625059771,"(0.4637085497379303, 0.4731057584285736)","(-18.99772834777832, 164.36380004882812, 52.9864387512207)",1,4.7965545654296875,1,"(-14.133343696594238, -94.47490692138672, 668.2090454101562)",1,"(nan, nan)","(nan, nan, nan)",0,nan,0,"(nan, nan, nan)",0
10663701776,10625075813,"(0.462365061044693, 0.4771629869937897)","(-19.741079330444336, 163.1772003173828, 52.554622650146484)",1,4.7980194091796875,1,"(-14.15191650390625, -94.4592514038086, 668.0088500976562)",1,"(0.45101502537727356, 0.47251713275909424)","(-26.02105140686035, 164.535888671875, 53.049171447753906)",1,4.7211151123046875,1,"(40.857357025146484, -87.35237884521484, 665.9324951171875)",1
10663718912,10625092949,"(nan, nan)","(nan, nan, nan)",0,nan,0,"(nan, nan, nan)",0,"(0.4515276551246643, 0.4748268127441406)","(-25.737401962280273, 163.8603973388672, 52.80332565307617)",1,4.7210693359375,1,"(40.848087310791016, -87.34569549560547, 665.8729858398438)",1
10663735654,10625109691,"(0.4678092300891876, 0.48054197430610657)","(-16.728775024414062, 162.18896484375, 52.194889068603516)",1,4.816650390625,1,"(-14.185441970825195, -94.41455078125, 667.5667724609375)",1,"(nan, nan)","(nan, nan, nan)",0,nan,0,"(nan, nan, nan)",0
10663751696,10625125733,"(0.4643526077270508, 0.4790532886981964)","(-18.641372680664062, 162.6243438720703, 52.353363037109375)",1,4.81402587890625,1,"(-14.18631362915039, -94.38721466064453, 667.2571411132812)",1,"(0.44915497303009033, 0.4667179584503174)","(-27.05022430419922, 166.23196411132812, 53.66642761230469)",1,4.7226409912109375,1,"(40.785400390625, -87.28215026855469, 665.2044067382812)",1
10663768782,10625142819,"(nan, nan)","(nan, nan, nan)",0,nan,0,"(nan, nan, nan)",0,"(0.44980719685554504, 0.467060923576355)","(-26.689353942871094, 166.1316680908203, 53.629905700683594)",1,4.72564697265625,1,"(40.782386779785156, -87.27635955810547, 665.1555786132812)",1
10663785523,10625159560,"(0.4641299843788147, 0.47416284680366516)","(-18.764514923095703, 164.0546112060547, 52.87395095825195)",1,4.824127197265625,1,"(-14.194018363952637, -94.37507629394531, 666.9920043945312)",1,"(nan, nan)","(nan, nan, nan)",0,nan,0,"(nan, nan, nan)",0
10663801616,10625175653,"(0.4660435914993286, 0.4791153371334076)","(-17.70573616027832, 162.60618591308594, 52.34682083129883)",1,4.8254241943359375,1,"(-14.19951057434082, -94.37106323242188, 666.984619140625)",1,"(0.4494287073612213, 0.46931594610214233)","(-26.89874267578125, 165.47210693359375, 53.38993453979492)",1,4.7286529541015625,1,"(40.77482604980469, -87.26383209228516, 664.9437866210938)",1
10663818748,10625192785,"(nan, nan)","(nan, nan, nan)",0,nan,0,"(nan, nan, nan)",0,"(0.44878220558166504, 0.4667092561721802)","(-27.256473541259766, 166.23448181152344, 53.66739273071289)",1,4.7368011474609375,1,"(40.773536682128906, -87.25942993164062, 664.9133911132812)",1
10663835494,10625209531,"(0.4516933262348175, 0.47638052701950073)","(-25.645790100097656, 163.40602111816406, 52.63791275024414)",1,4.796142578125,1,"(-14.218921661376953, -94.375, 666.7518310546875)",1,"(nan, nan)","(nan, nan, nan)",0,nan,0,"(nan, nan, nan)",0
10663851536,10625225573,"(0.4253975450992584, 0.4817942678928375)","(-40.19523620605469, 161.8227081298828, 52.061641693115234)",1,4.786529541015625,1,"(-14.29065227508545, -94.38455963134766, 666.7129516601562)",1,"(0.4162232577800751, 0.4769560992717743)","(-45.27134323120117, 163.2377166748047, 52.5765380859375)",1,4.73406982421875,1,"(40.626529693603516, -87.25906372070312, 664.7255249023438)",1
10663868714,10625242751,"(nan, nan)","(nan, nan, nan)",0,nan,0,"(nan, nan, nan)",0,"(0.4158580005168915, 0.47977298498153687)","(-45.47344207763672, 162.41387939453125, 52.27670669555664)",1,4.73828125,1,"(40.62693405151367, -87.25206756591797, 664.6900024414062)",1
10663885414,10625259451,"(0.4290532171726227, 0.4828585982322693)","(-38.17250442504883, 161.51141357421875, 51.948307037353516)",1,4.831573486328125,1,"(-14.28939437866211, -94.42000579833984, 667.129638671875)",1,"(nan, nan)","(nan, nan, nan)",0,nan,0,"(nan, nan, nan)",0
10663901456,10625275493,"(0.431373655796051, 0.4878062605857849)","(-36.888614654541016, 160.0644073486328, 51.421653747558594)",1,4.831756591796875,1,"(-14.304292678833008, -94.40717315673828, 667.3235473632812)",1,"(0.41366639733314514, 0.4763169586658478)","(-46.68605422973633, 163.4246368408203, 52.64464569091797)",1,4.7532958984375,1,"(40.695335388183594, -87.30452728271484, 665.2850952148438)",1
10663918680,10625292717,"(nan, nan)","(nan, nan, nan)",0,nan,0,"(nan, nan, nan)",0,"(0.4146996736526489, 0.4769132137298584)","(-46.11432647705078, 163.250244140625, 52.58116149902344)",1,4.760986328125,1,"(40.695716857910156, -87.30451965332031, 665.313720703125)",1
10663935334,10625309371,"(0.43239399790763855, 0.48878830671310425)","(-36.32408142089844, 159.77725219726562, 51.317138671875)",1,4.8408355712890625,1,"(-14.325507164001465, -94.40491485595703, 667.56689453125)",1,"(nan, nan)","(nan, nan, nan)",0,nan,0,"(nan, nan, nan)",0
10663951376,10625325413,"(0.4335659444332123, 0.48756036162376404)","(-35.67564392089844, 160.13636779785156, 51.447818756103516)",1,4.8399658203125,1,"(-14.337468147277832, -94.42439270019531, 667.5757446289062)",1,"(0.4186127185821533, 0.4723063111305237)","(-43.94923400878906, 164.5975799560547, 53.071571350097656)",1,4.761260986328125,1,"(40.69282150268555, -87.33545684814453, 665.5125122070312)",1
10663968614,10625342651,"(nan, nan)","(nan, nan, nan)",0,nan,0,"(nan, nan, nan)",0,"(0.4168115556240082, 0.4741235375404358)","(-44.94584655761719, 164.06613159179688, 52.878143310546875)",1,4.771636962890625,1,"(40.68999481201172, -87.33634948730469, 665.4979248046875)",1
10663985254,10625359291,"(0.43500807881355286, 0.48797377943992615)","(-34.87766647338867, 160.01544189453125, 51.403778076171875)",1,4.8523101806640625,1,"(-14.363714218139648, -94.442626953125, 667.4991455078125)",1,"(nan, nan)","(nan, nan, nan)",0,nan,0,"(nan, nan, nan)",0
10664001296,10625375333,"(0.4640447497367859, 0.49044284224510193)","(-18.811677932739258, 159.29331970214844, 51.14098358154297)",1,4.8748779296875,1,"(-14.185348510742188, -94.43310546875, 667.5715942382812)",1,"(0.4555765986442566, 0.4794543981552124)","(-23.497121810913086, 162.5070343017578, 52.3106803894043)",1,4.8050384521484375,1,"(40.800716400146484, -87.33013916015625, 665.4833374023438)",1
10664018534,10625392571,"(nan, nan)","(nan, nan, nan)",0,nan,0,"(nan, nan, nan)",0,"(0.4760713577270508, 0.47891244292259216)","(-12.157371520996094, 162.66551208496094, 52.36838150024414)",1,4.8102264404296875,1,"(40.85753631591797, -87.33185577392578, 665.5558471679688)",1
10664035174,10625409211,"(0.5282963514328003, 0.4855165183544159)","(16.73872947692871, 160.734130859375, 51.66532516479492)",1,4.878387451171875,1,"(-13.966517448425293, -94.3653335571289, 667.6446533203125)",1,"(nan, nan)","(nan, nan, nan)",0,nan,0,"(nan, nan, nan)",0
10664051216,10625425253,"(0.5285707116127014, 0.4821540415287018)","(16.890514373779297, 161.71749877929688, 52.02333068847656)",1,4.87860107421875,1,"(-13.974842071533203, -94.34526062011719, 667.3161010742188)",1,"(0.5059625506401062, 0.46109598875045776)","(4.381443500518799, 167.87615966796875, 54.26486587524414)",1,4.8276214599609375,1,"(41.010536193847656, -87.2751235961914, 665.285888671875)",1
10664068454,10625442491,"(nan, nan)","(nan, nan, nan)",0,nan,0,"(nan, nan, nan)",0,"(0.5051068067550659, 0.46193021535873413)","(3.9079575538635254, 167.63218688964844, 54.17605972290039)",1,4.8163909912109375,1,"(41.00288772583008, -87.25298309326172, 665.145263671875)",1
10664085043,10625459080,"(0.5261654257774353, 0.48466524481773376)","(15.559693336486816, 160.98306274414062, 51.755985260009766)",1,4.8788909912109375,1,"(-13.96550464630127, -94.24082946777344, 666.615478515625)",1,"(nan, nan)","(nan, nan, nan)",0,nan,0,"(nan, nan, nan)",0
10664101136,10625475173,"(0.5287464261054993, 0.48402470350265503)","(16.987749099731445, 161.17039489746094, 51.82415771484375)",1,4.876373291015625,1,"(-13.957761764526367, -94.1301040649414, 666.1495971679688)",1,"(0.5069080591201782, 0.4789985418319702)","(4.904581546783447, 162.64031982421875, 52.35920333862305)",1,4.8184814453125,1,"(40.949764251708984, -87.00666809082031, 664.0778198242188)",1
10664118374,10625492411,"(nan, nan)","(nan, nan, nan)",0,nan,0,"(nan, nan, nan)",0,"(0.5070199966430664, 0.47801417112350464)","(4.966517448425293, 162.92823791503906, 52.464012145996094)",1,4.819610595703125,1,"(40.94697570800781, -86.98588562011719, 663.9517211914062)",1
10664135014,10625509051,"(0.5299909114837646, 0.47927674651145935)","(17.676321029663086, 162.55899047851562, 52.32960510253906)",1,4.8701324462890625,1,"(-13.914934158325195, -93.99858093261719, 665.5088500976562)",1,"(nan, nan)","(nan, nan, nan)",0,nan,0,"(nan, nan, nan)",0
10664151056,10625525093,"(0.5233513116836548, 0.4766063392162323)","(14.00260066986084, 163.33999633789062, 52.613868713378906)",1,4.862518310546875,1,"(-13.863972663879395, -93.92900085449219, 665.0982055664062)",1,"(0.507663905620575, 0.48420536518096924)","(5.3227739334106445, 161.1175537109375, 51.80498504638672)",1,4.79449462890625,1,"(40.953147888183594, -86.84759521484375, 662.9894409179688)",1
10664168294,10625542331,"(nan, nan)","(nan, nan, nan)",0,nan,0,"(nan, nan, nan)",0,"(0.5055314302444458, 0.4777473211288452)","(4.1428728103637695, 163.00625610351562, 52.49241256713867)",1,4.8094635009765625,1,"(40.96210861206055, -86.83753967285156, 662.9578857421875)",1
10664184934,10625558971,"(nan, nan)","(nan, nan, nan)",0,nan,0,"(nan, nan, nan)",0,"(nan, nan)","(nan, nan, nan)",0,nan,0,"(nan, nan, nan)",0
10664200976,10625575013,"(0.5243653059005737, 0.463192343711853)","(14.563663482666016, 167.26304626464844, 54.041748046875)",1,4.840423583984375,1,"(-13.815399169921875, -93.9209213256836, 665.253173828125)",1,"(0.5018560290336609, 0.478081613779068)","(2.109290599822998, 162.9084930419922, 52.456871032714844)",1,4.813629150390625,1,"(41.00920867919922, -86.84091186523438, 663.1513671875)",1
10664218214,10625592251,"(nan, nan)","(nan, nan, nan)",0,nan,0,"(nan, nan, nan)",0,"(0.5006961226463318, 0.47415396571159363)","(1.4675253629684448, 164.0571746826172, 52.874969482421875)",1,4.8098297119140625,1,"(41.015777587890625, -86.85467529296875, 663.2578735351562)",1
10664234849,10625608886,"(nan, nan)","(nan, nan, nan)",0,nan,0,"(nan, nan, nan)",0,"(nan, nan)","(nan, nan, nan)",0,nan,0,"(nan, nan, nan)",0
10664250896,10625624933,"(0.5249652862548828, 0.4693887531757355)","(14.895669937133789, 165.4508514404297, 53.38214111328125)",1,4.8469696044921875,1,"(-13.841421127319336, -94.02568054199219, 666.1483154296875)",1,"(0.5047647356987, 0.4764709770679474)","(3.7186672687530518, 163.37960815429688, 52.62826156616211)",1,4.8099365234375,1,"(41.045745849609375, -86.95655059814453, 664.046142578125)",1
10664268134,10625642171,"(nan, nan)","(nan, nan, nan)",0,nan,0,"(nan, nan, nan)",0,"(0.5026164054870605, 0.47800499200820923)","(2.52998948097229, 162.93092346191406, 52.464962005615234)",1,4.8083648681640625,1,"(41.04845428466797, -86.96572875976562, 664.172119140625)",1
10664284764,10625658801,"(0.5247870683670044, 0.48119205236434937)","(14.797056198120117, 161.99884033203125, 52.12569046020508)",1,4.889190673828125,1,"(-13.881738662719727, -94.10841369628906, 666.8560791015625)",1,"(nan, nan)","(nan, nan, nan)",0,nan,0,"(nan, nan, nan)",0
10664300816,10625674853,"(0.5251309871673584, 0.4826822280883789)","(14.98730182647705, 161.56301879882812, 51.967044830322266)",1,4.8781585693359375,1,"(-13.90731143951416, -94.13125610351562, 667.1290893554688)",1,"(0.5044367909431458, 0.4750157594680786)","(3.53725004196167, 163.80517578125, 52.78318786621094)",1,4.818572998046875,1,"(41.05634689331055, -87.04735565185547, 665.0492553710938)",1
10664318054,10625692091,"(nan, nan)","(nan, nan, nan)",0,nan,0,"(nan, nan, nan)",0,"(0.5156841278076172, 0.46974632143974304)","(9.760405540466309, 165.3462677001953, 53.34410095214844)",1,4.8276824951171875,1,"(41.08145523071289, -87.03583526611328, 664.9791259765625)",1
10664334694,10625708731,"(0.6030218601226807, 0.47849541902542114)","(58.084354400634766, 162.78750610351562, 52.41276550292969)",1,4.888397216796875,1,"(-13.561776161193848, -94.07005310058594, 667.3063354492188)",1,"(nan, nan)","(nan, nan, nan)",0,nan,0,"(nan, nan, nan)",0
10664350736,10625724773,"(0.6132512092590332, 0.46668538451194763)","(63.74425506591797, 166.2415008544922, 53.669898986816406)",1,4.901275634765625,1,"(-13.55173397064209, -94.1235122680664, 667.6429443359375)",1,"(0.5904523134231567, 0.46752825379371643)","(51.12965393066406, 165.99497985839844, 53.58015823364258)",1,4.8130035400390625,1,"(41.412498474121094, -87.04159545898438, 665.6669311523438)",1
10664367974,10625742011,"(nan, nan)","(nan, nan, nan)",0,nan,0,"(nan, nan, nan)",0,"(0.5896036028862, 0.46544796228408813)","(50.66009521484375, 166.6033935546875, 53.80158615112305)",1,4.8150634765625,1,"(41.40211486816406, -87.01424407958984, 665.5054321289062)",1
10664384614,10625758651,"(0.6132562160491943, 0.4602107107639313)","(63.74705505371094, 168.13507080078125, 54.35914611816406)",1,4.8744659423828125,1,"(-13.571455001831055, -94.07584381103516, 667.4196166992188)",1,"(nan, nan)","(nan, nan, nan)",0,nan,0,"(nan, nan, nan)",0
10664400656,10625774693,"(0.6106053590774536, 0.4545176923274994)","(62.28030014038086, 169.80006408691406, 54.965152740478516)",1,4.8714447021484375,1,"(-13.579681396484375, -94.09261322021484, 667.5655517578125)",1,"(0.5908156633377075, 0.4663403630256653)","(51.33065414428711, 166.3424072265625, 53.706607818603516)",1,4.81103515625,1,"(41.38722610473633, -86.96156311035156, 665.492919921875)",1
10664417894,10625791931,"(nan, nan)","(nan, nan, nan)",0,nan,0,"(nan, nan, nan)",0,"(0.5914078950881958, 0.47376707196235657)","(51.6583251953125, 164.17037963867188, 52.91606140136719)",1,4.800933837890625,1,"(41.39253234863281, -86.96903228759766, 665.5814819335938)",1
10664434534,10625808571,"(0.6093961596488953, 0.4579610824584961)","(61.611244201660156, 168.7930145263672, 54.59861373901367)",1,4.859893798828125,1,"(-13.60736083984375, -94.16388702392578, 668.16943359375)",1,"(nan, nan)","(nan, nan, nan)",0,nan,0,"(nan, nan, nan)",0
10664450576,10625824613,"(0.6089653968811035, 0.46618151664733887)","(61.37293243408203, 166.38885498046875, 53.72352981567383)",1,4.8603515625,1,"(-13.63834285736084, -94.24143981933594, 668.720458984375)",1,"(0.5947173237800598, 0.47454115748405457)","(53.48948287963867, 163.94400024414062, 52.83365249633789)",1,4.7759246826171875,1,"(41.42207717895508, -87.10257720947266, 666.6548461914062)",1
10664467814,10625841851,"(nan, nan)","(nan, nan, nan)",0,nan,0,"(nan, nan, nan)",0,"(0.5937083959579468, 0.4764898121356964)","(52.93122100830078, 163.3740997314453, 52.62623977661133)",1,4.768829345703125,1,"(41.42300033569336, -87.12420654296875, 666.7993774414062)",1
10664484454,10625858491,"(0.6110552549362183, 0.4653494954109192)","(62.52931594848633, 166.6322021484375, 53.81206130981445)",1,4.8467559814453125,1,"(-13.706672668457031, -94.38389587402344, 669.6238403320312)",1,"(nan, nan)","(nan, nan, nan)",0,nan,0,"(nan, nan, nan)",0
10664500496,10625874533,"(0.6124687194824219, 0.46557483077049255)","(63.31132888793945, 166.56626892089844, 53.788150787353516)",1,4.8347015380859375,1,"(-13.745044708251953, -94.4225845336914, 669.811767578125)",1,"(0.5975653529167175, 0.4761570394039154)","(55.065242767333984, 163.47137451171875, 52.661705017089844)",1,4.75537109375,1,"(41.418174743652344, -87.26350402832031, 667.6766967773438)",1
10664517734,10625891771,"(nan, nan)","(nan, nan, nan)",0,nan,0,"(nan, nan, nan)",0,"(0.5957674384117126, 0.46314769983291626)","(54.07046127319336, 167.276123046875, 54.04650115966797)",1,4.7569427490234375,1,"(41.407188415527344, -87.25432586669922, 667.5780639648438)",1
10664534374,10625908411,"(0.615121066570282, 0.47658810019493103)","(64.77886199951172, 163.34532165527344, 52.61579513549805)",1,4.817962646484375,1,"(-13.767146110534668, -94.34336853027344, 669.2015380859375)",1,"(nan, nan)","(nan, nan, nan)",0,nan,0,"(nan, nan, nan)",0
10664550416,10625924453,"(0.6154271960258484, 0.4748169481754303)","(64.9482421875, 163.8633270263672, 52.804264068603516)",1,4.81256103515625,1,"(-13.765113830566406, -94.26203155517578, 668.5714111328125)",1,"(0.598031759262085, 0.46978387236595154)","(55.32331848144531, 165.33529663085938, 53.34003829956055)",1,4.7210540771484375,1,"(41.31464385986328, -87.10037231445312, 666.42138671875)",1
10664567654,10625941691,"(nan, nan)","(nan, nan, nan)",0,nan,0,"(nan, nan, nan)",0,"(0.5916175842285156, 0.46749937534332275)","(51.774349212646484, 166.00343322753906, 53.58321762084961)",1,4.7415618896484375,1,"(41.289947509765625, -87.08285522460938, 666.2853393554688)",1
10664584294,10625958331,"(0.5335142016410828, 0.5163648724555969)","(19.62574005126953, 151.7121124267578, 48.381683349609375)",1,4.7342987060546875,1,"(-14.055793762207031, -94.23243713378906, 667.8742065429688)",1,"(nan, nan)","(nan, nan, nan)",0,nan,0,"(nan, nan, nan)",0
10664600336,10625974373,"(0.43602311611175537, 0.5399459004402161)","(-34.316070556640625, 144.81558227539062, 45.871524810791016)",1,4.7060394287109375,1,"(-14.46550178527832, -94.39349365234375, 668.3081665039062)",1,"(0.42514336109161377, 0.511600136756897)","(-40.33586120605469, 153.10562133789062, 48.888832092285156)",1,4.73822021484375,1,"(40.44435501098633, -87.2048110961914, 666.4202270507812)",1
10664617574,10625991611,"(nan, nan)","(nan, nan, nan)",0,nan,0,"(nan, nan, nan)",0,"(0.4253811836242676, 0.5170243382453918)","(-40.20426940917969, 151.51925659179688, 48.31144332885742)",1,4.731597900390625,1,"(40.43168640136719, -87.19683074951172, 666.3578491210938)",1
10664634163,10626008200,"(0.432452917098999, 0.5334622263908386)","(-36.291465759277344, 146.71180725097656, 46.56170654296875)",1,4.7586212158203125,1,"(-14.53596305847168, -94.5035629272461, 668.8749389648438)",1,"(nan, nan)","(nan, nan, nan)",0,nan,0,"(nan, nan, nan)",0
10664650256,10626024293,"(0.43308591842651367, 0.5355551838874817)","(-35.94120407104492, 146.09971618652344, 46.3388671875)",1,4.75311279296875,1,"(-14.571661949157715, -94.54623413085938, 669.1102294921875)",1,"(0.4307428300380707, 0.5159921646118164)","(-37.23765182495117, 151.82113647460938, 48.421295166015625)",1,4.725494384765625,1,"(40.46799087524414, -87.29230499267578, 667.1071166992188)",1
10664667494,10626041531,"(nan, nan)","(nan, nan, nan)",0,nan,0,"(nan, nan, nan)",0,"(0.4284913241863251, 0.5159161686897278)","(-38.48343276977539, 151.8433837890625, 48.42939758300781)",1,4.733001708984375,1,"(40.463932037353516, -87.28240203857422, 667.031982421875)",1
10664684134,10626058171,"(0.4405595064163208, 0.5256891250610352)","(-31.806108474731445, 148.9851531982422, 47.38909912109375)",1,4.7707061767578125,1,"(-14.590853691101074, -94.4936294555664, 668.6397094726562)",1,"(nan, nan)","(nan, nan, nan)",0,nan,0,"(nan, nan, nan)",0
10664700176,10626074213,"(0.44026440382003784, 0.5277521014213562)","(-31.96939468383789, 148.3818359375, 47.169551849365234)",1,4.7699737548828125,1,"(-14.584136962890625, -94.4122085571289, 668.0768432617188)",1,"(0.4286951422691345, 0.5133227705955505)","(-38.370643615722656, 152.60182189941406, 48.705501556396484)",1,4.731903076171875,1,"(40.40341567993164, -87.1402359008789, 666.013671875)",1
10664717414,10626091451,"(nan, nan)","(nan, nan, nan)",0,nan,0,"(nan, nan, nan)",0,"(0.4290961027145386, 0.5155523419380188)","(-38.14878463745117, 151.9497528076172, 48.46819305419922)",1,4.7186737060546875,1,"(40.39665985107422, -87.12287139892578, 665.8787841796875)",1
10664734054,10626108091,"(0.4383738934993744, 0.5240563154220581)","(-33.015380859375, 149.46267700195312, 47.5628776550293)",1,4.7845001220703125,1,"(-14.567410469055176, -94.32270812988281, 667.2935791015625)",1,"(nan, nan)","(nan, nan, nan)",0,nan,0,"(nan, nan, nan)",0
10664750096,10626124133,"(0.4388359785079956, 0.5312219262123108)","(-32.75969696044922, 147.36697387695312, 46.800201416015625)",1,4.7747039794921875,1,"(-14.551466941833496, -94.25101470947266, 666.7908935546875)",1,"(0.4313168227672577, 0.5214529037475586)","(-36.92006301879883, 150.2240753173828, 47.84003448486328)",1,4.7131500244140625,1,"(40.34969711303711, -86.99340057373047, 664.7255249023438)",1
10664767334,10626141371,"(nan, nan)","(nan, nan, nan)",0,nan,0,"(nan, nan, nan)",0,"(0.4292711019515991, 0.5224605798721313)","(-38.05195617675781, 149.9293670654297, 47.73277282714844)",1,4.7203826904296875,1,"(40.350921630859375, -86.98660278320312, 664.6481323242188)",1
10664783974,10626158011,"(0.42965734004974365, 0.5436729788780212)","(-37.838260650634766, 143.72557067871094, 45.47470474243164)",1,4.7325897216796875,1,"(-14.515765190124512, -94.23307037353516, 666.4906616210938)",1,"(nan, nan)","(nan, nan, nan)",0,nan,0,"(nan, nan, nan)",0
10664800016,10626174053,"(0.4345487058162689, 0.5456907749176025)","(-35.13184356689453, 143.13540649414062, 45.26005172729492)",1,4.7360076904296875,1,"(-14.517355918884277, -94.27014923095703, 666.705810546875)",1,"(0.4266278147697449, 0.5238633155822754)","(-39.51451110839844, 149.51913452148438, 47.583457946777344)",1,4.71209716796875,1,"(40.39187240600586, -87.01358032226562, 664.6715087890625)",1
10664817254,10626191291,"(nan, nan)","(nan, nan, nan)",0,nan,0,"(nan, nan, nan)",0,"(0.4278865456581116, 0.5238337516784668)","(-38.818050384521484, 149.52780151367188, 47.58662414550781)",1,4.7198028564453125,1,"(40.40037536621094, -87.02587127685547, 664.744873046875)",1
10664833894,10626207931,"(0.4385334849357605, 0.5342748761177063)","(-32.927066802978516, 146.47412109375, 46.475181579589844)",1,4.7687225341796875,1,"(-14.50597858428955, -94.34838104248047, 667.1552734375)",1,"(nan, nan)","(nan, nan, nan)",0,nan,0,"(nan, nan, nan)",0
10664849936,10626223973,"(0.4389510750770569, 0.5379123091697693)","(-32.696014404296875, 145.41033935546875, 46.087989807128906)",1,4.7698516845703125,1,"(-14.503721237182617, -94.40953063964844, 667.6312255859375)",1,"(0.4222330152988434, 0.5189499258995056)","(-41.946144104003906, 150.95606994628906, 48.106510162353516)",1,4.71832275390625,1,"(40.50055694580078, -87.14962005615234, 665.5968017578125)",1
10664867174,10626241211,"(nan, nan)","(nan, nan, nan)",0,nan,0,"(nan, nan, nan)",0,"(0.4247581958770752, 0.5182503461837769)","(-40.54896545410156, 151.1606903076172, 48.18098068237305)",1,4.7115020751953125,1,"(40.510955810546875, -87.1631851196289, 665.7118530273438)",1
10664883814,10626257851,"(0.4587734043598175, 0.5317370891571045)","(-21.72832679748535, 147.2163543701172, 46.74525833129883)",1,4.75897216796875,1,"(-14.41525650024414, -94.48238372802734, 668.1483154296875)",1,"(nan, nan)","(nan, nan, nan)",0,nan,0,"(nan, nan, nan)",0
10664899856,10626273893,"(0.4898558557033539, 0.5273823738098145)","(-4.530389785766602, 148.48995971679688, 47.20882034301758)",1,4.7644195556640625,1,"(-14.256489753723145, -94.44595336914062, 667.984375)",1,"(0.4717550575733185, 0.5133091807365417)","(-14.54556941986084, 152.60580444335938, 48.706947326660156)",1,4.695220947265625,1,"(40.75041198730469, -87.18395233154297, 665.8486328125)",1
10664917094,10626291131,"(nan, nan)","(nan, nan, nan)",0,nan,0,"(nan, nan, nan)",0,"(0.47113656997680664, 0.5117404460906982)","(-14.887762069702148, 153.06459045410156, 48.87393569946289)",1,4.6975250244140625,1,"(40.75685119628906, -87.20059967041016, 665.9317016601562)",1
10664933734,10626307771,"(0.48855653405189514, 0.5255210399627686)","(-5.249299049377441, 149.03428649902344, 47.40707015991211)",1,4.766265869140625,1,"(-14.26164436340332, -94.54267883300781, 668.3336181640625)",1,"(nan, nan)","(nan, nan, nan)",0,nan,0,"(nan, nan, nan)",0
10664949776,10626323813,"(0.4886559545993805, 0.5216324329376221)","(-5.194294452667236, 150.17156982421875, 47.82094955444336)",1,4.7664794921875,1,"(-14.294002532958984, -94.63218688964844, 668.8292846679688)",1,"(0.4741409420967102, 0.5169902443885803)","(-13.225470542907715, 151.52923583984375, 48.31509780883789)",1,4.7109527587890625,1,"(40.786094665527344, -87.33191680908203, 666.7974243164062)",1
10664967014,10626341051,"(nan, nan)","(nan, nan, nan)",0,nan,0,"(nan, nan, nan)",0,"(0.47676458954811096, 0.519616961479187)","(-11.773801803588867, 150.7610321044922, 48.035491943359375)",1,4.7104339599609375,1,"(40.78736877441406, -87.34852600097656, 666.89453125)",1
10664983654,10626357691,"(0.4847411513328552, 0.5238385796546936)","(-7.360349178314209, 149.52635192871094, 47.58611297607422)",1,4.7624359130859375,1,"(-14.343941688537598, -94.73521423339844, 669.489013671875)",1,"(nan, nan)","(nan, nan, nan)",0,nan,0,"(nan, nan, nan)",0
10664999696,10626373733,"(0.4857971966266632, 0.5214560627937317)","(-6.776079177856445, 150.22314453125, 47.839664459228516)",1,4.7745208740234375,1,"(-14.380012512207031, -94.79969024658203, 669.8839721679688)",1,"(0.47884583473205566, 0.521147608757019)","(-10.622282028198242, 150.31338500976562, 47.87253952026367)",1,4.730438232421875,1,"(40.78707504272461, -87.47313690185547, 667.8193969726562)",1
10665016934,10626390971,"(nan, nan)","(nan, nan, nan)",0,nan,0,"(nan, nan, nan)",0,"(0.47999486327171326, 0.5168748497962952)","(-9.986507415771484, 151.56297302246094, 48.327362060546875)",1,4.736602783203125,1,"(40.78475570678711, -87.48158264160156, 667.875244140625)",1
10665033574,10626407611,"(0.49915772676467896, 0.5096608400344849)","(0.6163029670715332, 153.67282104492188, 49.095314025878906)",1,4.7657470703125,1,"(-14.420384407043457, -94.86370849609375, 670.1387939453125)",1,"(nan, nan)","(nan, nan, nan)",0,nan,0,"(nan, nan, nan)",0
10665049616,10626423653,"(0.49837610125541687, 0.5108457803726196)","(0.18382559716701508, 153.3262939453125, 48.96916198730469)",1,4.77288818359375,1,"(-14.414246559143066, -94.85234832763672, 669.9620361328125)",1,"(0.4805004298686981, 0.5200775265693665)","(-9.706758499145508, 150.6263427734375, 47.98642349243164)",1,4.737823486328125,1,"(40.778167724609375, -87.49678039550781, 667.869384765625)",1
10665066854,10626440891,"(nan, nan)","(nan, nan, nan)",0,nan,0,"(nan, nan, nan)",0,"(0.4857625663280487, 0.5144116282463074)","(-6.79522705078125, 152.2834014892578, 48.58953857421875)",1,4.7530670166015625,1,"(40.798397064208984, -87.4858627319336, 667.7735595703125)",1
10665083494,10626457531,"(0.5490818619728088, 0.514751136302948)","(28.23932647705078, 152.18411254882812, 48.55341720581055)",1,4.8255615234375,1,"(-14.136905670166016, -94.79012298583984, 669.8907470703125)",1,"(nan, nan)","(nan, nan, nan)",0,nan,0,"(nan, nan, nan)",0
10665099536,10626473573,"(0.5557940602302551, 0.5081454515457153)","(31.95317268371582, 154.1160125732422, 49.256649017333984)",1,4.8243560791015625,1,"(-14.123455047607422, -94.82870483398438, 670.2039184570312)",1,"(0.5396132469177246, 0.5029588341712952)","(23.000356674194336, 155.63290405273438, 49.80870056152344)",1,4.767486572265625,1,"(41.085533142089844, -87.5680160522461, 668.2086181640625)",1
10665116774,10626490811,"(nan, nan)","(nan, nan, nan)",0,nan,0,"(nan, nan, nan)",0,"(0.538079023361206, 0.5047066807746887)","(22.15146255493164, 155.12171936035156, 49.62266540527344)",1,4.762847900390625,1,"(41.0806999206543, -87.56636047363281, 668.1652221679688)",1
10665133414,10626507451,"(0.5538910031318665, 0.5094589591026306)","(30.90025520324707, 153.73187255859375, 49.11677169799805)",1,4.8362884521484375,1,"(-14.148702621459961, -94.92010498046875, 670.584716796875)",1,"(nan, nan)","(nan, nan, nan)",0,nan,0,"(nan, nan, nan)",0
10665149456,10626523493,"(0.5593779683113098, 0.5103273391723633)","(33.936214447021484, 153.47789001464844, 49.02434158325195)",1,4.8374176025390625,1,"(-14.20433521270752, -94.9970932006836, 670.90771484375)",1,"(0.5421360731124878, 0.49718955159187317)","(24.3962459564209, 157.32015991210938, 50.42279815673828)",1,4.7882537841796875,1,"(41.07173156738281, -87.70288848876953, 668.818115234375)",1
10665166694,10626540731,"(nan, nan)","(nan, nan, nan)",0,nan,0,"(nan, nan, nan)",0,"(0.5430569648742676, 0.49937161803245544)","(24.90578269958496, 156.68199157714844, 50.19053268432617)",1,4.8004913330078125,1,"(41.05535888671875, -87.70263671875, 668.79541015625)",1
10665183334,10626557371,"(0.5588231682777405, 0.5049180388450623)","(33.629207611083984, 155.0598907470703, 49.60013198852539)",1,4.8584747314453125,1,"(-14.269601821899414, -94.97618865966797, 670.6702270507812)",1,"(nan, nan)","(nan, nan, nan)",0,nan,0,"(nan, nan, nan)",0
10665199376,10626573413,"(0.5562956929206848, 0.5077171325683594)","(32.230751037597656, 154.2412567138672, 49.30220031738281)",1,4.8530731201171875,1,"(-14.304896354675293, -94.91871643066406, 670.2244873046875)",1,"(0.5384956002235413, 0.4937509596347809)","(22.382001876831055, 158.3258056640625, 50.788909912109375)",1,4.7845916748046875,1,"(40.939510345458984, -87.64473724365234, 668.1217041015625)",1
10665216614,10626590651,"(nan, nan)","(nan, nan, nan)",0,nan,0,"(nan, nan, nan)",0,"(0.537388265132904, 0.4989681541919708)","(21.76932144165039, 156.79998779296875, 50.233558654785156)",1,4.7983245849609375,1,"(40.928375244140625, -87.63870239257812, 668.0810546875)",1
10665233254,10626607291,"(0.5533304214477539, 0.5182816386222839)","(30.5900821685791, 151.15159606933594, 48.17753601074219)",1,4.84356689453125,1,"(-14.355036735534668, -94.87474060058594, 669.8424072265625)",1,"(nan, nan)","(nan, nan, nan)",0,nan,0,"(nan, nan, nan)",0
10665249296,10626623333,"(0.5563008189201355, 0.5174760818481445)","(32.23360061645508, 151.3871612548828, 48.26335525512695)",1,4.846435546875,1,"(-14.398386001586914, -94.89392852783203, 669.74755859375)",1,"(0.541254460811615, 0.49614253640174866)","(23.908451080322266, 157.62637329101562, 50.5343017578125)",1,4.7951202392578125,1,"(40.806968688964844, -87.62056732177734, 667.67041015625)",1
10665266534,10626640571,"(nan, nan)","(nan, nan, nan)",0,nan,0,"(nan, nan, nan)",0,"(0.5412372946739197, 0.49890780448913574)","(23.898921966552734, 156.8176727294922, 50.23996353149414)",1,4.794891357421875,1,"(40.79001235961914, -87.60784149169922, 667.5662231445312)",1
10665283174,10626657211,"(0.5592402219772339, 0.5202046632766724)","(33.8599967956543, 150.58914184570312, 47.972900390625)",1,4.850067138671875,1,"(-14.43928337097168, -94.82723999023438, 669.2341918945312)",1,"(nan, nan)","(nan, nan, nan)",0,nan,0,"(nan, nan, nan)",0
10665299216,10626673253,"(0.5583705902099609, 0.5217297673225403)","(33.378841400146484, 150.14306640625, 47.81060028076172)",1,4.842041015625,1,"(-14.443971633911133, -94.7320327758789, 668.6497192382812)",1,"(0.5465967059135437, 0.5019356608390808)","(26.864343643188477, 155.93212890625, 49.91758346557617)",1,4.7973785400390625,1,"(40.658294677734375, -87.45682525634766, 666.5282592773438)",1
10665316454,10626690491,"(nan, nan)","(nan, nan, nan)",0,nan,0,"(nan, nan, nan)",0,"(0.5462335348129272, 0.5007176995277405)","(26.663358688354492, 156.28834533691406, 50.047264099121094)",1,4.8040771484375,1,"(40.645530700683594, -87.43474578857422, 666.362548828125)",1
10665333094,10626707131,"(0.558650553226471, 0.5202162861824036)","(33.53374481201172, 150.5857391357422, 47.97168731689453)",1,4.846435546875,1,"(-14.42194938659668, -94.56474304199219, 667.6246948242188)",1,"(nan, nan)","(nan, nan, nan)",0,nan,0,"(nan, nan, nan)",0
10665349136,10626723173,"(0.5591512322425842, 0.5129918456077576)","(33.810707092285156, 152.6986083984375, 48.74074172973633)",1,4.8544464111328125,1,"(-14.388713836669922, -94.43314361572266, 666.787841796875)",1,"(0.5421443581581116, 0.5014821290969849)","(24.400854110717773, 156.0647735595703, 49.96592330932617)",1,4.8050537109375,1,"(40.56357192993164, -87.1924819946289, 664.6859741210938)",1
10665366374,10626740411,"(nan, nan)","(nan, nan, nan)",0,nan,0,"(nan, nan, nan)",0,"(0.5428404211997986, 0.5067622661590576)","(24.78595733642578, 154.52052307128906, 49.403865814208984)",1,4.78326416015625,1,"(40.55918884277344, -87.16609191894531, 664.5082397460938)",1
10665383014,10626757051,"(0.5618600249290466, 0.5039900541305542)","(35.309513092041016, 155.331298828125, 49.698936462402344)",1,4.84844970703125,1,"(-14.235459327697754, -94.29387664794922, 665.9427490234375)",1,"(nan, nan)","(nan, nan, nan)",0,nan,0,"(nan, nan, nan)",0
10665399056,10626773093,"(0.6046475768089294, 0.4905399680137634)","(58.98386001586914, 159.26490783691406, 51.13068389892578)",1,4.8660736083984375,1,"(-14.021995544433594, -94.20738220214844, 665.4262084960938)",1,"(0.6004948019981384, 0.5013342499732971)","(56.686119079589844, 156.10800170898438, 49.98160171508789)",1,4.770263671875,1,"(40.74504852294922, -86.9674072265625, 663.2682495117188)",1
10665416294,10626790331,"(nan, nan)","(nan, nan, nan)",0,nan,0,"(nan, nan, nan)",0,"(0.6031481623649597, 0.4993591904640198)","(58.154239654541016, 156.6856689453125, 50.19184875488281)",1,4.7696685791015625,1,"(40.76409149169922, -86.98942565917969, 663.415283203125)",1
10665432934,10626806971,"(0.6092782020568848, 0.491379052400589)","(61.545997619628906, 159.01953125, 51.041351318359375)",1,4.8739166259765625,1,"(-13.999217987060547, -94.32100677490234, 666.01904296875)",1,"(nan, nan)","(nan, nan, nan)",0,nan,0,"(nan, nan, nan)",0
10665448976,10626823013,"(0.6081255078315735, 0.4953891932964325)","(60.90817642211914, 157.84674072265625, 50.61444854736328)",1,4.8702239990234375,1,"(-14.021245002746582, -94.44390869140625, 666.8885498046875)",1,"(0.5975785851478577, 0.49641650915145874)","(55.07258605957031, 157.5462646484375, 50.50514221191406)",1,4.793609619140625,1,"(40.89927673339844, -87.21891784667969, 664.8760986328125)",1
10665466214,10626840251,"(nan, nan)","(nan, nan, nan)",0,nan,0,"(nan, nan, nan)",0,"(0.5962884426116943, 0.4958014488220215)","(54.35875701904297, 157.72613525390625, 50.57060241699219)",1,4.799163818359375,1,"(40.91371536254883, -87.2483901977539, 665.0944213867188)",1
10665482854,10626856891,"(0.6097231507301331, 0.4933140277862549)","(61.792171478271484, 158.45364379882812, 50.8353271484375)",1,4.88226318359375,1,"(-14.041906356811523, -94.5872573852539, 667.9314575195312)",1,"(nan, nan)","(nan, nan, nan)",0,nan,0,"(nan, nan, nan)",0
10665498896,10626872933,"(0.6121100783348083, 0.49297821521759033)","(63.112876892089844, 158.55181884765625, 50.871131896972656)",1,4.8741912841796875,1,"(-14.062249183654785, -94.66999053955078, 668.5944213867188)",1,"(0.5955531597137451, 0.49372977018356323)","(53.951927185058594, 158.33204650878906, 50.791141510009766)",1,4.7885589599609375,1,"(41.022804260253906, -87.42196655273438, 666.5643920898438)",1
10665516134,10626890171,"(nan, nan)","(nan, nan, nan)",0,nan,0,"(nan, nan, nan)",0,"(0.5981901288032532, 0.49708086252212524)","(55.410945892333984, 157.35195922851562, 50.43442916870117)",1,4.77447509765625,1,"(41.02889633178711, -87.43157958984375, 666.6572875976562)",1
10665532774,10626906811,"(0.6118233799934387, 0.48719245195388794)","(62.9542350769043, 160.2439727783203, 51.486968994140625)",1,4.8909149169921875,1,"(-14.066179275512695, -94.72105407714844, 669.0418701171875)",1,"(nan, nan)","(nan, nan, nan)",0,nan,0,"(nan, nan, nan)",0
10665548816,10626922853,"(0.6112411022186279, 0.48981162905693054)","(62.63208770751953, 159.47793579101562, 51.20822525024414)",1,4.8919830322265625,1,"(-14.072534561157227, -94.71830749511719, 669.1019287109375)",1,"(0.6016367077827454, 0.501438319683075)","(57.31797409057617, 156.07757568359375, 49.97050857543945)",1,4.77069091796875,1,"(41.048397064208984, -87.43965911865234, 667.0328979492188)",1
10665566054,10626940091,"(nan, nan)","(nan, nan, nan)",0,nan,0,"(nan, nan, nan)",0,"(0.598262369632721, 0.5028809309005737)","(55.45093536376953, 155.65570068359375, 49.81694793701172)",1,4.7770538330078125,1,"(41.04700469970703, -87.44020080566406, 667.0391845703125)",1
10665582694,10626956731,"(0.6119872331619263, 0.49189335107803345)","(63.04488754272461, 158.86912536621094, 50.98659133911133)",1,4.8856048583984375,1,"(-14.088600158691406, -94.73641967773438, 669.204345703125)",1,"(nan, nan)","(nan, nan, nan)",0,nan,0,"(nan, nan, nan)",0
10665598736,10626972773,"(0.6114557981491089, 0.49496719241142273)","(62.75083923339844, 157.97015380859375, 50.65935516357422)",1,4.8812103271484375,1,"(-14.10205078125, -94.769775390625, 669.4524536132812)",1,"(0.6023690104484558, 0.500348687171936)","(57.72316360473633, 156.39625549316406, 50.08652877807617)",1,4.756134033203125,1,"(41.036888122558594, -87.49579620361328, 667.3660888671875)",1
10665615974,10626990011,"(nan, nan)","(nan, nan, nan)",0,nan,0,"(nan, nan, nan)",0,"(0.6009901762008667, 0.5009391903877258)","(56.960243225097656, 156.2235565185547, 50.023677825927734)",1,4.76019287109375,1,"(41.0390739440918, -87.50569915771484, 667.4288330078125)",1
10665632614,10627006651,"(0.6113490462303162, 0.4909805953502655)","(62.69180679321289, 159.1360626220703, 51.083736419677734)",1,4.87493896484375,1,"(-14.109570503234863, -94.82917785644531, 669.7710571289062)",1,"(nan, nan)","(nan, nan, nan)",0,nan,0,"(nan, nan, nan)",0
10665648656,10627022693,"(0.6112393736839294, 0.49065110087394714)","(62.631134033203125, 159.23243713378906, 51.11882400512695)",1,4.871307373046875,1,"(-14.120062828063965, -94.87251281738281, 670.0484008789062)",1,"(0.601008415222168, 0.49538302421569824)","(56.97032928466797, 157.84854125976562, 50.61509323120117)",1,4.764617919921875,1,"(41.0693244934082, -87.5905532836914, 667.9790649414062)",1
10665665894,10627039931,"(nan, nan)","(nan, nan, nan)",0,nan,0,"(nan, nan, nan)",0,"(0.5996291041374207, 0.49725931882858276)","(56.20716094970703, 157.29978942871094, 50.415367126464844)",1,4.76751708984375,1,"(41.07292556762695, -87.59918975830078, 668.0442504882812)",1
10665682534,10627056571,"(0.6078493595123291, 0.4924740195274353)","(60.75542068481445, 158.69931030273438, 50.92476272583008)",1,4.8778533935546875,1,"(-14.122811317443848, -94.92695617675781, 670.4379272460938)",1,"(nan, nan)","(nan, nan, nan)",0,nan,0,"(nan, nan, nan)",0
10665698576,10627072613,"(0.6087439656257629, 0.4954707622528076)","(61.25041580200195, 157.82286071777344, 50.60572814941406)",1,4.867340087890625,1,"(-14.140884399414062, -94.97550964355469, 670.7824096679688)",1,"(0.6009846329689026, 0.49671173095703125)","(56.957157135009766, 157.45993041992188, 50.4736442565918)",1,4.7598114013671875,1,"(41.10947799682617, -87.6929931640625, 668.7092895507812)",1
10665715814,10627089851,"(nan, nan)","(nan, nan, nan)",0,nan,0,"(nan, nan, nan)",0,"(0.5978630781173706, 0.49437451362609863)","(55.23001480102539, 158.1434783935547, 50.722442626953125)",1,4.773681640625,1,"(41.10919952392578, -87.70082092285156, 668.7718505859375)",1
10665732454,10627106491,"(0.5731047987937927, 0.5219435095787048)","(41.531280517578125, 150.08058166503906, 47.78781509399414)",1,4.86334228515625,1,"(-14.35144329071045, -95.05965423583984, 671.1709594726562)",1,"(nan, nan)","(nan, nan, nan)",0,nan,0,"(nan, nan, nan)",0
10665748496,10627122533,"(0.4498351514339447, 0.5460435748100281)","(-26.673873901367188, 143.03224182128906, 45.22242736816406)",1,4.85247802734375,1,"(-14.837050437927246, -95.22480773925781, 671.6132202148438)",1,"(0.4267549216747284, 0.5392854809761047)","(-39.44416809082031, 145.00869750976562, 45.9418830871582)",1,4.8028106689453125,1,"(40.34712600708008, -87.94439697265625, 669.7655029296875)",1
10665765734,10627139771,"(nan, nan)","(nan, nan, nan)",0,nan,0,"(nan, nan, nan)",0,"(0.4214603006839752, 0.5411391258239746)","(-42.3736686706543, 144.46656799316406, 45.74456787109375)",1,4.799713134765625,1,"(40.29862594604492, -87.8980484008789, 669.344970703125)",1
10665782374,10627156411,"(0.4405317008495331, 0.5495775938034058)","(-31.821481704711914, 141.99868774414062, 44.846256256103516)",1,4.8570098876953125,1,"(-14.888350486755371, -95.21493530273438, 671.2879638671875)",1,"(nan, nan)","(nan, nan, nan)",0,nan,0,"(nan, nan, nan)",0
10665798416,10627172453,"(0.4426400661468506, 0.551649272441864)","(-30.654943466186523, 141.39280700683594, 44.625762939453125)",1,4.8481903076171875,1,"(-14.888725280761719, -95.19975280761719, 671.1895751953125)",1,"(0.4245239496231079, 0.543950080871582)","(-40.67857360839844, 143.64453125, 45.445274353027344)",1,4.7776641845703125,1,"(40.32292938232422, -87.89128875732422, 669.1528930664062)",1
10665815654,10627189691,"(nan, nan)","(nan, nan, nan)",0,nan,0,"(nan, nan, nan)",0,"(0.4269716441631317, 0.5453358292579651)","(-39.32424545288086, 143.23922729492188, 45.29775619506836)",1,4.7855224609375,1,"(40.32219314575195, -87.8818130493164, 669.0680541992188)",1
10665832294,10627206331,"(0.44241610169410706, 0.549747109413147)","(-30.778839111328125, 141.9490966796875, 44.82819366455078)",1,4.8457794189453125,1,"(-14.877270698547363, -95.13654327392578, 670.7506103515625)",1,"(nan, nan)","(nan, nan, nan)",0,nan,0,"(nan, nan, nan)",0
10665848336,10627222373,"(0.44178152084350586, 0.5513176918029785)","(-31.129955291748047, 141.48977661132812, 44.661048889160156)",1,4.845428466796875,1,"(-14.880379676818848, -95.10655975341797, 670.5113525390625)",1,"(0.42919954657554626, 0.5425246357917786)","(-38.09156036376953, 144.06141662597656, 45.597007751464844)",1,4.784912109375,1,"(40.30327606201172, -87.80939483642578, 668.4585571289062)",1
10665865574,10627239611,"(nan, nan)","(nan, nan, nan)",0,nan,0,"(nan, nan, nan)",0,"(0.42607638239860535, 0.5438380837440491)","(-39.8195915222168, 143.67726135253906, 45.457191467285156)",1,4.7864532470703125,1,"(40.298526763916016, -87.80433654785156, 668.4112548828125)",1
10665882214,10627256251,"(0.44342976808547974, 0.5552705526351929)","(-30.217945098876953, 140.33370971679688, 44.24024963378906)",1,4.83673095703125,1,"(-14.921539306640625, -95.08650207519531, 670.2110595703125)",1,"(nan, nan)","(nan, nan, nan)",0,nan,0,"(nan, nan, nan)",0
10665898256,10627272293,"(0.44343727827072144, 0.5533216595649719)","(-30.213781356811523, 140.90367126464844, 44.44769287109375)",1,4.840606689453125,1,"(-14.951982498168945, -95.08794403076172, 670.0624389648438)",1,"(0.43069446086883545, 0.5408719182014465)","(-37.264400482177734, 144.5447540283203, 45.7729606628418)",1,4.7712860107421875,1,"(40.21923828125, -87.77555084228516, 668.0408325195312)",1
10665915494,10627289531,"(nan, nan)","(nan, nan, nan)",0,nan,0,"(nan, nan, nan)",0,"(0.4306469261646271, 0.5423204302787781)","(-37.290714263916016, 144.12110900878906, 45.61876678466797)",1,4.7801666259765625,1,"(40.211143493652344, -87.78043365478516, 668.0914916992188)",1
10665932134,10627306171,"(0.437692254781723, 0.5482913851737976)","(-33.39255142211914, 142.37484741210938, 44.983131408691406)",1,4.84906005859375,1,"(-15.000401496887207, -95.11634063720703, 670.3409423828125)",1,"(nan, nan)","(nan, nan, nan)",0,nan,0,"(nan, nan, nan)",0
10665948176,10627322213,"(0.43789586424827576, 0.5503472089767456)","(-33.279903411865234, 141.77362060546875, 44.76428985595703)",1,4.8475341796875,1,"(-15.034165382385254, -95.11405181884766, 670.4459228515625)",1,"(0.4326091706752777, 0.5412396192550659)","(-36.20500564575195, 144.4372100830078, 45.73379135131836)",1,4.7761077880859375,1,"(40.1702995300293, -87.78829956054688, 668.4469604492188)",1
10665965414,10627339451,"(nan, nan)","(nan, nan, nan)",0,nan,0,"(nan, nan, nan)",0,"(0.4339075982570648, 0.5408000349998474)","(-35.486610412597656, 144.56578063964844, 45.78059768676758)",1,4.7799072265625,1,"(40.165809631347656, -87.78423309326172, 668.4412841796875)",1
10665982054,10627356091,"(0.45611488819122314, 0.5480853915214539)","(-23.19928741455078, 142.43508911132812, 45.005096435546875)",1,4.8556671142578125,1,"(-14.9563570022583, -95.14279174804688, 670.516357421875)",1,"(nan, nan)","(nan, nan, nan)",0,nan,0,"(nan, nan, nan)",0
10665998096,10627372133,"(0.5235053896903992, 0.5440983772277832)","(14.087862014770508, 143.60113525390625, 45.42947006225586)",1,4.858428955078125,1,"(-14.660194396972656, -95.00223541259766, 669.8484497070312)",1,"(0.5187593698501587, 0.5241538882255554)","(11.46189022064209, 149.43414306640625, 47.552528381347656)",1,4.77911376953125,1,"(40.47661209106445, -87.65784454345703, 667.6643676757812)",1
10666015334,10627389371,"(nan, nan)","(nan, nan, nan)",0,nan,0,"(nan, nan, nan)",0,"(0.5260236859321594, 0.5316316485404968)","(15.481242179870605, 147.2471923828125, 46.756561279296875)",1,4.7516021728515625,1,"(40.497337341308594, -87.67703247070312, 667.7650146484375)",1
10666031974,10627406011,"(0.5359564423561096, 0.5372620224952698)","(20.977081298828125, 145.6005401611328, 46.15715408325195)",1,4.858978271484375,1,"(-14.619087219238281, -94.99069213867188, 669.7786254882812)",1,"(nan, nan)","(nan, nan, nan)",0,nan,0,"(nan, nan, nan)",0
10666048016,10627422053,"(0.5310045480728149, 0.5343344807624817)","(18.237123489379883, 146.45669555664062, 46.46883010864258)",1,4.840911865234375,1,"(-14.583453178405762, -94.9276351928711, 669.347900390625)",1,"(0.5240114331245422, 0.5351198315620422)","(14.367863655090332, 146.22702026367188, 46.385257720947266)",1,4.7519683837890625,1,"(40.5544319152832, -87.64904022216797, 667.2520751953125)",1
10666065254,10627439291,"(nan, nan)","(nan, nan, nan)",0,nan,0,"(nan, nan, nan)",0,"(0.5245129466056824, 0.5336268544197083)","(14.645376205444336, 146.66363525390625, 46.5442008972168)",1,4.7488250732421875,1,"(40.56309127807617, -87.65225982666016, 667.2091674804688)",1
10666081843,10627455880,"(0.5304892063140869, 0.5382453799247742)","(17.952024459838867, 145.3129119873047, 46.05248260498047)",1,4.8469085693359375,1,"(-14.556879997253418, -94.93986511230469, 669.1992797851562)",1,"(nan, nan)","(nan, nan, nan)",0,nan,0,"(nan, nan, nan)",0
10666097936,10627471973,"(0.5279580950737, 0.5384973883628845)","(16.551593780517578, 145.23919677734375, 46.02574920654297)",1,4.84228515625,1,"(-14.537660598754883, -94.9697265625, 669.1629638671875)",1,"(0.5222591757774353, 0.5288931727409363)","(13.39834213256836, 148.04806518554688, 47.04803466796875)",1,4.737457275390625,1,"(40.622257232666016, -87.7249984741211, 667.0912475585938)",1
10666115174,10627489211,"(nan, nan)","(nan, nan, nan)",0,nan,0,"(nan, nan, nan)",0,"(0.5210617780685425, 0.5238217711448669)","(12.735810279846191, 149.53128051757812, 47.5878791809082)",1,4.7405242919921875,1,"(40.624271392822266, -87.72959899902344, 667.0877075195312)",1
10666131814,10627505851,"(0.5265739560127258, 0.5394054651260376)","(15.785711288452148, 144.97364807128906, 45.929012298583984)",1,4.8488922119140625,1,"(-14.536702156066895, -94.96949005126953, 669.009521484375)",1,"(nan, nan)","(nan, nan, nan)",0,nan,0,"(nan, nan, nan)",0
10666147856,10627521893,"(0.5261139869689941, 0.5387965440750122)","(15.53121566772461, 145.1517333984375, 45.9939079284668)",1,4.8536834716796875,1,"(-14.545751571655273, -94.96240234375, 668.8377685546875)",1,"(0.5208510756492615, 0.5245490670204163)","(12.619278907775879, 149.318603515625, 47.510440826416016)",1,4.743499755859375,1,"(40.604530334472656, -87.73660278320312, 666.7825317382812)",1
10666165094,10627539131,"(nan, nan)","(nan, nan, nan)",0,nan,0,"(nan, nan, nan)",0,"(0.521621584892273, 0.5253258347511292)","(13.04563045501709, 149.09136962890625, 47.42774963378906)",1,4.7352294921875,1,"(40.599754333496094, -87.73088073730469, 666.7220458984375)",1
10666181683,10627555720,"(0.5271421670913696, 0.5444520115852356)","(16.1000919342041, 143.4977264404297, 45.391876220703125)",1,4.8644256591796875,1,"(-14.566405296325684, -94.9439697265625, 668.5785522460938)",1,"(nan, nan)","(nan, nan, nan)",0,nan,0,"(nan, nan, nan)",0
10666197776,10627571813,"(0.5285066366195679, 0.5461711883544922)","(16.855066299438477, 142.99490356445312, 45.208885192871094)",1,4.86224365234375,1,"(-14.602433204650879, -94.94983673095703, 668.5537719726562)",1,"(0.5246741771697998, 0.5272415280342102)","(14.734551429748535, 148.53115844726562, 47.22384262084961)",1,4.745086669921875,1,"(40.540382385253906, -87.70789337158203, 666.5018920898438)",1
10666215014,10627589051,"(nan, nan)","(nan, nan, nan)",0,nan,0,"(nan, nan, nan)",0,"(0.5239158272743225, 0.5273709893226624)","(14.314971923828125, 148.49327087402344, 47.21006393432617)",1,4.7469482421875,1,"(40.53167724609375, -87.70240783691406, 666.4728393554688)",1
10666231654,10627605691,"(nan, nan)","(nan, nan, nan)",0,nan,0,"(nan, nan, nan)",0,"(nan, nan)","(nan, nan, nan)",0,nan,0,"(nan, nan, nan)",0
10666247696,10627621733,"(0.5368495583534241, 0.5403627157211304)","(21.47121238708496, 144.6936798095703, 45.8271484375)",1,4.8304290771484375,1,"(-14.68543815612793, -94.9937744140625, 668.4515991210938)",1,"(0.5299145579338074, 0.5433350205421448)","(17.63410758972168, 143.82440185546875, 45.51077651977539)",1,4.7376251220703125,1,"(40.43572235107422, -87.68929290771484, 666.4052124023438)",1
10666264934,10627638971,"(nan, nan)","(nan, nan, nan)",0,nan,0,"(nan, nan, nan)",0,"(0.5240696668624878, 0.5567696690559387)","(14.400141716003418, 139.89524841308594, 44.08069610595703)",1,4.732879638671875,1,"(40.40398406982422, -87.72554779052734, 666.4080810546875)",1
10666281472,10627655509,"(0.4994420111179352, 0.6319752931594849)","(0.7736011147499084, 117.90047454833984, 36.0753059387207)",1,4.8763427734375,1,"(-14.794300079345703, -95.11748504638672, 668.2764892578125)",1,"(nan, nan)","(nan, nan, nan)",0,nan,0,"(nan, nan, nan)",0
10666297616,10627671653,"(0.49964040517807007, 0.631110668182373)","(0.8833617568016052, 118.15337371826172, 36.16730499267578)",1,4.874420166015625,1,"(-14.819239616394043, -95.11270141601562, 668.2352905273438)",1,"(0.49215126037597656, 0.6131380200386047)","(-3.2603538036346436, 123.40969848632812, 38.080387115478516)",1,4.7459869384765625,1,"(40.264854431152344, -87.79383087158203, 666.1516723632812)",1
10666314854,10627688891,"(nan, nan)","(nan, nan, nan)",0,nan,0,"(nan, nan, nan)",0,"(0.49472248554229736, 0.6175355315208435)","(-1.837691307067871, 122.12356567382812, 37.612266540527344)",1,4.7364501953125,1,"(40.266563415527344, -87.7940444946289, 666.1404418945312)",1
10666331484,10627705521,"(0.4976062476634979, 0.6282684803009033)","(-0.24208606779575348, 118.9845962524414, 36.46981430053711)",1,4.85052490234375,1,"(-14.812363624572754, -95.06201934814453, 667.8161010742188)",1,"(nan, nan)","(nan, nan, nan)",0,nan,0,"(nan, nan, nan)",0
10666347536,10627721573,"(0.49738457798957825, 0.625127911567688)","(-0.36477720737457275, 119.90312194824219, 36.80406951904297)",1,4.84326171875,1,"(-14.785198211669922, -95.03688049316406, 667.38818359375)",1,"(0.4912055432796478, 0.6146771311759949)","(-3.7836318016052246, 122.95955657958984, 37.91655731201172)",1,4.725799560546875,1,"(40.27113342285156, -87.73768615722656, 665.3187866210938)",1
10666364774,10627738811,"(nan, nan)","(nan, nan, nan)",0,nan,0,"(nan, nan, nan)",0,"(0.49085915088653564, 0.6151089668273926)","(-3.975302219390869, 122.83328247070312, 37.87059020996094)",1,4.73114013671875,1,"(40.272281646728516, -87.73259735107422, 665.2381591796875)",1
10666381414,10627755451,"(0.4936961531639099, 0.6380289196968079)","(-2.4055681228637695, 116.13005828857422, 35.43080520629883)",1,4.8219146728515625,1,"(-14.764945983886719, -94.99137878417969, 666.8456420898438)",1,"(nan, nan)","(nan, nan, nan)",0,nan,0,"(nan, nan, nan)",0
10666397456,10627771493,"(0.4959475100040436, 0.6380308866500854)","(-1.1598896980285645, 116.12946319580078, 35.430599212646484)",1,4.82470703125,1,"(-14.747919082641602, -94.95687103271484, 666.5453491210938)",1,"(0.49025681614875793, 0.6205596327781677)","(-4.3085527420043945, 121.23912048339844, 37.290470123291016)",1,4.72882080078125,1,"(40.265869140625, -87.67308807373047, 664.4999389648438)",1
10666414694,10627788731,"(nan, nan)","(nan, nan, nan)",0,nan,0,"(nan, nan, nan)",0,"(0.49326634407043457, 0.615871012210846)","(-2.6433775424957275, 122.61034393310547, 37.78954315185547)",1,4.7225799560546875,1,"(40.26350784301758, -87.66705322265625, 664.434326171875)",1
10666431334,10627805371,"(0.49987947940826416, 0.6348012685775757)","(1.0156934261322021, 117.07402038574219, 35.77437210083008)",1,4.83367919921875,1,"(-14.72525405883789, -94.87367248535156, 666.1030883789062)",1,"(nan, nan)","(nan, nan, nan)",0,nan,0,"(nan, nan, nan)",0
10666447376,10627821413,"(0.5004627704620361, 0.6348562240600586)","(1.3384103775024414, 117.05792999267578, 35.76854705810547)",1,4.83319091796875,1,"(-14.705069541931152, -94.81389617919922, 665.7836303710938)",1,"(0.49106690287590027, 0.6273369789123535)","(-3.8603031635284424, 119.25701904296875, 36.56892776489258)",1,4.72747802734375,1,"(40.248069763183594, -87.5632095336914, 663.7457275390625)",1
10666464614,10627838651,"(nan, nan)","(nan, nan, nan)",0,nan,0,"(nan, nan, nan)",0,"(0.4959582984447479, 0.6262316703796387)","(-1.153913974761963, 119.580322265625, 36.68658447265625)",1,4.71929931640625,1,"(40.24578094482422, -87.55510711669922, 663.6834106445312)",1
10666481254,10627855291,"(0.49974730610847473, 0.63576340675354)","(0.9425382018089294, 116.79259490966797, 35.671993255615234)",1,4.81292724609375,1,"(-14.684683799743652, -94.7603759765625, 665.38330078125)",1,"(nan, nan)","(nan, nan, nan)",0,nan,0,"(nan, nan, nan)",0
10666497296,10627871333,"(0.5013295412063599, 0.6414627432823181)","(1.8180062770843506, 115.12577056884766, 35.06529998779297)",1,4.805450439453125,1,"(-14.68405532836914, -94.72708892822266, 665.1723022460938)",1,"(0.4978685677051544, 0.6289036870002747)","(-0.09697623550891876, 118.79884338378906, 36.40216827392578)",1,4.7122955322265625,1,"(40.228511810302734, -87.48519897460938, 663.1531982421875)",1
10666514534,10627888571,"(nan, nan)","(nan, nan, nan)",0,nan,0,"(nan, nan, nan)",0,"(0.4960741102695465, 0.6221672892570496)","(-1.089840292930603, 120.76898193359375, 37.11923599243164)",1,4.7101898193359375,1,"(40.22343444824219, -87.47933197021484, 663.0794067382812)",1
10666531174,10627905211,"(0.5012840032577515, 0.6389046907424927)","(1.7927937507629395, 115.87390899658203, 35.33759307861328)",1,4.7998199462890625,1,"(-14.681373596191406, -94.68983459472656, 664.7205200195312)",1,"(nan, nan)","(nan, nan, nan)",0,nan,0,"(nan, nan, nan)",0
10666547216,10627921253,"(0.49976372718811035, 0.6400766372680664)","(0.9516169428825378, 115.53115844726562, 35.212860107421875)",1,4.792633056640625,1,"(-14.689913749694824, -94.66983795166016, 664.42529296875)",1,"(0.4934421479701996, 0.6207048296928406)","(-2.546128749847412, 121.1966781616211, 37.274932861328125)",1,4.7019500732421875,1,"(40.16280746459961, -87.42144775390625, 662.4044189453125)",1
10666564454,10627938491,"(nan, nan)","(nan, nan, nan)",0,nan,0,"(nan, nan, nan)",0,"(0.49232783913612366, 0.6232412457466125)","(-3.16264009475708, 120.45484924316406, 37.004940032958984)",1,4.709320068359375,1,"(40.1585693359375, -87.41412353515625, 662.3281860351562)",1
10666581094,10627955131,"(0.4965302348136902, 0.642047643661499)","(-0.8374657034873962, 114.95472717285156, 35.00312042236328)",1,4.783050537109375,1,"(-14.707183837890625, -94.64549255371094, 664.0924072265625)",1,"(nan, nan)","(nan, nan, nan)",0,nan,0,"(nan, nan, nan)",0
10666597136,10627971173,"(0.49747714400291443, 0.6393484473228455)","(-0.31354400515556335, 115.74417114257812, 35.29041290283203)",1,4.78759765625,1,"(-14.713088035583496, -94.64479064941406, 663.9650268554688)",1,"(0.4919222593307495, 0.624206006526947)","(-3.3870630264282227, 120.1727294921875, 36.902191162109375)",1,4.6915283203125,1,"(40.119991302490234, -87.37744903564453, 661.9219360351562)",1
10666614374,10627988411,"(nan, nan)","(nan, nan, nan)",0,nan,0,"(nan, nan, nan)",0,"(0.492902934551239, 0.6290551424026489)","(-2.8444418907165527, 118.7545394897461, 36.386024475097656)",1,4.6817474365234375,1,"(40.11595916748047, -87.3704605102539, 661.8649291992188)",1
10666631014,10628005051,"(0.5032881498336792, 0.6432101130485535)","(2.901705265045166, 114.61473846435547, 34.879310607910156)",1,4.77496337890625,1,"(-14.719392776489258, -94.60440826416016, 663.6302490234375)",1,"(nan, nan)","(nan, nan, nan)",0,nan,0,"(nan, nan, nan)",0
10666647056,10628021093,"(0.49933815002441406, 0.6469740867614746)","(0.7161638736724854, 113.51393127441406, 34.478633880615234)",1,4.7662811279296875,1,"(-14.697559356689453, -94.55164337158203, 663.2008056640625)",1,"(0.49025198817253113, 0.6310493350028992)","(-4.311233043670654, 118.17133331298828, 36.17379379272461)",1,4.6853179931640625,1,"(40.07495880126953, -87.27964782714844, 661.1295776367188)",1
10666664294,10628038331,"(nan, nan)","(nan, nan, nan)",0,nan,0,"(nan, nan, nan)",0,"(0.4912072420120239, 0.6243913173675537)","(-3.7826967239379883, 120.11854553222656, 36.88251876831055)",1,4.7052764892578125,1,"(40.06949234008789, -87.27537536621094, 661.0125122070312)",1
10666680934,10628054971,"(0.49720877408981323, 0.6552426218986511)","(-0.46206578612327576, 111.0956802368164, 33.59853744506836)",1,4.7707366943359375,1,"(-14.650890350341797, -94.48838806152344, 662.555419921875)",1,"(nan, nan)","(nan, nan, nan)",0,nan,0,"(nan, nan, nan)",0
10666696976,10628071013,"(0.5001330971717834, 0.6552240252494812)","(1.1559360027313232, 111.1011734008789, 33.60041046142578)",1,4.7709197998046875,1,"(-14.643576622009277, -94.45177459716797, 662.3463134765625)",1,"(0.4968080520629883, 0.6295462250709534)","(-0.6837528944015503, 118.61088562011719, 36.33384323120117)",1,4.6981658935546875,1,"(40.03633117675781, -87.2082748413086, 660.3101196289062)",1
10666714214,10628088251,"(nan, nan)","(nan, nan, nan)",0,nan,0,"(nan, nan, nan)",0,"(0.4957992136478424, 0.6269534230232239)","(-1.2419408559799194, 119.36918640136719, 36.609832763671875)",1,4.694091796875,1,"(40.037567138671875, -87.20418548583984, 660.3005981445312)",1
10666730854,10628104891,"(0.5007773637771606, 0.6504750847816467)","(1.5124788284301758, 112.49004364013672, 34.10596466064453)",1,4.7474517822265625,1,"(-14.625293731689453, -94.4344711303711, 662.3605346679688)",1,"(nan, nan)","(nan, nan, nan)",0,nan,0,"(nan, nan, nan)",0
10666746896,10628120933,"(0.5021554231643677, 0.6514517068862915)","(2.27492094039917, 112.20439910888672, 34.00205993652344)",1,4.75311279296875,1,"(-14.617502212524414, -94.4485855102539, 662.530517578125)",1,"(0.4996388852596283, 0.633550226688385)","(0.8825517892837524, 117.43987274169922, 35.90761184692383)",1,4.6908111572265625,1,"(40.068748474121094, -87.21055603027344, 660.5126342773438)",1
10666764134,10628138171,"(nan, nan)","(nan, nan, nan)",0,nan,0,"(nan, nan, nan)",0,"(0.5008450746536255, 0.6321184039115906)","(1.5499531030654907, 117.85860443115234, 36.0600471496582)",1,4.6849365234375,1,"(40.0767822265625, -87.21685791015625, 660.5843505859375)",1
10666780774,10628154811,"(0.5007262229919434, 0.6518979668617249)","(1.484190583229065, 112.07388305664062, 33.95452117919922)",1,4.751739501953125,1,"(-14.620598793029785, -94.51591491699219, 663.0048828125)",1,"(nan, nan)","(nan, nan, nan)",0,nan,0,"(nan, nan, nan)",0
10666796816,10628170853,"(0.5021708607673645, 0.6567952632904053)","(2.283508777618408, 110.64157104492188, 33.43328094482422)",1,4.7532501220703125,1,"(-14.640289306640625, -94.59365844726562, 663.4969482421875)",1,"(0.4996339976787567, 0.6295010447502136)","(0.8798383474349976, 118.6241683959961, 36.33858871459961)",1,4.6876068115234375,1,"(40.127410888671875, -87.35092163085938, 661.4961547851562)",1
10666814054,10628188091,"(nan, nan)","(nan, nan, nan)",0,nan,0,"(nan, nan, nan)",0,"(0.5009918808937073, 0.629767656326294)","(1.6311540603637695, 118.5461654663086, 36.310211181640625)",1,4.6811370849609375,1,"(40.127193450927734, -87.37294006347656, 661.5999145507812)",1
10666830694,10628204731,"(0.5006920695304871, 0.659006655216217)","(1.4652515649795532, 109.99483489990234, 33.19783401489258)",1,4.7415313720703125,1,"(-14.675877571105957, -94.7144775390625, 664.055419921875)",1,"(nan, nan)","(nan, nan, nan)",0,nan,0,"(nan, nan, nan)",0
10666846736,10628220773,"(0.5021905303001404, 0.6652972102165222)","(2.2943828105926514, 108.15509033203125, 32.5281982421875)",1,4.73370361328125,1,"(-14.705351829528809, -94.7266616821289, 664.121337890625)",1,"(0.4981907904148102, 0.6286821365356445)","(0.08132044225931168, 118.86360168457031, 36.425819396972656)",1,4.6646575927734375,1,"(40.130645751953125, -87.4803695678711, 662.08154296875)",1
10666863974,10628238011,"(nan, nan)","(nan, nan, nan)",0,nan,0,"(nan, nan, nan)",0,"(0.49509164690971375, 0.6293603777885437)","(-1.6334401369094849, 118.66526794433594, 36.35362243652344)",1,4.663726806640625,1,"(40.12544631958008, -87.47179412841797, 662.02978515625)",1
10666880614,10628254651,"(0.5007777214050293, 0.6591469645500183)","(1.512648105621338, 109.95381164550781, 33.18286895751953)",1,4.723541259765625,1,"(-14.72743034362793, -94.71308898925781, 663.8998413085938)",1,"(nan, nan)","(nan, nan, nan)",0,nan,0,"(nan, nan, nan)",0
10666896656,10628270693,"(0.5006547570228577, 0.6596982479095459)","(1.4445953369140625, 109.79259490966797, 33.12417984008789)",1,4.719970703125,1,"(-14.722600936889648, -94.69957733154297, 663.673095703125)",1,"(0.49730122089385986, 0.6299014687538147)","(-0.41091445088386536, 118.50701141357422, 36.295997619628906)",1,4.65032958984375,1,"(40.076499938964844, -87.41641235351562, 661.6033935546875)",1
10666913894,10628287931,"(nan, nan)","(nan, nan, nan)",0,nan,0,"(nan, nan, nan)",0,"(0.4978073835372925, 0.6229925751686096)","(-0.1308789700269699, 120.527587890625, 37.031436920166016)",1,4.660064697265625,1,"(40.07633590698242, -87.41316986083984, 661.5809936523438)",1
10666930534,10628304571,"(0.5033655762672424, 0.6588809490203857)","(2.9445416927337646, 110.03160858154297, 33.211181640625)",1,4.7164459228515625,1,"(-14.703027725219727, -94.68665313720703, 663.5741577148438)",1,"(nan, nan)","(nan, nan, nan)",0,nan,0,"(nan, nan, nan)",0
10666946576,10628320613,"(0.5038009285926819, 0.6602246761322021)","(3.185391664505005, 109.63861083984375, 33.06815719604492)",1,4.713134765625,1,"(-14.688467025756836, -94.6725082397461, 663.5640869140625)",1,"(0.4971359074115753, 0.6171347498893738)","(-0.5023530721664429, 122.24078369140625, 37.65494918823242)",1,4.6580047607421875,1,"(40.104270935058594, -87.41297912597656, 661.5142822265625)",1
10666963814,10628337851,"(nan, nan)","(nan, nan, nan)",0,nan,0,"(nan, nan, nan)",0,"(0.4986690282821655, 0.6235947608947754)","(0.3459126949310303, 120.35149383544922, 36.967308044433594)",1,4.650543212890625,1,"(40.108062744140625, -87.41633605957031, 661.5088500976562)",1
10666980454,10628354491,"(0.5025272965431213, 0.6610272526741028)","(2.4806618690490723, 109.4039306640625, 32.982723236083984)",1,4.7006378173828125,1,"(-14.687596321105957, -94.6606674194336, 663.4842529296875)",1,"(nan, nan)","(nan, nan, nan)",0,nan,0,"(nan, nan, nan)",0
10666996496,10628370533,"(0.4944222569465637, 0.6658966541290283)","(-2.003833532333374, 107.97978210449219, 32.464420318603516)",1,4.692413330078125,1,"(-14.731115341186523, -94.6619644165039, 663.4530639648438)",1,"(0.4810349643230438, 0.6229217052459717)","(-9.410985946655273, 120.54832458496094, 37.03891372680664)",1,4.6419525146484375,1,"(40.08381652832031, -87.42866516113281, 661.4220581054688)",1
10667013734,10628387771,"(nan, nan)","(nan, nan, nan)",0,nan,0,"(nan, nan, nan)",0,"(0.4808313548564911, 0.6114102005958557)","(-9.523667335510254, 123.91498565673828, 38.26430130004883)",1,4.6636199951171875,1,"(40.07484817504883, -87.41905975341797, 661.3153076171875)",1
10667030374,10628404411,"(0.4955984354019165, 0.6620503067970276)","(-1.3530699014663696, 109.10472106933594, 32.87385559082031)",1,4.6904754638671875,1,"(-14.751276016235352, -94.60327911376953, 662.863525390625)",1,"(nan, nan)","(nan, nan, nan)",0,nan,0,"(nan, nan, nan)",0
10667046416,10628420453,"(0.4936591684818268, 0.6602006554603577)","(-2.4260494709014893, 109.64568328857422, 33.07070541381836)",1,4.6815948486328125,1,"(-14.776163101196289, -94.58404541015625, 662.5720825195312)",1,"(0.4807151257991791, 0.6226723790168762)","(-9.588003158569336, 120.62124633789062, 37.065486907958984)",1,4.63494873046875,1,"(39.97206497192383, -87.33968353271484, 660.5479125976562)",1
10667063654,10628437691,"(nan, nan)","(nan, nan, nan)",0,nan,0,"(nan, nan, nan)",0,"(0.4828769862651825, 0.6301665306091309)","(-8.391833305358887, 118.42951965332031, 36.26777267456055)",1,4.62335205078125,1,"(39.964447021484375, -87.3429183959961, 660.5535278320312)",1
10667080294,10628454331,"(0.49287715554237366, 0.6550400853157043)","(-2.8586981296539307, 111.1549301147461, 33.620025634765625)",1,4.6815948486328125,1,"(-14.803474426269531, -94.63733673095703, 662.6920776367188)",1,"(nan, nan)","(nan, nan, nan)",0,nan,0,"(nan, nan, nan)",0
10667096336,10628470373,"(0.49355655908584595, 0.6583135724067688)","(-2.4828221797943115, 110.19755554199219, 33.27157211303711)",1,4.676483154296875,1,"(-14.829733848571777, -94.7110595703125, 663.1196899414062)",1,"(0.4864053428173065, 0.6279141306877136)","(-6.439584255218506, 119.0882339477539, 36.50754165649414)",1,4.6188812255859375,1,"(39.93938064575195, -87.43010711669922, 661.1366577148438)",1
10667113574,10628487611,"(nan, nan)","(nan, nan, nan)",0,nan,0,"(nan, nan, nan)",0,"(0.48602256178855896, 0.6270914673805237)","(-6.651394844055176, 119.32882690429688, 36.59512710571289)",1,4.6353912353515625,1,"(39.946109771728516, -87.4475326538086, 661.261962890625)",1
10667130214,10628504251,"(0.49079540371894836, 0.6569087505340576)","(-4.010562419891357, 110.60839080810547, 33.42118835449219)",1,4.6725311279296875,1,"(-14.84805965423584, -94.8235855102539, 663.829345703125)",1,"(nan, nan)","(nan, nan, nan)",0,nan,0,"(nan, nan, nan)",0
10667146256,10628520293,"(0.4925817549228668, 0.6522260308265686)","(-3.0221521854400635, 111.97793579101562, 33.91957473754883)",1,4.6817474365234375,1,"(-14.848603248596191, -94.91447448730469, 664.3867797851562)",1,"(0.4862336814403534, 0.6331326365470886)","(-6.534574031829834, 117.5620346069336, 35.95205307006836)",1,4.6351470947265625,1,"(40.04500961303711, -87.61595916748047, 662.3873291015625)",1
10667163494,10628537531,"(nan, nan)","(nan, nan, nan)",0,nan,0,"(nan, nan, nan)",0,"(0.4861341416835785, 0.6331841349601746)","(-6.589613437652588, 117.54696655273438, 35.946556091308594)",1,4.6366119384765625,1,"(40.06037521362305, -87.63666534423828, 662.5059814453125)",1
10667180134,10628554171,"(0.4932832717895508, 0.6551517844200134)","(-2.6340103149414062, 111.12227630615234, 33.608123779296875)",1,4.67474365234375,1,"(-14.827746391296387, -94.99613189697266, 664.964111328125)",1,"(nan, nan)","(nan, nan, nan)",0,nan,0,"(nan, nan, nan)",0
10667196176,10628570213,"(0.49486467242240906, 0.6523476243019104)","(-1.759008765220642, 111.94239044189453, 33.906620025634766)",1,4.6795654296875,1,"(-14.802287101745605, -95.02051544189453, 665.2186279296875)",1,"(0.4828890264034271, 0.6267576813697815)","(-8.385150909423828, 119.42646026611328, 36.630584716796875)",1,4.63623046875,1,"(40.18455123901367, -87.72725677490234, 663.184814453125)",1
10667213414,10628587451,"(nan, nan)","(nan, nan, nan)",0,nan,0,"(nan, nan, nan)",0,"(0.48026373982429504, 0.6287333965301514)","(-9.837745666503906, 118.84864807128906, 36.4202766418457)",1,4.63262939453125,1,"(40.19050598144531, -87.72069549560547, 663.1674194335938)",1
10667230054,10628604091,"(0.4954807162284851, 0.6602054238319397)","(-1.4181736707687378, 109.644287109375, 33.07018280029297)",1,4.6699981689453125,1,"(-14.743063926696777, -94.94059753417969, 665.0308837890625)",1,"(nan, nan)","(nan, nan, nan)",0,nan,0,"(nan, nan, nan)",0
10667246096,10628620133,"(0.4953283965587616, 0.6577339172363281)","(-1.5024892091751099, 110.36712646484375, 33.333255767822266)",1,4.6734771728515625,1,"(-14.699525833129883, -94.89009094238281, 664.7279052734375)",1,"(0.48636412620544434, 0.6282215714454651)","(-6.462404727935791, 118.99832153320312, 36.474815368652344)",1,4.637939453125,1,"(40.22581481933594, -87.63834381103516, 662.666748046875)",1
10667263334,10628637371,"(nan, nan)","(nan, nan, nan)",0,nan,0,"(nan, nan, nan)",0,"(0.4873127043247223, 0.6288284659385681)","(-5.937553882598877, 118.8208236694336, 36.41019821166992)",1,4.6334228515625,1,"(40.2309684753418, -87.63631439208984, 662.64306640625)",1
10667279974,10628654011,"(0.4920666813850403, 0.6580686569213867)","(-3.307159900665283, 110.26919555664062, 33.29765319824219)",1,4.6578216552734375,1,"(-14.676691055297852, -94.90870666503906, 664.677001953125)",1,"(nan, nan)","(nan, nan, nan)",0,nan,0,"(nan, nan, nan)",0
10667296016,10628670053,"(0.4911244511604309, 0.6566579937934875)","(-3.8284921646118164, 110.6817626953125, 33.447853088378906)",1,4.661102294921875,1,"(-14.678425788879395, -94.94688415527344, 664.7920532226562)",1,"(0.48514869809150696, 0.6259697675704956)","(-7.134871006011963, 119.6568832397461, 36.7144889831543)",1,4.6464996337890625,1,"(40.260047912597656, -87.66400909423828, 662.7593994140625)",1
10667313254,10628687291,"(nan, nan)","(nan, nan, nan)",0,nan,0,"(nan, nan, nan)",0,"(0.4882337749004364, 0.6311458945274353)","(-5.427906036376953, 118.14307403564453, 36.16351318359375)",1,4.642059326171875,1,"(40.26116180419922, -87.67208862304688, 662.7904052734375)",1
10667329894,10628703931,"(0.49242866039276123, 0.6508352756500244)","(-3.1068930625915527, 112.38468933105469, 34.06766128540039)",1,4.6695709228515625,1,"(-14.68117618560791, -95.00347900390625, 664.9971923828125)",1,"(nan, nan)","(nan, nan, nan)",0,nan,0,"(nan, nan, nan)",0
10667345936,10628719973,"(0.49300849437713623, 0.6523286700248718)","(-2.786041259765625, 111.94792938232422, 33.90859603881836)",1,4.66998291015625,1,"(-14.695207595825195, -95.0345458984375, 665.2435913085938)",1,"(0.48584938049316406, 0.630131185054779)","(-6.747189998626709, 118.43980407714844, 36.27155685424805)",1,4.6643829345703125,1,"(40.29060363769531, -87.7403793334961, 663.2109375)",1
10667363174,10628737210,"(nan, nan)","(nan, nan, nan)",0,nan,0,"(nan, nan, nan)",0,"(0.4867364168167114, 0.6386454701423645)","(-6.256388187408447, 115.94969940185547, 35.365234375)",1,4.640960693359375,1,"(40.29582595825195, -87.7420654296875, 663.2528076171875)",1
10667379814,10628753850,"(0.4951237440109253, 0.6542631983757019)","(-1.615702509880066, 111.3821029663086, 33.702762603759766)",1,4.6899566650390625,1,"(-14.68490982055664, -95.0450210571289, 665.5100708007812)",1,"(nan, nan)","(nan, nan, nan)",0,nan,0,"(nan, nan, nan)",0
10667395856,10628769892,"(0.49348777532577515, 0.653923749923706)","(-2.52087140083313, 111.48141479492188, 33.73891830444336)",1,4.6862945556640625,1,"(-14.666593551635742, -95.03368377685547, 665.598388671875)",1,"(0.484771728515625, 0.6268694400787354)","(-7.343472957611084, 119.39378356933594, 36.61875915527344)",1,4.64703369140625,1,"(40.35352325439453, -87.76455688476562, 663.5401611328125)",1
10667413094,10628787130,"(nan, nan)","(nan, nan, nan)",0,nan,0,"(nan, nan, nan)",0,"(0.4852946102619171, 0.6243711113929749)","(-7.054166793823242, 120.12444305419922, 36.88468933105469)",1,4.6490020751953125,1,"(40.3575325012207, -87.766845703125, 663.5753173828125)",1
10667429734,10628803770,"(0.49728626012802124, 0.6629809141159058)","(-0.4191640615463257, 108.83255004882812, 32.77476119995117)",1,4.6876068115234375,1,"(-14.662586212158203, -95.02598571777344, 665.7151489257812)",1,"(nan, nan)","(nan, nan, nan)",0,nan,0,"(nan, nan, nan)",0
10667445776,10628819812,"(0.4951394498348236, 0.6615126729011536)","(-1.6070140600204468, 109.2619400024414, 32.93110275268555)",1,4.674102783203125,1,"(-14.678655624389648, -95.03479766845703, 665.7888793945312)",1,"(0.4861266314983368, 0.6317589282989502)","(-6.593796730041504, 117.96379852294922, 36.09828186035156)",1,4.6505889892578125,1,"(40.349124908447266, -87.77510833740234, 663.7542114257812)",1
10667463014,10628837050,"(nan, nan)","(nan, nan, nan)",0,nan,0,"(nan, nan, nan)",0,"(0.4844530522823334, 0.6285004019737244)","(-7.519753932952881, 118.91677856445312, 36.445152282714844)",1,4.6461029052734375,1,"(40.34332275390625, -87.77574157714844, 663.7658081054688)",1
10667479654,10628853690,"(0.49528753757476807, 0.6601603627204895)","(-1.5250376462936401, 109.6574478149414, 33.075016021728516)",1,4.6863555908203125,1,"(-14.708659172058105, -95.04959869384766, 665.898681640625)",1,"(nan, nan)","(nan, nan, nan)",0,nan,0,"(nan, nan, nan)",0
10667495696,10628869732,"(0.5050991773605347, 0.6559887528419495)","(3.9037327766418457, 110.87751007080078, 33.51905059814453)",1,4.6982574462890625,1,"(-14.6764497756958, -95.05562591552734, 665.9281005859375)",1,"(0.49856871366500854, 0.6259965300559998)","(0.29042482376098633, 119.64906311035156, 36.7116813659668)",1,4.6583404541015625,1,"(40.330322265625, -87.78376007080078, 663.8739013671875)",1
10667512934,10628886970,"(nan, nan)","(nan, nan, nan)",0,nan,0,"(nan, nan, nan)",0,"(0.501686692237854, 0.6271230578422546)","(2.0156123638153076, 119.31959533691406, 36.591773986816406)",1,4.6556549072265625,1,"(40.349456787109375, -87.7835464477539, 663.8651733398438)",1
10667529574,10628903610,"(0.5128134489059448, 0.6641889810562134)","(8.172015190124512, 108.47925567626953, 32.64614486694336)",1,4.67144775390625,1,"(-14.622209548950195, -95.03289794921875, 665.8294677734375)",1,"(nan, nan)","(nan, nan, nan)",0,nan,0,"(nan, nan, nan)",0
10667545616,10628919652,"(0.5147950053215027, 0.6634963750839233)","(9.268434524536133, 108.68180847167969, 32.7198486328125)",1,4.6671142578125,1,"(-14.632271766662598, -95.04509735107422, 665.9034423828125)",1,"(0.5089102983474731, 0.6208141446113586)","(6.012406349182129, 121.16471862792969, 37.26331329345703)",1,4.649261474609375,1,"(40.40574264526367, -87.79161071777344, 663.8693237304688)",1
10667562854,10628936890,"(nan, nan)","(nan, nan, nan)",0,nan,0,"(nan, nan, nan)",0,"(0.50871741771698, 0.6216089129447937)","(5.905701637268066, 120.93228149414062, 37.17870330810547)",1,4.6588592529296875,1,"(40.40335464477539, -87.78799438476562, 663.8362426757812)",1
10667579494,10628953530,"(0.5193778872489929, 0.6470051407814026)","(11.804133415222168, 113.50483703613281, 34.47534942626953)",1,4.7076416015625,1,"(-14.630449295043945, -95.03936767578125, 665.7432861328125)",1,"(nan, nan)","(nan, nan, nan)",0,nan,0,"(nan, nan, nan)",0
10667595536,10628969572,"(0.5231425166130066, 0.6539088487625122)","(13.887105941772461, 111.48577117919922, 33.740455627441406)",1,4.708831787109375,1,"(-14.646188735961914, -95.00926971435547, 665.62646484375)",1,"(0.5125464797019958, 0.6247876882553101)","(8.024304389953613, 120.00261688232422, 36.84033966064453)",1,4.656158447265625,1,"(40.36970901489258, -87.757568359375, 663.5756225585938)",1
10667612774,10628986810,"(nan, nan)","(nan, nan, nan)",0,nan,0,"(nan, nan, nan)",0,"(0.511292576789856, 0.6269823312759399)","(7.3305230140686035, 119.36076354980469, 36.60670852661133)",1,4.6593017578125,1,"(40.36568832397461, -87.7535400390625, 663.5469360351562)",1
10667629414,10629003450,"(0.518207311630249, 0.6600110530853271)","(11.156468391418457, 109.70114135742188, 33.09089660644531)",1,4.6825714111328125,1,"(-14.653432846069336, -94.99610137939453, 665.485107421875)",1,"(nan, nan)","(nan, nan, nan)",0,nan,0,"(nan, nan, nan)",0
10667645456,10629019492,"(0.5170146822929382, 0.6578909158706665)","(10.496562957763672, 110.3211898803711, 33.316612243652344)",1,4.6795806884765625,1,"(-14.654905319213867, -94.99618530273438, 665.4727783203125)",1,"(0.514498770236969, 0.6304395198822021)","(9.104503631591797, 118.34970092773438, 36.23868179321289)",1,4.6608123779296875,1,"(40.34318161010742, -87.74479675292969, 663.4271850585938)",1
10667662694,10629036730,"(nan, nan)","(nan, nan, nan)",0,nan,0,"(nan, nan, nan)",0,"(0.5155614018440247, 0.6255578398704529)","(9.692487716674805, 119.77737426757812, 36.75832748413086)",1,4.6713104248046875,1,"(40.34621047973633, -87.74966430664062, 663.4473876953125)",1
10667679334,10629053370,"(0.5148232579231262, 0.6663349866867065)","(9.284096717834473, 107.85160827636719, 32.417686462402344)",1,4.6866912841796875,1,"(-14.653763771057129, -95.01286315917969, 665.7014770507812)",1,"(nan, nan)","(nan, nan, nan)",0,nan,0,"(nan, nan, nan)",0
10667695376,10629069412,"(0.5146647095680237, 0.6635994911193848)","(9.196338653564453, 108.6516342163086, 32.708900451660156)",1,4.6873931884765625,1,"(-14.651812553405762, -95.03372192382812, 665.86328125)",1,"(0.5162140727043152, 0.6256659030914307)","(10.053576469421387, 119.74577331542969, 36.7468376159668)",1,4.666107177734375,1,"(40.37941360473633, -87.79068756103516, 663.8175048828125)",1
10667712614,10629086650,"(nan, nan)","(nan, nan, nan)",0,nan,0,"(nan, nan, nan)",0,"(0.5154184699058533, 0.6254312992095947)","(9.613382339477539, 119.81437683105469, 36.771812438964844)",1,4.66552734375,1,"(40.380611419677734, -87.7989273071289, 663.8764038085938)",1
