device_time_stamp,system_time_stamp,left_gaze_point_on_display_area,left_gaze_point_in_user_coordinate_system,left_gaze_point_validity,left_pupil_diameter,left_pupil_validity,left_gaze_origin_in_user_coordinate_system,left_gaze_origin_validity,right_gaze_point_on_display_area,right_gaze_point_in_user_coordinate_system,right_gaze_point_validity,right_pupil_diameter,right_pupil_validity,right_gaze_origin_in_user_coordinate_system,right_gaze_origin_validity
3004586868,2976264831,"(0.517095148563385, 0.36311644315719604)","(10.541099548339844, 196.5314483642578, 64.69454193115234)",1,5.424163818359375,1,"(-25.80556297302246, -3.0812430381774902, 656.320068359375)",1,"(0.5132162570953369, 0.33515506982803345)","(8.394896507263184, 204.70909118652344, 67.67098236083984)",1,5.486968994140625,1,"(44.35028839111328, 2.879255533218384, 655.324951171875)",1
3004603255,2976281218,"(0.5410259366035461, 0.418031245470047)","(23.781999588012695, 180.47097778320312, 58.84901428222656)",1,5.4405059814453125,1,"(-25.567201614379883, -3.239057779312134, 656.072998046875)",1,"(0.5279840230941772, 0.39631685614585876)","(16.565919876098633, 186.82156372070312, 61.160499572753906)",1,5.50115966796875,1,"(44.444427490234375, 2.6980443000793457, 655.069091796875)",1
3004620064,2976298027,"(0.5426433682441711, 0.4261619448661804)","(24.67690658569336, 178.09303283691406, 57.983516693115234)",1,5.42022705078125,1,"(-25.53890037536621, -3.2594473361968994, 656.254638671875)",1,"(0.533099353313446, 0.3987729847431183)","(19.396265029907227, 186.10324096679688, 60.899024963378906)",1,5.4920501708984375,1,"(44.52595138549805, 2.654416561126709, 655.23291015625)",1
3004636686,2976314649,"(0.5406886339187622, 0.43021124601364136)","(23.595396041870117, 176.90875244140625, 57.55250930786133)",1,5.4126434326171875,1,"(-25.505136489868164, -3.269163131713867, 656.669921875)",1,"(0.5329718589782715, 0.40559470653533936)","(19.325674057006836, 184.10816955566406, 60.1728515625)",1,5.482757568359375,1,"(44.676666259765625, 2.639639139175415, 655.6339721679688)",1
3004653175,2976331139,"(0.537527859210968, 0.42958536744117737)","(21.846508026123047, 177.09181213378906, 57.619136810302734)",1,5.419677734375,1,"(-25.37844467163086, -3.269718885421753, 656.3694458007812)",1,"(0.530204713344574, 0.41073179244995117)","(17.794618606567383, 182.6057586669922, 59.626033782958984)",1,5.4909515380859375,1,"(44.771087646484375, 2.612940549850464, 655.3427124023438)",1
3004670030,2976347994,"(0.5410158634185791, 0.4319658875465393)","(23.77644920349121, 176.39559936523438, 57.36573028564453)",1,5.42669677734375,1,"(-25.316776275634766, -3.268537759780884, 656.3368530273438)",1,"(0.527518093585968, 0.41254279017448425)","(16.30808448791504, 182.0761260986328, 59.43324661254883)",1,5.489349365234375,1,"(44.85923767089844, 2.603581428527832, 655.29150390625)",1
3004686698,2976364662,"(0.5401713848114014, 0.4322672486305237)","(23.309194564819336, 176.30747985839844, 57.333656311035156)",1,5.4333038330078125,1,"(-25.202350616455078, -3.2537543773651123, 656.308349609375)",1,"(0.5280707478523254, 0.4134162962436676)","(16.613849639892578, 181.82066345214844, 59.34026336669922)",1,5.4979400634765625,1,"(44.98849868774414, 2.576385498046875, 655.248046875)",1
3004703095,2976381059,"(0.5418063998222351, 0.4276900589466095)","(24.213848114013672, 177.64614868164062, 57.82087326049805)",1,5.4325103759765625,1,"(-25.121183395385742, -3.247722625732422, 656.4546508789062)",1,"(0.5280555486679077, 0.4103703498840332)","(16.605440139770508, 182.7115020751953, 59.66448974609375)",1,5.499725341796875,1,"(45.102542877197266, 2.553718090057373, 655.3717651367188)",1
3004719900,2976397864,"(0.5391889810562134, 0.4304736256599426)","(22.765640258789062, 176.83204650878906, 57.52457046508789)",1,5.444732666015625,1,"(-25.085641860961914, -3.232638120651245, 656.52978515625)",1,"(0.528133749961853, 0.41076669096946716)","(16.64870834350586, 182.59556579589844, 59.6223030090332)",1,5.496917724609375,1,"(45.156517028808594, 2.5478413105010986, 655.447509765625)",1
3004736613,2976414577,"(0.5395549535751343, 0.4318614900112152)","(22.968076705932617, 176.42613220214844, 57.37683868408203)",1,5.4493865966796875,1,"(-25.07655906677246, -3.2015159130096436, 656.7080688476562)",1,"(0.5285335779190063, 0.41063395142555237)","(16.869979858398438, 182.63436889648438, 59.63645935058594)",1,5.5057373046875,1,"(45.19521713256836, 2.5642173290252686, 655.6371459960938)",1
3004753019,2976430984,"(0.5396840572357178, 0.4369993209838867)","(23.0395450592041, 174.9235382080078, 56.82990646362305)",1,5.4463348388671875,1,"(-25.10648536682129, -3.1594464778900146, 657.0142211914062)",1,"(0.5280554890632629, 0.4094819128513336)","(16.605443954467773, 182.97132873535156, 59.75908279418945)",1,5.5093536376953125,1,"(45.20333480834961, 2.5925581455230713, 655.927734375)",1
3004769866,2976447831,"(0.5395727753639221, 0.43857431411743164)","(22.977947235107422, 174.46292114257812, 56.66227722167969)",1,5.450775146484375,1,"(-25.144939422607422, -3.1532251834869385, 657.2271118164062)",1,"(0.5257059931755066, 0.4026325047016144)","(15.305453300476074, 184.9744873046875, 60.488182067871094)",1,5.5024261474609375,1,"(45.210086822509766, 2.5962579250335693, 656.1488037109375)",1
3004786529,2976464494,"(0.5389427542686462, 0.43384596705436707)","(22.629405975341797, 175.8457794189453, 57.165565490722656)",1,5.4460906982421875,1,"(-25.206737518310547, -3.1672096252441406, 657.3153686523438)",1,"(0.5293701887130737, 0.40276041626930237)","(17.33289337158203, 184.9370880126953, 60.47455978393555)",1,5.51031494140625,1,"(45.14820098876953, 2.60139799118042, 656.2318115234375)",1
3004802939,2976480905,"(0.5386396050453186, 0.4333166778087616)","(22.46164321899414, 176.0005645751953, 57.22190475463867)",1,5.4470672607421875,1,"(-25.257049560546875, -3.1756832599639893, 657.094970703125)",1,"(0.5309406518936157, 0.406149297952652)","(18.201801300048828, 183.94595336914062, 60.11383819580078)",1,5.5167694091796875,1,"(45.06989669799805, 2.6172995567321777, 656.0330810546875)",1
3004819736,2976497702,"(0.5347306728363037, 0.4245493710041046)","(20.298837661743164, 178.5646514892578, 58.15517044067383)",1,5.4497528076171875,1,"(-25.26978302001953, -3.17546010017395, 657.012939453125)",1,"(0.5312126278877258, 0.40153875946998596)","(18.35230827331543, 185.29437255859375, 60.6046257019043)",1,5.5152740478515625,1,"(45.031192779541016, 2.6284236907958984, 655.9484252929688)",1
3004836445,2976514411,"(0.5382002592086792, 0.43042561411857605)","(22.218557357788086, 176.84608459472656, 57.529701232910156)",1,5.4483795166015625,1,"(-25.301673889160156, -3.1499240398406982, 657.00244140625)",1,"(0.5286930203437805, 0.40546664595603943)","(16.958221435546875, 184.1456298828125, 60.186485290527344)",1,5.519378662109375,1,"(45.012081146240234, 2.671947479248047, 655.9520263671875)",1
3004852859,2976530825,"(0.5401725172996521, 0.43403369188308716)","(23.309776306152344, 175.7908477783203, 57.145591735839844)",1,5.4591522216796875,1,"(-25.328269958496094, -3.134418487548828, 657.1781616210938)",1,"(0.5299670100212097, 0.40797239542007446)","(17.663122177124023, 183.4127960205078, 59.91973114013672)",1,5.524932861328125,1,"(45.0139045715332, 2.709894895553589, 656.1217651367188)",1
3004869702,2976547668,"(0.5425166487693787, 0.4392750561237335)","(24.606822967529297, 174.25796508789062, 56.58769607543945)",1,5.462066650390625,1,"(-25.345966339111328, -3.111483097076416, 657.2635498046875)",1,"(0.5257989168167114, 0.4139040410518646)","(15.356904983520508, 181.67800903320312, 59.28831100463867)",1,5.5197906494140625,1,"(45.01246643066406, 2.7385876178741455, 656.207275390625)",1
3004886360,2976564326,"(0.5432032942771912, 0.4337465465068817)","(24.98676300048828, 175.8748321533203, 57.1761589050293)",1,5.45703125,1,"(-25.37541961669922, -3.0895092487335205, 657.3179321289062)",1,"(0.5245800614356995, 0.41049307584762573)","(14.68247127532959, 182.67559814453125, 59.65141296386719)",1,5.51458740234375,1,"(44.988094329833984, 2.779386281967163, 656.2657470703125)",1
3004902779,2976580745,"(0.5358436703681946, 0.4390692710876465)","(20.914644241333008, 174.31814575195312, 56.609561920166016)",1,5.4166412353515625,1,"(-25.407819747924805, -3.0848541259765625, 657.3518676757812)",1,"(0.5271730422973633, 0.41622355580329895)","(16.117156982421875, 180.99964904785156, 59.04142379760742)",1,5.4869537353515625,1,"(44.924964904785156, 2.7842748165130615, 656.3032836914062)",1
3004919668,2976597634,"(0.5324006080627441, 0.4324359893798828)","(19.009601593017578, 176.2581329345703, 57.31568145751953)",1,5.38458251953125,1,"(-25.45221710205078, -3.112736940383911, 657.4401245117188)",1,"(0.5324063301086426, 0.4133022427558899)","(19.012737274169922, 181.85403442382812, 59.35240173339844)",1,5.4717254638671875,1,"(44.87361526489258, 2.7715117931365967, 656.3980712890625)",1
3004936275,2976614241,"(0.5399947166442871, 0.44499146938323975)","(23.21143341064453, 172.5861358642578, 55.97917175292969)",1,5.349853515625,1,"(-25.554832458496094, -3.1410999298095703, 657.5618896484375)",1,"(0.529502809047699, 0.4115551710128784)","(17.406232833862305, 182.364990234375, 59.53837585449219)",1,5.41796875,1,"(44.80812454223633, 2.74617338180542, 656.5277099609375)",1
3004952695,2976630661,"(0.5382978320121765, 0.4471382796764374)","(22.272567749023438, 171.95826721191406, 55.750633239746094)",1,5.2875518798828125,1,"(-25.61808967590332, -3.1770436763763428, 657.4515991210938)",1,"(0.5309891700744629, 0.4131128489971161)","(18.2286434173584, 181.909423828125, 59.37255096435547)",1,5.3518218994140625,1,"(44.7275390625, 2.7288496494293213, 656.4343872070312)",1
3004969537,2976647504,"(0.536552369594574, 0.44574517011642456)","(21.30679702758789, 172.36572265625, 55.89891052246094)",1,5.2374267578125,1,"(-25.6428279876709, -3.1844193935394287, 657.4044799804688)",1,"(0.5295335054397583, 0.4167419672012329)","(17.423240661621094, 180.8480224609375, 58.98623275756836)",1,5.318023681640625,1,"(44.69695281982422, 2.7239840030670166, 656.38818359375)",1
3004986190,2976664157,"(0.5392032265663147, 0.49035388231277466)","(22.77352523803711, 159.31935119628906, 51.15046310424805)",1,5.1470489501953125,1,"(-25.55059814453125, -3.335448980331421, 657.2825927734375)",1,"(0.5331124067306519, 0.4664527475833893)","(19.403440475463867, 166.3095245361328, 53.69469451904297)",1,5.2411041259765625,1,"(44.63953399658203, 2.53395938873291, 656.2450561523438)",1
3005002615,2976680582,"(0.5479443073272705, 0.5985287427902222)","(27.60992431640625, 127.68234252929688, 39.63551330566406)",1,5.0689239501953125,1,"(-25.353845596313477, -3.54914927482605, 656.8034057617188)",1,"(0.5397694706916809, 0.5713143944740295)","(23.086790084838867, 135.6415557861328, 42.53242111206055)",1,5.1622772216796875,1,"(44.58732223510742, 2.295511484146118, 655.7828979492188)",1
3005019406,2976697373,"(0.5505298376083374, 0.6111449599266052)","(29.040525436401367, 123.99259185791016, 38.29250717163086)",1,5.03350830078125,1,"(-25.367826461791992, -3.560304880142212, 657.2652587890625)",1,"(0.5412983298301697, 0.582497239112854)","(23.93267822265625, 132.3709716796875, 41.342037200927734)",1,5.1196441650390625,1,"(44.70497131347656, 2.268015146255493, 656.2339477539062)",1
3005036010,2976713977,"(0.5488625168800354, 0.6155586242675781)","(28.11800765991211, 122.7017593383789, 37.82270431518555)",1,4.96783447265625,1,"(-25.35195541381836, -3.5619075298309326, 657.8085327148438)",1,"(0.5434314012527466, 0.5876290202140808)","(25.112958908081055, 130.87010192871094, 40.79575729370117)",1,5.0428619384765625,1,"(44.84181213378906, 2.270020008087158, 656.7471313476562)",1
3005052539,2976730506,"(0.5493699908256531, 0.6157464981079102)","(28.398775100708008, 122.64680480957031, 37.80274200439453)",1,4.9028778076171875,1,"(-25.334016799926758, -3.5655102729797363, 657.6201171875)",1,"(0.5431517958641052, 0.5882992744445801)","(24.95827293395996, 130.67405700683594, 40.7244758605957)",1,4.9807891845703125,1,"(44.85721969604492, 2.283001184463501, 656.5634155273438)",1
3005069372,2976747339,"(0.5472999215126038, 0.6157586574554443)","(27.25341033935547, 122.64324951171875, 37.80145263671875)",1,4.8716888427734375,1,"(-25.34894561767578, -3.5730462074279785, 657.5616455078125)",1,"(0.5395602583885193, 0.5882632732391357)","(22.971073150634766, 130.68458557128906, 40.728309631347656)",1,4.9538116455078125,1,"(44.84917068481445, 2.2942776679992676, 656.502685546875)",1
3005086022,2976763989,"(0.5472524762153625, 0.6201630234718323)","(27.2271671295166, 121.3551254272461, 37.33259963989258)",1,4.8186798095703125,1,"(-25.38931655883789, -3.5901057720184326, 657.5092163085938)",1,"(0.5411853790283203, 0.5888083577156067)","(23.87023162841797, 130.52517700195312, 40.67022705078125)",1,4.9009246826171875,1,"(44.81174850463867, 2.286583423614502, 656.4540405273438)",1
3005102459,2976780426,"(0.5493624806404114, 0.616186797618866)","(28.394628524780273, 122.51805114746094, 37.7558479309082)",1,4.7651519775390625,1,"(-25.453445434570312, -3.6550800800323486, 657.4287719726562)",1,"(0.5456995368003845, 0.5851989984512329)","(26.367904663085938, 131.580810546875, 41.0544319152832)",1,4.839508056640625,1,"(44.75523376464844, 2.2436330318450928, 656.38525390625)",1
3005119241,2976797209,"(0.5473127961158752, 0.6146519780158997)","(27.260520935058594, 122.96694946289062, 37.919219970703125)",1,4.7233734130859375,1,"(-25.480735778808594, -3.6870107650756836, 657.2449951171875)",1,"(0.5465393662452698, 0.5838989615440369)","(26.83256721496582, 131.96099853515625, 41.19281768798828)",1,4.7897186279296875,1,"(44.71036911010742, 2.210949420928955, 656.2079467773438)",1
3005135937,2976813905,"(0.5504452586174011, 0.6153444647789001)","(28.993717193603516, 122.76439666748047, 37.84553527832031)",1,4.6680755615234375,1,"(-25.536672592163086, -3.716346025466919, 656.8291625976562)",1,"(0.5484839081764221, 0.5846917629241943)","(27.90849494934082, 131.7291259765625, 41.108455657958984)",1,4.743011474609375,1,"(44.6230354309082, 2.1924123764038086, 655.7774658203125)",1
3005152375,2976830343,"(0.5500994324684143, 0.6167088150978088)","(28.802364349365234, 122.36536407470703, 37.700347900390625)",1,4.617919921875,1,"(-25.56089973449707, -3.701671838760376, 656.5388793945312)",1,"(0.5490573644638062, 0.5815763473510742)","(28.22582244873047, 132.6402587890625, 41.440067291259766)",1,4.6917266845703125,1,"(44.582130432128906, 2.2240965366363525, 655.5153198242188)",1
3005169207,2976847175,"(0.5493642091751099, 0.6154875159263611)","(28.395538330078125, 122.72257232666016, 37.83034133911133)",1,4.5968017578125,1,"(-25.5629825592041, -3.6846728324890137, 656.5018310546875)",1,"(0.5469615459442139, 0.5893622636795044)","(27.06619644165039, 130.36317443847656, 40.61128616333008)",1,4.6662445068359375,1,"(44.574790954589844, 2.2588675022125244, 655.4735717773438)",1
3005185852,2976863820,"(0.5520192980766296, 0.6166952252388)","(29.864622116088867, 122.36934661865234, 37.70173263549805)",1,4.56488037109375,1,"(-25.56527328491211, -3.6771934032440186, 656.5546264648438)",1,"(0.5472218990325928, 0.5924872159957886)","(27.21025276184082, 129.4492645263672, 40.27863693237305)",1,4.626708984375,1,"(44.591121673583984, 2.290295362472534, 655.5357666015625)",1
3005202295,2976880263,"(0.5520427823066711, 0.618895947933197)","(29.87763023376465, 121.7257080078125, 37.46748733520508)",1,4.5394439697265625,1,"(-25.56598663330078, -3.681966543197632, 656.7019653320312)",1,"(0.5492106676101685, 0.5951512455940247)","(28.310598373413086, 128.6701202392578, 39.99506759643555)",1,4.6153411865234375,1,"(44.606754302978516, 2.296544075012207, 655.6732788085938)",1
3005219077,2976897045,"(0.5524308085441589, 0.6153856515884399)","(30.09234046936035, 122.7523422241211, 37.84114074707031)",1,4.5184173583984375,1,"(-25.573976516723633, -3.6844773292541504, 656.7991333007812)",1,"(0.5467885136604309, 0.5943653583526611)","(26.970420837402344, 128.8999481201172, 40.07872772216797)",1,4.58685302734375,1,"(44.61296844482422, 2.307943105697632, 655.7745361328125)",1
3005235767,2976913735,"(0.5490844249725342, 0.6115713119506836)","(28.240747451782227, 123.8678970336914, 38.24714279174805)",1,4.492889404296875,1,"(-25.586456298828125, -3.6849193572998047, 656.8458251953125)",1,"(0.5494871139526367, 0.5957276225090027)","(28.463571548461914, 128.5015411376953, 39.933746337890625)",1,4.5626373291015625,1,"(44.591487884521484, 2.3201801776885986, 655.8193359375)",1
3005252215,2976930183,"(0.5500487685203552, 0.614844799041748)","(28.774324417114258, 122.91051483154297, 37.89869689941406)",1,4.474578857421875,1,"(-25.62793731689453, -3.674964427947998, 656.8731689453125)",1,"(0.5506130456924438, 0.5952218770980835)","(29.086570739746094, 128.6494903564453, 39.9875602722168)",1,4.529022216796875,1,"(44.56059265136719, 2.3257744312286377, 655.8455200195312)",1
3005269043,2976947012,"(0.5508295893669128, 0.6154314875602722)","(29.20636749267578, 122.73892211914062, 37.83625793457031)",1,4.4429168701171875,1,"(-25.642318725585938, -3.6677322387695312, 656.7774047851562)",1,"(0.5489819645881653, 0.6011533141136169)","(28.184099197387695, 126.91472625732422, 39.35612487792969)",1,4.509521484375,1,"(44.54123306274414, 2.3229987621307373, 655.7560424804688)",1
3005285683,2976963652,"(0.5561344623565674, 0.6215988993644714)","(32.14155960083008, 120.93519592285156, 37.179752349853516)",1,4.43707275390625,1,"(-25.65823745727539, -3.6372907161712646, 656.58056640625)",1,"(0.549613356590271, 0.5966601371765137)","(28.533409118652344, 128.2288360595703, 39.83440017700195)",1,4.48919677734375,1,"(44.523109436035156, 2.331239700317383, 655.5501708984375)",1
3005302135,2976980104,"(0.5540845990180969, 0.618779182434082)","(31.00735855102539, 121.75987243652344, 37.47990417480469)",1,4.4092864990234375,1,"(-25.628374099731445, -3.5968401432037354, 656.3626708984375)",1,"(0.5519206523895264, 0.596534252166748)","(29.810041427612305, 128.26568603515625, 39.84780502319336)",1,4.46246337890625,1,"(44.533348083496094, 2.3523271083831787, 655.3474731445312)",1
3005318913,2976996882,"(0.5526812672615051, 0.617780327796936)","(30.230918884277344, 122.05196380615234, 37.58623123168945)",1,4.3765869140625,1,"(-25.598541259765625, -3.573831558227539, 656.3129272460938)",1,"(0.552383542060852, 0.5955755114555359)","(30.066177368164062, 128.54603576660156, 39.949867248535156)",1,4.4561614990234375,1,"(44.550872802734375, 2.356922149658203, 655.289306640625)",1
3005335599,2977013568,"(0.5563085079193115, 0.6209858059883118)","(32.23786163330078, 121.114501953125, 37.24503707885742)",1,4.364715576171875,1,"(-25.559680938720703, -3.5466482639312744, 656.2630004882812)",1,"(0.5499722361564636, 0.5928832292556763)","(28.731992721557617, 129.33343505859375, 40.236488342285156)",1,4.4287261962890625,1,"(44.614200592041016, 2.39224910736084, 655.2382202148438)",1
3005352055,2977030024,"(0.5541525483131409, 0.6187201142311096)","(31.044954299926758, 121.77713775634766, 37.48621368408203)",1,4.3451995849609375,1,"(-25.503225326538086, -3.5154879093170166, 656.3280029296875)",1,"(0.5480204224586487, 0.5913285613059998)","(27.65204429626465, 129.78810119628906, 40.40199661254883)",1,4.404205322265625,1,"(44.67842102050781, 2.4196014404296875, 655.2947387695312)",1
3005368879,2977046848,"(0.5524540543556213, 0.6201226711273193)","(30.105195999145508, 121.366943359375, 37.3369255065918)",1,4.3475494384765625,1,"(-25.471548080444336, -3.5073556900024414, 656.2907104492188)",1,"(0.5506970286369324, 0.5869215130805969)","(29.133007049560547, 131.0770263671875, 40.871131896972656)",1,4.4027099609375,1,"(44.694393157958984, 2.4208569526672363, 655.2531127929688)",1
3005385514,2977063483,"(0.5513363480567932, 0.6212624311447144)","(29.486743927001953, 121.03357696533203, 37.21561813354492)",1,4.3239288330078125,1,"(-25.45669174194336, -3.525017738342285, 656.23583984375)",1,"(0.5491571426391602, 0.5921175479888916)","(28.28097915649414, 129.55740356445312, 40.31797409057617)",1,4.383209228515625,1,"(44.70466613769531, 2.406270980834961, 655.1964111328125)",1
3005401975,2977079944,"(0.5616989135742188, 0.6181119084358215)","(35.22036361694336, 121.95500183105469, 37.55096435546875)",1,4.2911529541015625,1,"(-25.38189697265625, -3.613814353942871, 656.213134765625)",1,"(0.5587880611419678, 0.6040839552879333)","(33.60982894897461, 126.05767059326172, 39.044193267822266)",1,4.3637847900390625,1,"(44.737144470214844, 2.326359748840332, 655.1712036132812)",1
3005418748,2977096718,"(0.581712007522583, 0.6439208388328552)","(46.29357147216797, 114.40691375732422, 34.803672790527344)",1,4.283416748046875,1,"(-25.223846435546875, -3.668940544128418, 655.8977661132812)",1,"(0.5802302956581116, 0.6302983164787292)","(45.47377395629883, 118.39096069335938, 36.25373458862305)",1,4.3314666748046875,1,"(44.7590446472168, 2.227220058441162, 654.853271484375)",1
3005435429,2977113399,"(0.5990548133850098, 0.6648811101913452)","(55.88935852050781, 108.27679443359375, 32.57249450683594)",1,4.2541046142578125,1,"(-25.10666847229004, -3.7071735858917236, 655.0780639648438)",1,"(0.5972081422805786, 0.6598604917526245)","(54.867618560791016, 109.74515533447266, 33.106929779052734)",1,4.29156494140625,1,"(44.78486633300781, 2.1457362174987793, 653.9773559570312)",1
3005451895,2977129865,"(0.5985987782478333, 0.6708168983459473)","(55.63710403442383, 106.54078674316406, 31.94063949584961)",1,4.22637939453125,1,"(-25.09214973449707, -3.727649688720703, 654.5385131835938)",1,"(0.5964277982711792, 0.664501428604126)","(54.43585968017578, 108.3878173828125, 32.612918853759766)",1,4.2772674560546875,1,"(44.78420639038086, 2.1357343196868896, 653.4744262695312)",1
3005468714,2977146684,"(0.5995281934738159, 0.6682261824607849)","(56.15131378173828, 107.29850769042969, 32.21640396118164)",1,4.220245361328125,1,"(-25.075780868530273, -3.723632335662842, 654.3892211914062)",1,"(0.6030794382095337, 0.6641261577606201)","(58.11619567871094, 108.49757385253906, 32.65287399291992)",1,4.27880859375,1,"(44.79094314575195, 2.1380720138549805, 653.3270263671875)",1
3005485344,2977163314,"(0.6049783229827881, 0.6694079637527466)","(59.16684341430664, 106.95287322998047, 32.09064483642578)",1,4.20587158203125,1,"(-25.041419982910156, -3.6999170780181885, 654.2852783203125)",1,"(0.6031754016876221, 0.6641470789909363)","(58.169315338134766, 108.49150848388672, 32.650638580322266)",1,4.2528076171875,1,"(44.83839797973633, 2.1567583084106445, 653.222900390625)",1
3005501819,2977179789,"(0.602404773235321, 0.6682495474815369)","(57.74295425415039, 107.2916488647461, 32.21394729614258)",1,4.1857757568359375,1,"(-24.988487243652344, -3.6702706813812256, 654.3551025390625)",1,"(0.6026188731193542, 0.6596401929855347)","(57.86137771606445, 109.8095703125, 33.13042068481445)",1,4.225799560546875,1,"(44.90148162841797, 2.180284023284912, 653.2833251953125)",1
3005518583,2977196553,"(0.6027522683143616, 0.6691134572029114)","(57.9351806640625, 107.03902435302734, 32.12202072143555)",1,4.168914794921875,1,"(-24.97137451171875, -3.659457206726074, 654.3670043945312)",1,"(0.5993696451187134, 0.6580389738082886)","(56.063602447509766, 110.27786254882812, 33.30084228515625)",1,4.231201171875,1,"(44.94244384765625, 2.1945042610168457, 653.287841796875)",1
3005535260,2977213230,"(0.6018663048744202, 0.6694600582122803)","(57.444969177246094, 106.93765258789062, 32.08513641357422)",1,4.1402740478515625,1,"(-24.943771362304688, -3.6468231678009033, 654.0962524414062)",1,"(0.5993464589118958, 0.6563014984130859)","(56.0507698059082, 110.7860336303711, 33.48577117919922)",1,4.213714599609375,1,"(44.947288513183594, 2.2051939964294434, 652.9963989257812)",1
3005551735,2977229705,"(0.6034674644470215, 0.6644229292869568)","(58.330894470214844, 108.41081237792969, 32.621280670166016)",1,4.1193084716796875,1,"(-24.942039489746094, -3.6337008476257324, 653.926513671875)",1,"(0.5998990535736084, 0.654238224029541)","(56.356502532958984, 111.38945007324219, 33.70542526245117)",1,4.1967620849609375,1,"(44.94100570678711, 2.2167482376098633, 652.8422241210938)",1
3005568549,2977246520,"(0.6030377149581909, 0.6595872640609741)","(58.093170166015625, 109.82502746582031, 33.136024475097656)",1,4.1326751708984375,1,"(-24.94552230834961, -3.6318845748901367, 653.9534912109375)",1,"(0.6016493439674377, 0.656488835811615)","(57.32496643066406, 110.731201171875, 33.46581268310547)",1,4.1883087158203125,1,"(44.94160079956055, 2.2268221378326416, 652.87158203125)",1
3005585176,2977263147,"(0.6021189093589783, 0.661626398563385)","(57.58473205566406, 109.22866821289062, 32.91893768310547)",1,4.1201324462890625,1,"(-24.951324462890625, -3.625370502471924, 654.0814208984375)",1,"(0.6024743914604187, 0.660204291343689)","(57.78140640258789, 109.64458465576172, 33.07032012939453)",1,4.178741455078125,1,"(44.954254150390625, 2.234600067138672, 653.0079345703125)",1
3005601655,2977279626,"(0.6009125709533691, 0.6634473204612732)","(56.91727828979492, 108.69613647460938, 32.725067138671875)",1,4.1077728271484375,1,"(-24.930339813232422, -3.598515510559082, 654.1710815429688)",1,"(0.6001449823379517, 0.6660766005516052)","(56.49258041381836, 107.92716979980469, 32.445247650146484)",1,4.15802001953125,1,"(44.986568450927734, 2.262190580368042, 653.0880126953125)",1
3005618515,2977296486,"(0.6002975702285767, 0.6646491289138794)","(56.5770149230957, 108.34467315673828, 32.59716796875)",1,4.1087188720703125,1,"(-24.910812377929688, -3.581998825073242, 654.2816772460938)",1,"(0.5999186038970947, 0.6690070629119873)","(56.36733627319336, 107.07011413574219, 32.133296966552734)",1,4.1629791259765625,1,"(45.02223587036133, 2.296779155731201, 653.1928100585938)",1
3005635188,2977313159,"(0.5958414673805237, 0.6690075993537903)","(54.111480712890625, 107.06996154785156, 32.133262634277344)",1,4.107666015625,1,"(-24.853553771972656, -3.5330557823181152, 654.3995971679688)",1,"(0.5989303588867188, 0.6638420224189758)","(55.82056427001953, 108.58068084716797, 32.683101654052734)",1,4.1613006591796875,1,"(45.08739471435547, 2.3323452472686768, 653.3165283203125)",1
3005651579,2977329550,"(0.5978518128395081, 0.6630787253379822)","(55.22378921508789, 108.803955078125, 32.764312744140625)",1,4.0946807861328125,1,"(-24.822587966918945, -3.4927420616149902, 654.4390869140625)",1,"(0.6019492149353027, 0.6590545773506165)","(57.49083709716797, 109.98081970214844, 33.192752838134766)",1,4.149566650390625,1,"(45.11846923828125, 2.3635342121124268, 653.3478393554688)",1
3005668384,2977346355,"(0.5968059301376343, 0.6773802638053894)","(54.64508056640625, 104.62129211425781, 31.24199104309082)",1,4.0646820068359375,1,"(-24.827268600463867, -3.5102415084838867, 654.3004760742188)",1,"(0.5958709120750427, 0.674406886100769)","(54.127742767333984, 105.4908676147461, 31.55853271484375)",1,4.1468353271484375,1,"(45.075809478759766, 2.3503153324127197, 653.1881713867188)",1
3005685103,2977363074,"(0.5905197262763977, 0.6932485699653625)","(51.16693115234375, 99.98041534423828, 29.552825927734375)",1,4.0678558349609375,1,"(-24.84189796447754, -3.5389342308044434, 654.5516967773438)",1,"(0.5922861099243164, 0.68953537940979)","(52.14423751831055, 101.06633758544922, 29.948118209838867)",1,4.138092041015625,1,"(45.074256896972656, 2.3292369842529297, 653.4862670898438)",1
3005701495,2977379466,"(0.5841863751411438, 0.6934394240379333)","(47.66267395019531, 99.92459869384766, 29.532535552978516)",1,4.0680999755859375,1,"(-24.873620986938477, -3.5552170276641846, 654.9202880859375)",1,"(0.5910699367523193, 0.6914235353469849)","(51.471351623535156, 100.51414489746094, 29.747108459472656)",1,4.1303863525390625,1,"(45.103797912597656, 2.3148534297943115, 653.8250732421875)",1
3005718350,2977396322,"(0.5897982716560364, 0.6952837109565735)","(50.76776885986328, 99.38520050048828, 29.336217880249023)",1,4.0703887939453125,1,"(-24.892621994018555, -3.5726065635681152, 654.8936157226562)",1,"(0.5888914465904236, 0.6865782141685486)","(50.265987396240234, 101.93125915527344, 30.262882232666016)",1,4.13018798828125,1,"(45.09919738769531, 2.291274309158325, 653.8011474609375)",1
3005735018,2977412990,"(0.5905166268348694, 0.6935549974441528)","(51.16522216796875, 99.89077758789062, 29.520238876342773)",1,4.0723724365234375,1,"(-24.912870407104492, -3.607083320617676, 654.7947387695312)",1,"(0.5878664255142212, 0.6862514019012451)","(49.69887161254883, 102.02679443359375, 30.297693252563477)",1,4.1320953369140625,1,"(45.09331130981445, 2.236292839050293, 653.6984252929688)",1
3005751415,2977429387,"(0.5896763801574707, 0.6925689578056335)","(50.700321197509766, 100.17916870117188, 29.62517547607422)",1,4.076080322265625,1,"(-24.912824630737305, -3.625277042388916, 654.6297607421875)",1,"(0.5904914140701294, 0.6882609128952026)","(51.15129089355469, 101.43909454345703, 30.083799362182617)",1,4.133056640625,1,"(45.09345626831055, 2.192185163497925, 653.5413208007812)",1
3005768220,2977446192,"(0.5880002379417419, 0.6923559904098511)","(49.772926330566406, 100.24143981933594, 29.64785385131836)",1,4.0579376220703125,1,"(-24.904157638549805, -3.6280581951141357, 654.5834350585938)",1,"(0.5892466306686401, 0.6917549967765808)","(50.46255111694336, 100.41725158691406, 29.711849212646484)",1,4.123291015625,1,"(45.116546630859375, 2.1776418685913086, 653.4907836914062)",1
3005784933,2977462905,"(0.5877525806427002, 0.6893975734710693)","(49.63587951660156, 101.10665893554688, 29.962732315063477)",1,4.059722900390625,1,"(-24.8830623626709, -3.6414785385131836, 654.5283813476562)",1,"(0.5871605277061462, 0.6880936026573181)","(49.308292388916016, 101.48804473876953, 30.1015625)",1,4.129913330078125,1,"(45.16448211669922, 2.1543023586273193, 653.4259643554688)",1
3005801335,2977479307,"(0.5873371958732605, 0.6939989924430847)","(49.406036376953125, 99.76092529296875, 29.47296905517578)",1,4.056610107421875,1,"(-24.856155395507812, -3.663266181945801, 654.27099609375)",1,"(0.5883197784423828, 0.6880804300308228)","(49.94969940185547, 101.49191284179688, 30.10302734375)",1,4.12115478515625,1,"(45.181732177734375, 2.1370182037353516, 653.1825561523438)",1
3005818090,2977496062,"(0.5856612920761108, 0.6920263767242432)","(48.478763580322266, 100.33782958984375, 29.682964324951172)",1,4.0504302978515625,1,"(-24.834245681762695, -3.6829919815063477, 653.90625)",1,"(0.5872714519500732, 0.6873155832290649)","(49.36967086791992, 101.71556854248047, 30.184432983398438)",1,4.11907958984375,1,"(45.159393310546875, 2.128319501876831, 652.8062133789062)",1
3005834849,2977512821,"(0.5888989567756653, 0.6860432028770447)","(50.270164489746094, 102.08769226074219, 30.319822311401367)",1,4.0449676513671875,1,"(-24.84988021850586, -3.725726842880249, 653.3924560546875)",1,"(0.5892555117607117, 0.6856606602668762)","(50.46745300292969, 102.19959259033203, 30.360523223876953)",1,4.1147613525390625,1,"(45.09355163574219, 2.0888512134552, 652.2716674804688)",1
3005851255,2977529227,"(0.5914256572723389, 0.6902498006820679)","(51.66815948486328, 100.8574447631836, 29.872058868408203)",1,4.0435028076171875,1,"(-24.924530029296875, -3.797136068344116, 653.2756958007812)",1,"(0.5904883146286011, 0.6829712390899658)","(51.14960479736328, 102.9861068725586, 30.646839141845703)",1,4.1088409423828125,1,"(45.028499603271484, 2.0278377532958984, 652.1710205078125)",1
3005868056,2977546029,"(0.5820273160934448, 0.6759776473045349)","(46.46805953979492, 105.031494140625, 31.391292572021484)",1,4.050140380859375,1,"(-24.967023849487305, -3.782702684402466, 653.4817504882812)",1,"(0.5889056324958801, 0.6715211272239685)","(50.27384948730469, 106.3348388671875, 31.865680694580078)",1,4.125274658203125,1,"(44.95911407470703, 2.044236660003662, 652.3905639648438)",1
3005884765,2977562738,"(0.5672518610954285, 0.5929583311080933)","(38.29283142089844, 129.3114776611328, 40.22843551635742)",1,4.06610107421875,1,"(-25.031211853027344, -3.5379955768585205, 653.3787841796875)",1,"(0.5687808990478516, 0.568586528301239)","(39.138851165771484, 136.43927001953125, 42.822818756103516)",1,4.1485748291015625,1,"(44.65589141845703, 2.2619903087615967, 652.2830200195312)",1
3005901175,2977579148,"(0.5539059638977051, 0.4785538911819458)","(30.908554077148438, 162.77040100097656, 52.40654373168945)",1,4.0565032958984375,1,"(-25.089155197143555, -3.3202297687530518, 653.1512451171875)",1,"(0.553769588470459, 0.4695269763469696)","(30.833044052124023, 165.41043090820312, 53.3674430847168)",1,4.1496429443359375,1,"(44.50642395019531, 2.447237491607666, 652.1035766601562)",1
3005917925,2977595898,"(0.5544942617416382, 0.46409285068511963)","(31.23404312133789, 166.9997100830078, 53.94588851928711)",1,4.077728271484375,1,"(-25.162485122680664, -3.320469379425049, 653.6575317382812)",1,"(0.5516256093978882, 0.4490973651409149)","(29.646787643432617, 171.3852996826172, 55.542137145996094)",1,4.15753173828125,1,"(44.555580139160156, 2.4679114818573, 652.6157836914062)",1
3005934583,2977612556,"(0.5574676990509033, 0.467029333114624)","(32.8792610168457, 166.14089965820312, 53.63325881958008)",1,4.0806732177734375,1,"(-25.238683700561523, -3.332258462905884, 653.995361328125)",1,"(0.5484873056411743, 0.45229747891426086)","(27.910377502441406, 170.4494171142578, 55.20145034790039)",1,4.16094970703125,1,"(44.59574508666992, 2.4947972297668457, 652.9517211914062)",1
3005951095,2977629068,"(0.5566895604133606, 0.47012659907341003)","(32.44868469238281, 165.2350616455078, 53.30360794067383)",1,4.0862579345703125,1,"(-25.267534255981445, -3.2962546348571777, 654.1513671875)",1,"(0.551750659942627, 0.4498756527900696)","(29.71599769592285, 171.15769958496094, 55.45927047729492)",1,4.1567840576171875,1,"(44.60359191894531, 2.565171957015991, 653.1038818359375)",1
3005967891,2977645864,"(0.5537900328636169, 0.46828460693359375)","(30.844371795654297, 165.7737579345703, 53.499671936035156)",1,4.090087890625,1,"(-25.287254333496094, -3.2707743644714355, 654.3741455078125)",1,"(0.5539647936820984, 0.44482383131980896)","(30.941062927246094, 172.6351318359375, 55.997039794921875)",1,4.1775054931640625,1,"(44.61119842529297, 2.586876153945923, 653.32470703125)",1
3005984595,2977662568,"(0.5535059571266174, 0.46765339374542236)","(30.68720245361328, 165.95835876464844, 53.566890716552734)",1,4.0941619873046875,1,"(-25.337934494018555, -3.2365095615386963, 654.7654418945312)",1,"(0.5510995984077454, 0.4483635425567627)","(29.35576629638672, 171.5998992919922, 55.62024688720703)",1,4.1861724853515625,1,"(44.6412239074707, 2.632169246673584, 653.7406616210938)",1
3006001015,2977678988,"(0.5543144941329956, 0.46405133605003357)","(31.134536743164062, 167.0118408203125, 53.950313568115234)",1,4.09442138671875,1,"(-25.399072647094727, -3.205446481704712, 655.033203125)",1,"(0.5530523657798767, 0.44877612590789795)","(30.436199188232422, 171.47926330566406, 55.576290130615234)",1,4.1826171875,1,"(44.6392822265625, 2.655991792678833, 653.9918823242188)",1
3006017760,2977695734,"(0.5517909526824951, 0.4597478210926056)","(29.738283157348633, 168.2704620361328, 54.408390045166016)",1,4.08294677734375,1,"(-25.417552947998047, -3.2000234127044678, 655.0101928710938)",1,"(0.5503392815589905, 0.4455282986164093)","(28.935068130493164, 172.4291229248047, 55.92202377319336)",1,4.1929473876953125,1,"(44.62285232543945, 2.6628472805023193, 653.9758911132812)",1
3006034510,2977712484,"(0.5525900721549988, 0.460771381855011)","(30.180444717407227, 167.97109985351562, 54.299434661865234)",1,4.092071533203125,1,"(-25.458831787109375, -3.1766037940979004, 655.0280151367188)",1,"(0.5520444512367249, 0.4458639323711395)","(29.878551483154297, 172.3309326171875, 55.88633346557617)",1,4.1976470947265625,1,"(44.596553802490234, 2.6784915924072266, 653.998291015625)",1
3006050935,2977728909,"(0.5537992715835571, 0.46512195467948914)","(30.849483489990234, 166.69874572753906, 53.83635711669922)",1,4.1110992431640625,1,"(-25.496139526367188, -3.1557133197784424, 655.0469360351562)",1,"(0.5521411299705505, 0.45160338282585144)","(29.932050704956055, 170.6523895263672, 55.27536392211914)",1,4.2022552490234375,1,"(44.591732025146484, 2.6920418739318848, 654.0234985351562)",1
3006067726,2977745700,"(0.5545639991760254, 0.4635395109653473)","(31.272598266601562, 167.16152954101562, 54.004791259765625)",1,4.104949951171875,1,"(-25.505367279052734, -3.1551871299743652, 655.1597900390625)",1,"(0.5544852018356323, 0.45153307914733887)","(31.229032516479492, 170.67294311523438, 55.2828254699707)",1,4.2105865478515625,1,"(44.60383224487305, 2.6980788707733154, 654.1384887695312)",1
3006084426,2977762400,"(0.5548133850097656, 0.46812915802001953)","(31.41061782836914, 165.8192596435547, 53.51615905761719)",1,4.1027984619140625,1,"(-25.49167823791504, -3.164907217025757, 655.2389526367188)",1,"(0.550868809223175, 0.4514228403568268)","(29.228008270263672, 170.70521545410156, 55.29454803466797)",1,4.2151336669921875,1,"(44.64576721191406, 2.6901259422302246, 654.2197875976562)",1
3006100855,2977778829,"(0.554851233959198, 0.45867112278938293)","(31.431560516357422, 168.58535766601562, 54.52301788330078)",1,4.10650634765625,1,"(-25.454357147216797, -3.1872379779815674, 655.3306274414062)",1,"(0.5519563555717468, 0.44994810223579407)","(29.829790115356445, 171.1365203857422, 55.45154571533203)",1,4.2143096923828125,1,"(44.697696685791016, 2.6806225776672363, 654.301513671875)",1
3006117692,2977795666,"(0.5544205904006958, 0.4617260694503784)","(31.1932430267334, 167.69190979003906, 54.197811126708984)",1,4.1106414794921875,1,"(-25.43938636779785, -3.189446449279785, 655.2376708984375)",1,"(0.5528701543807983, 0.45007869601249695)","(30.335458755493164, 171.09832763671875, 55.43766784667969)",1,4.2153472900390625,1,"(44.7167854309082, 2.673227071762085, 654.2017211914062)",1
3006134342,2977812316,"(0.5555781126022339, 0.4595097303390503)","(31.83373260498047, 168.340087890625, 54.4337158203125)",1,4.1250762939453125,1,"(-25.432336807250977, -3.200510263442993, 655.17822265625)",1,"(0.5535852909088135, 0.44134578108787537)","(30.731122970581055, 173.65232849121094, 56.36724090576172)",1,4.2057952880859375,1,"(44.74285888671875, 2.660118341445923, 654.1378173828125)",1
3006150775,2977828749,"(nan, nan)","(nan, nan, nan)",0,nan,0,"(nan, nan, nan)",0,"(nan, nan)","(nan, nan, nan)",0,nan,0,"(nan, nan, nan)",0
3006167561,2977845536,"(nan, nan)","(nan, nan, nan)",0,nan,0,"(nan, nan, nan)",0,"(nan, nan)","(nan, nan, nan)",0,nan,0,"(nan, nan, nan)",0
3006184257,2977862232,"(nan, nan)","(nan, nan, nan)",0,nan,0,"(nan, nan, nan)",0,"(nan, nan)","(nan, nan, nan)",0,nan,0,"(nan, nan, nan)",0
3006200695,2977878670,"(nan, nan)","(nan, nan, nan)",0,nan,0,"(nan, nan, nan)",0,"(nan, nan)","(nan, nan, nan)",0,nan,0,"(nan, nan, nan)",0
3006217527,2977895502,"(nan, nan)","(nan, nan, nan)",0,nan,0,"(nan, nan, nan)",0,"(nan, nan)","(nan, nan, nan)",0,nan,0,"(nan, nan, nan)",0
3006234269,2977912244,"(nan, nan)","(nan, nan, nan)",0,nan,0,"(nan, nan, nan)",0,"(nan, nan)","(nan, nan, nan)",0,nan,0,"(nan, nan, nan)",0
3006250619,2977928594,"(0.5493701696395874, 0.5077652931213379)","(28.398847579956055, 154.22718811035156, 49.29705810546875)",1,3.7885894775390625,1,"(-25.4014892578125, -2.7370641231536865, 655.2109375)",1,"(0.5494198799133301, 0.4729647934436798)","(28.42635726928711, 164.40499877929688, 53.00148391723633)",1,3.8606109619140625,1,"(44.747501373291016, 3.0336854457855225, 654.1627807617188)",1
3006267493,2977945468,"(0.5469184517860413, 0.42235609889030457)","(27.042333602905273, 179.20611572265625, 58.3886604309082)",1,4.08941650390625,1,"(-25.388029098510742, -2.751857280731201, 655.3395385742188)",1,"(0.5386644005775452, 0.44488513469696045)","(22.475366592407227, 172.61724853515625, 55.99049377441406)",1,4.0009002685546875,1,"(44.779659271240234, 3.0246574878692627, 654.2348022460938)",1
3006284244,2977962219,"(0.5410254597663879, 0.3297143876552582)","(23.7817325592041, 206.30026245117188, 68.2501449584961)",1,4.194854736328125,1,"(-25.3576602935791, -2.8168785572052, 655.634521484375)",1,"(0.5355660915374756, 0.3273969292640686)","(20.761035919189453, 206.97805786132812, 68.49678039550781)",1,4.304718017578125,1,"(44.86555862426758, 2.9839060306549072, 654.604248046875)",1
3006300525,2977978500,"(0.540129542350769, 0.3507736921310425)","(23.286026000976562, 200.1412353515625, 66.00840759277344)",1,4.167999267578125,1,"(-25.33487319946289, -2.842581033706665, 655.8563232421875)",1,"(0.5376491546630859, 0.3326966464519501)","(21.91362190246582, 205.42808532714844, 67.93264770507812)",1,4.2787933349609375,1,"(44.91659164428711, 2.940452814102173, 654.8009643554688)",1
3006317363,2977995338,"(0.5402393937110901, 0.3673076331615448)","(23.346803665161133, 195.30567932128906, 64.2483901977539)",1,4.142333984375,1,"(-25.303512573242188, -2.856917381286621, 655.7769775390625)",1,"(0.5366621613502502, 0.3599470853805542)","(21.367534637451172, 197.4583740234375, 65.03189849853516)",1,4.2415618896484375,1,"(44.945716857910156, 2.9218544960021973, 654.7393188476562)",1
3006334063,2978012039,"(0.5442590713500977, 0.3692854642868042)","(25.570911407470703, 194.72726440429688, 64.03785705566406)",1,4.1438446044921875,1,"(-25.275028228759766, -2.8577511310577393, 655.5146484375)",1,"(0.536370038986206, 0.35903701186180115)","(21.205909729003906, 197.72451782226562, 65.12881469726562)",1,4.2335205078125,1,"(44.9611930847168, 2.9167890548706055, 654.4562377929688)",1
3006350455,2978028431,"(0.540845513343811, 0.3619646728038788)","(23.682165145874023, 196.86827087402344, 64.81718444824219)",1,4.138031005859375,1,"(-25.200790405273438, -2.85434627532959, 655.3305053710938)",1,"(0.5361852645874023, 0.3527676463127136)","(21.103656768798828, 199.55807495117188, 65.79613494873047)",1,4.21734619140625,1,"(45.00869369506836, 2.8923041820526123, 654.285888671875)",1
3006367233,2978045209,"(0.5384715795516968, 0.3567895293235779)","(22.368698120117188, 198.3818359375, 65.36807250976562)",1,4.13214111328125,1,"(-25.144071578979492, -2.851987361907959, 655.3490600585938)",1,"(0.5373256802558899, 0.3498232364654541)","(21.73467445373535, 200.41920471191406, 66.10956573486328)",1,4.23223876953125,1,"(45.068016052246094, 2.874882698059082, 654.2963256835938)",1
3006383881,2978061857,"(0.5425046682357788, 0.35580337047576904)","(24.60017204284668, 198.6702423095703, 65.47300720214844)",1,4.123931884765625,1,"(-25.052345275878906, -2.838153839111328, 655.109619140625)",1,"(0.538644015789032, 0.34768036007881165)","(22.464122772216797, 201.04586791992188, 66.33771514892578)",1,4.22125244140625,1,"(45.156471252441406, 2.8769640922546387, 654.0159912109375)",1
3006400375,2978078351,"(0.5383465886116028, 0.3573010265827179)","(22.299522399902344, 198.23223876953125, 65.31360626220703)",1,4.0954742431640625,1,"(-24.8815975189209, -2.791707992553711, 654.4797973632812)",1,"(0.536888599395752, 0.3514925241470337)","(21.492813110351562, 199.9309844970703, 65.93189239501953)",1,4.20159912109375,1,"(45.2547721862793, 2.891935348510742, 653.4114379882812)",1
3006417102,2978095078,"(0.5400823354721069, 0.3586587607860565)","(23.25994110107422, 197.8351287841797, 65.1690673828125)",1,4.1054229736328125,1,"(-24.797452926635742, -2.7798407077789307, 654.3363037109375)",1,"(0.5380015969276428, 0.3564213216304779)","(22.108610153198242, 198.489501953125, 65.4072265625)",1,4.2241668701171875,1,"(45.320518493652344, 2.9052047729492188, 653.2335205078125)",1
3006433893,2978111869,"(0.5435241460800171, 0.37233397364616394)","(25.164297103881836, 193.8356475830078, 63.7133674621582)",1,4.109405517578125,1,"(-24.66837501525879, -2.7385079860687256, 654.114990234375)",1,"(0.5365605354309082, 0.3621036112308502)","(21.311309814453125, 196.82765197753906, 64.8023910522461)",1,4.215484619140625,1,"(45.4619026184082, 2.923945188522339, 652.9990844726562)",1
3006450299,2978128275,"(0.5398091077804565, 0.3712170720100403)","(23.108718872070312, 194.1623077392578, 63.83226013183594)",1,4.1121368408203125,1,"(-24.50851821899414, -2.714545249938965, 654.0538940429688)",1,"(0.540168821811676, 0.3648116886615753)","(23.307762145996094, 196.03565979003906, 64.51411437988281)",1,4.2154541015625,1,"(45.58340072631836, 2.888272285461426, 652.93017578125)",1
3006467068,2978145044,"(0.5408926606178284, 0.36830800771713257)","(23.70827293395996, 195.01309204101562, 64.14192199707031)",1,4.0972900390625,1,"(-24.407346725463867, -2.6982154846191406, 653.7778930664062)",1,"(0.5405042171478271, 0.36394739151000977)","(23.49335289001465, 196.2884063720703, 64.60613250732422)",1,4.227630615234375,1,"(45.67028045654297, 2.8577828407287598, 652.642578125)",1
3006483809,2978161786,"(0.5408177971839905, 0.36202070116996765)","(23.666845321655273, 196.85189819335938, 64.81119537353516)",1,4.0917510986328125,1,"(-24.22322654724121, -2.6624293327331543, 653.397216796875)",1,"(0.5365929007530212, 0.36049503087997437)","(21.329214096069336, 197.29811096191406, 64.9736099243164)",1,4.218414306640625,1,"(45.83722686767578, 2.8225693702697754, 652.232421875)",1
3006500219,2978178196,"(0.5399851202964783, 0.35883066058158875)","(23.206090927124023, 197.7848663330078, 65.1507797241211)",1,4.0851593017578125,1,"(-24.02971839904785, -2.6042678356170654, 653.435302734375)",1,"(0.5349892377853394, 0.36271652579307556)","(20.441911697387695, 196.64840698242188, 64.73709869384766)",1,4.2141876220703125,1,"(46.02460479736328, 2.8232309818267822, 652.2500610351562)",1
3006517034,2978195011,"(0.5412458777427673, 0.36656486988067627)","(23.903690338134766, 195.5228729248047, 64.3275375366211)",1,4.098175048828125,1,"(-23.903961181640625, -2.5587692260742188, 653.5416870117188)",1,"(0.5351658463478088, 0.36717042326927185)","(20.539600372314453, 195.34579467773438, 64.26300811767578)",1,4.23236083984375,1,"(46.15076446533203, 2.8297808170318604, 652.3427734375)",1
3006533725,2978211702,"(0.5404382944107056, 0.3669873774051666)","(23.456867218017578, 195.39932250976562, 64.28254699707031)",1,4.114776611328125,1,"(-23.711938858032227, -2.5097877979278564, 653.7353515625)",1,"(0.5340083241462708, 0.3639701008796692)","(19.899192810058594, 196.28176879882812, 64.60369110107422)",1,4.23388671875,1,"(46.36589050292969, 2.844825029373169, 652.5245361328125)",1
3006550139,2978228116,"(0.5435019135475159, 0.3673918545246124)","(25.151958465576172, 195.28102111816406, 64.23944091796875)",1,4.1157073974609375,1,"(-23.525239944458008, -2.457991600036621, 653.779541015625)",1,"(0.5358103513717651, 0.3650607764720917)","(20.896230697631836, 195.96279907226562, 64.4875717163086)",1,4.2367401123046875,1,"(46.54023742675781, 2.8555245399475098, 652.541259765625)",1
3006566903,2978244880,"(0.5387596487998962, 0.35992106795310974)","(22.528064727783203, 197.46595764160156, 65.0346908569336)",1,4.1110382080078125,1,"(-23.3962345123291, -2.4334192276000977, 653.6876831054688)",1,"(0.5357105731964111, 0.36730068922042847)","(20.841049194335938, 195.3076934814453, 64.2491683959961)",1,4.24420166015625,1,"(46.63795471191406, 2.859527587890625, 652.4468994140625)",1
3006583640,2978261617,"(0.539040744304657, 0.364864706993103)","(22.68360710144043, 196.02011108398438, 64.5084457397461)",1,4.1165771484375,1,"(-23.228532791137695, -2.3879001140594482, 653.4716796875)",1,"(0.535153329372406, 0.36147749423980713)","(20.532669067382812, 197.01077270507812, 64.86902618408203)",1,4.2364044189453125,1,"(46.76876449584961, 2.8479509353637695, 652.2040405273438)",1
3006600059,2978278036,"(0.5404725074768066, 0.3746945559978485)","(23.475780487060547, 193.14529418945312, 63.46208953857422)",1,4.124053955078125,1,"(-23.11467742919922, -2.3632307052612305, 653.3955688476562)",1,"(0.5325029492378235, 0.3603590130805969)","(19.06623077392578, 197.33790588378906, 64.98806762695312)",1,4.2529296875,1,"(46.87430953979492, 2.8375494480133057, 652.1166381835938)",1
3006616869,2978294846,"(0.5392260551452637, 0.3730826675891876)","(22.78611946105957, 193.61668395996094, 63.633670806884766)",1,4.1348724365234375,1,"(-23.047935485839844, -2.364006519317627, 653.2982788085938)",1,"(0.5329009294509888, 0.36031726002693176)","(19.28641128540039, 197.35009765625, 64.9925308227539)",1,4.2489471435546875,1,"(46.90104293823242, 2.8298728466033936, 652.0015258789062)",1
3006633555,2978311533,"(0.5423212647438049, 0.3744986951351166)","(24.49868392944336, 193.2025909423828, 63.48297882080078)",1,4.1464996337890625,1,"(-22.986892700195312, -2.353444814682007, 653.3614501953125)",1,"(0.5332265496253967, 0.365103542804718)","(19.466596603393555, 195.95030212402344, 64.4830093383789)",1,4.2482452392578125,1,"(46.977542877197266, 2.833106517791748, 652.0765991210938)",1
3006649983,2978327961,"(0.539851725101471, 0.3798064589500427)","(23.132335662841797, 191.65025329589844, 62.91795349121094)",1,4.1405029296875,1,"(-22.911273956298828, -2.3106091022491455, 653.6299438476562)",1,"(0.5288150310516357, 0.3589344322681427)","(17.025711059570312, 197.75454711914062, 65.13968658447266)",1,4.2621307373046875,1,"(47.06835174560547, 2.8338661193847656, 652.3358764648438)",1
3006666738,2978344716,"(0.5375761985778809, 0.3668990433216095)","(21.873306274414062, 195.4251708984375, 64.29190826416016)",1,4.134674072265625,1,"(-22.86845588684082, -2.305229425430298, 653.652099609375)",1,"(0.5298100113868713, 0.3538691997528076)","(17.576257705688477, 199.23590087890625, 65.67889404296875)",1,4.2568817138671875,1,"(47.10276412963867, 2.8415627479553223, 652.34716796875)",1
3006683470,2978361448,"(0.5412953495979309, 0.3651326298713684)","(23.931081771850586, 195.94180297851562, 64.47991180419922)",1,4.134918212890625,1,"(-22.821367263793945, -2.264371633529663, 653.7476806640625)",1,"(0.5261918902397156, 0.3599722385406494)","(15.574378967285156, 197.4509735107422, 65.02928161621094)",1,4.2646331787109375,1,"(47.16462326049805, 2.889986991882324, 652.449951171875)",1
3006699903,2978377881,"(0.5418782830238342, 0.3634543716907501)","(24.253599166870117, 196.4326171875, 64.65859985351562)",1,4.13201904296875,1,"(-22.787670135498047, -2.217458963394165, 653.9368286132812)",1,"(0.5280150175094604, 0.3658299446105957)","(16.583070755004883, 195.7378387451172, 64.40575408935547)",1,4.2755889892578125,1,"(47.2005500793457, 2.951719284057617, 652.6256103515625)",1
3006716704,2978394682,"(0.5427048802375793, 0.3713786005973816)","(24.710956573486328, 194.1150665283203, 63.81505584716797)",1,4.1392059326171875,1,"(-22.769142150878906, -2.175952672958374, 653.871826171875)",1,"(0.5306188464164734, 0.3692876696586609)","(18.023744583129883, 194.72659301757812, 64.03768920898438)",1,4.288665771484375,1,"(47.19675064086914, 2.9768409729003906, 652.5580444335938)",1
3006733386,2978411364,"(0.5421152114868164, 0.3737347722053528)","(24.38471031188965, 193.4259796142578, 63.564247131347656)",1,4.12310791015625,1,"(-22.775358200073242, -2.1317007541656494, 653.7849731445312)",1,"(0.5320877432823181, 0.3688940107822418)","(18.83651351928711, 194.84170532226562, 64.07955932617188)",1,4.2754058837890625,1,"(47.18162155151367, 3.012660503387451, 652.4697875976562)",1
3006749823,2978427801,"(0.541459321975708, 0.37004074454307556)","(24.021793365478516, 194.50634765625, 63.95749282836914)",1,4.10296630859375,1,"(-22.80645751953125, -2.081296920776367, 653.8200073242188)",1,"(0.5288130640983582, 0.3639725148677826)","(17.02461051940918, 196.2810516357422, 64.60342407226562)",1,4.27655029296875,1,"(47.16536331176758, 3.029782295227051, 652.5126953125)",1
3006766670,2978444648,"(0.5404874682426453, 0.36631256341934204)","(23.48409652709961, 195.5966796875, 64.3543701171875)",1,4.1142730712890625,1,"(-22.828062057495117, -2.0657401084899902, 653.8976440429688)",1,"(0.5278669595718384, 0.3634164333343506)","(16.501134872436523, 196.44369506835938, 64.66262817382812)",1,4.2558135986328125,1,"(47.15699005126953, 3.057699203491211, 652.5941772460938)",1
3006783302,2978461281,"(0.5386452674865723, 0.3682231307029724)","(22.464759826660156, 195.03793334960938, 64.15094757080078)",1,4.102691650390625,1,"(-22.8695125579834, -2.02789044380188, 653.9721069335938)",1,"(0.5310863852500916, 0.36297082901000977)","(18.282461166381836, 196.57403564453125, 64.71004486083984)",1,4.2337799072265625,1,"(47.109642028808594, 3.107396125793457, 652.6846923828125)",1
3006799743,2978477722,"(0.5392505526542664, 0.3673122823238373)","(22.799692153930664, 195.30433654785156, 64.24787902832031)",1,4.09222412109375,1,"(-22.95629119873047, -2.0286037921905518, 654.1448974609375)",1,"(0.531829297542572, 0.36468401551246643)","(18.693496704101562, 196.07298278808594, 64.5277099609375)",1,4.2335205078125,1,"(47.055946350097656, 3.131542921066284, 652.8507690429688)",1
3006816540,2978494519,"(0.5400694012641907, 0.3693290054798126)","(23.252735137939453, 194.7145233154297, 64.03323364257812)",1,4.0797576904296875,1,"(-23.01380157470703, -2.0338356494903564, 654.1671142578125)",1,"(0.5302478075027466, 0.3667382299900055)","(17.818470001220703, 195.47219848632812, 64.30907440185547)",1,4.24114990234375,1,"(47.00613021850586, 3.1374473571777344, 652.8816528320312)",1
3006833217,2978511196,"(0.5389862656593323, 0.3718131184577942)","(22.653423309326172, 193.98802185058594, 63.76881790161133)",1,4.0693206787109375,1,"(-23.1243953704834, -2.0696566104888916, 654.0717163085938)",1,"(0.5315476655960083, 0.37097710371017456)","(18.537675857543945, 194.23251342773438, 63.8577995300293)",1,4.2203216552734375,1,"(46.88075256347656, 3.1456832885742188, 652.7875366210938)",1
3006849663,2978527642,"(0.5394118428230286, 0.3704656660556793)","(22.8889102935791, 194.382080078125, 63.91225051879883)",1,4.048187255859375,1,"(-23.272783279418945, -2.1073036193847656, 653.9166259765625)",1,"(0.5345988869667053, 0.36718788743019104)","(20.225893020629883, 195.34071350097656, 64.26115417480469)",1,4.2125091552734375,1,"(46.71762466430664, 3.1468727588653564, 652.6543579101562)",1
3006866410,2978544389,"(0.5390362739562988, 0.3679548501968384)","(22.68113899230957, 195.11639404296875, 64.17952728271484)",1,4.0335540771484375,1,"(-23.37577247619629, -2.1250500679016113, 653.8820190429688)",1,"(0.5337685346603394, 0.36732217669487)","(19.766462326049805, 195.30142211914062, 64.24687194824219)",1,4.21307373046875,1,"(46.61570358276367, 3.156700849533081, 652.63623046875)",1
3006883132,2978561111,"(0.5378606915473938, 0.3689529299736023)","(22.030704498291016, 194.8245086669922, 64.0732421875)",1,4.0275726318359375,1,"(-23.54680061340332, -2.1361472606658936, 653.8441772460938)",1,"(0.5306932926177979, 0.3655641973018646)","(18.06495475769043, 195.81556701660156, 64.43402099609375)",1,4.195587158203125,1,"(46.446353912353516, 3.175624370574951, 652.612548828125)",1
3006899583,2978577562,"(0.535148561000824, 0.36745333671569824)","(20.530025482177734, 195.2630615234375, 64.23291778564453)",1,4.027801513671875,1,"(-23.682201385498047, -2.1375207901000977, 653.7899169921875)",1,"(0.5310290455818176, 0.36452117562294006)","(18.25069236755371, 196.12063598632812, 64.54503631591797)",1,4.183349609375,1,"(46.303871154785156, 3.194594383239746, 652.5821533203125)",1
3006916376,2978594355,"(0.5371733903884888, 0.3596569895744324)","(21.650375366210938, 197.543212890625, 65.06282806396484)",1,4.0179290771484375,1,"(-23.745220184326172, -2.117957830429077, 653.8704833984375)",1,"(0.5308797359466553, 0.36103007197380066)","(18.168106079101562, 197.14163208007812, 64.91664123535156)",1,4.1717376708984375,1,"(46.26369094848633, 3.2139904499053955, 652.6773071289062)",1
3006933144,2978611124,"(0.5386902689933777, 0.36832183599472046)","(22.489652633666992, 195.00906372070312, 64.14041900634766)",1,4.024932861328125,1,"(-23.752870559692383, -1.9793461561203003, 653.86962890625)",1,"(0.5340081453323364, 0.360831618309021)","(19.89904022216797, 197.19967651367188, 64.93775177001953)",1,4.1628265380859375,1,"(46.2286491394043, 3.2770814895629883, 652.67626953125)",1
3006949499,2978627479,"(0.53680419921875, 0.37591010332107544)","(21.446086883544922, 192.78981018066406, 63.3326530456543)",1,4.0148468017578125,1,"(-23.66933250427246, -1.699127197265625, 653.7044067382812)",1,"(0.5316156148910522, 0.36548131704330444)","(18.57528305053711, 195.8397979736328, 64.44282531738281)",1,4.16162109375,1,"(46.29526138305664, 3.3979196548461914, 652.50830078125)",1
3006966245,2978644225,"(0.5361778140068054, 0.3553478717803955)","(21.099567413330078, 198.80343627929688, 65.52147674560547)",1,4.0208282470703125,1,"(-23.598779678344727, -1.439869999885559, 653.7412109375)",1,"(0.5508202314376831, 0.3761555552482605)","(29.20122718811035, 192.71800231933594, 63.30657958984375)",1,4.0697174072265625,1,"(46.38050842285156, 3.509382963180542, 652.5223999023438)",1
3006982963,2978660943,"(nan, nan)","(nan, nan, nan)",0,nan,0,"(nan, nan, nan)",0,"(nan, nan)","(nan, nan, nan)",0,nan,0,"(nan, nan, nan)",0
3006999419,2978677399,"(nan, nan)","(nan, nan, nan)",0,nan,0,"(nan, nan, nan)",0,"(nan, nan)","(nan, nan, nan)",0,nan,0,"(nan, nan, nan)",0
3007016211,2978694191,"(nan, nan)","(nan, nan, nan)",0,nan,0,"(nan, nan, nan)",0,"(0.6269079446792603, 0.510095477104187)","(71.300537109375, 153.54566955566406, 49.049072265625)",1,3.65643310546875,1,"(46.57269287109375, 3.9396750926971436, 652.5206909179688)",1
3007032975,2978710955,"(0.5287400484085083, 0.4357440769672394)","(16.984230041503906, 175.29063415527344, 56.96352767944336)",1,3.8779449462890625,1,"(-22.888532638549805, 1.5303795337677002, 653.876708984375)",1,"(nan, nan)","(nan, nan, nan)",0,nan,0,"(nan, nan, nan)",0
3007049334,2978727314,"(0.523114800453186, 0.38361960649490356)","(13.871776580810547, 190.53504943847656, 62.51203918457031)",1,4.0118255615234375,1,"(-22.52240562438965, 2.3705365657806396, 654.1265258789062)",1,"(0.5388879776000977, 0.43463334441185)","(22.599088668823242, 175.61549377441406, 57.081756591796875)",1,3.928741455078125,1,"(47.2617301940918, 3.9563231468200684, 653.0220336914062)",1
3007066167,2978744147,"(0.5295506715774536, 0.4184562563896179)","(17.43275260925293, 180.34666442871094, 58.80378723144531)",1,3.9966888427734375,1,"(-22.102886199951172, 3.0256290435791016, 654.2643432617188)",1,"(0.5156095623970032, 0.4313325583934784)","(9.719101905822754, 176.58084106445312, 57.4331169128418)",1,4.1617279052734375,1,"(47.563072204589844, 3.939302921295166, 652.9747924804688)",1
3007082882,2978760863,"(0.5201373100280762, 0.4125675559043884)","(12.224322319030762, 182.06887817382812, 59.43061447143555)",1,3.9581146240234375,1,"(-21.21921730041504, 3.987898826599121, 654.294189453125)",1,"(0.5215991735458374, 0.4273513853549957)","(13.033146858215332, 177.7451934814453, 57.856868743896484)",1,4.145050048828125,1,"(48.42660903930664, 3.8760018348693848, 652.90576171875)",1
3007099259,2978777240,"(0.5300674438476562, 0.42690154910087585)","(17.718690872192383, 177.87672424316406, 57.90476989746094)",1,3.9731292724609375,1,"(-20.017229080200195, 4.916046619415283, 654.5111083984375)",1,"(0.5196248888969421, 0.4220659136772156)","(11.940803527832031, 179.2909698486328, 58.41952133178711)",1,4.1446685791015625,1,"(49.577213287353516, 3.789132833480835, 652.98193359375)",1
3007116037,2978794018,"(0.5272084474563599, 0.4250918924808502)","(16.13678550720215, 178.406005859375, 58.09741973876953)",1,3.9712982177734375,1,"(-19.01333999633789, 5.483245849609375, 654.7633666992188)",1,"(0.5174832940101624, 0.43182623386383057)","(10.755857467651367, 176.43646240234375, 57.380558013916016)",1,4.149566650390625,1,"(50.47239685058594, 3.733593225479126, 653.135009765625)",1
3007132796,2978810777,"(0.5264074802398682, 0.42802694439888)","(15.693597793579102, 177.547607421875, 57.78501510620117)",1,3.9764862060546875,1,"(-17.331981658935547, 6.270490646362305, 655.3076782226562)",1,"(0.5195918083190918, 0.432660311460495)","(11.922487258911133, 176.19253540039062, 57.291778564453125)",1,4.1455078125,1,"(52.20518112182617, 3.627999782562256, 653.5308227539062)",1
3007149193,2978827174,"(0.5263718366622925, 0.4239965081214905)","(15.673894882202148, 178.72637939453125, 58.21399688720703)",1,3.969146728515625,1,"(-15.345232963562012, 6.982698917388916, 655.6943359375)",1,"(0.5193960070610046, 0.4306276738643646)","(11.814162254333496, 176.78697204589844, 57.50815963745117)",1,4.1357269287109375,1,"(54.02646255493164, 3.4847958087921143, 653.6895751953125)",1
3007165906,2978843887,"(0.5251519083976746, 0.42578861117362976)","(14.998887062072754, 178.20223999023438, 58.023223876953125)",1,3.947509765625,1,"(-13.956336975097656, 7.418591022491455, 655.8890991210938)",1,"(0.5189759135246277, 0.43312370777130127)","(11.581754684448242, 176.0569610595703, 57.24250030517578)",1,4.1323089599609375,1,"(55.2863655090332, 3.377121925354004, 653.7195434570312)",1
3007182615,2978860596,"(0.5242661833763123, 0.4266831874847412)","(14.50881576538086, 177.94061279296875, 57.928062438964844)",1,3.9340667724609375,1,"(-11.742660522460938, 8.026651382446289, 656.1985473632812)",1,"(0.5180760025978088, 0.4365701675415039)","(11.08382797241211, 175.0490264892578, 56.8756103515625)",1,4.123870849609375,1,"(57.521400451660156, 3.1613693237304688, 653.7991943359375)",1
3007199141,2978877122,"(0.5261794924736023, 0.436709463596344)","(15.567477226257324, 175.00828552246094, 56.86076736450195)",1,3.9651641845703125,1,"(-9.43391227722168, 8.580525398254395, 656.7058715820312)",1,"(0.5171573758125305, 0.44004902243614197)","(10.575549125671387, 174.03164672851562, 56.505226135253906)",1,4.116058349609375,1,"(59.68235778808594, 2.95784330368042, 654.0466918945312)",1
3007215881,2978893862,"(0.5250478982925415, 0.4259917736053467)","(14.941323280334473, 178.142822265625, 58.00166320800781)",1,3.9384918212890625,1,"(-7.968734264373779, 8.887179374694824, 657.0767211914062)",1,"(0.5150846838951111, 0.43915855884552)","(9.428704261779785, 174.29205322265625, 56.60000991821289)",1,4.1263275146484375,1,"(60.974578857421875, 2.830742359161377, 654.2307739257812)",1
3007232636,2978910618,"(0.5290662050247192, 0.42984870076179504)","(17.16469383239746, 177.01480102539062, 57.59109878540039)",1,3.9401397705078125,1,"(-5.697838306427002, 9.334239959716797, 657.8099365234375)",1,"(0.518072247505188, 0.442984402179718)","(11.081719398498535, 173.17311096191406, 56.192832946777344)",1,4.111541748046875,1,"(63.314544677734375, 2.6323840618133545, 654.7610473632812)",1
3007249084,2978927066,"(0.5319147109985352, 0.4352271556854248)","(18.740779876708984, 175.4418182373047, 57.01854705810547)",1,3.9450836181640625,1,"(-3.4921908378601074, 9.730803489685059, 658.8209838867188)",1,"(0.5170852541923523, 0.44031864404678345)","(10.535588264465332, 173.95274353027344, 56.47657775878906)",1,4.1101226806640625,1,"(65.43427276611328, 2.439777374267578, 655.5335693359375)",1
3007265847,2978943829,"(0.5302438735961914, 0.4296201169490814)","(17.816295623779297, 177.08164978027344, 57.61541748046875)",1,3.9411773681640625,1,"(-2.0507986545562744, 9.983322143554688, 659.6851196289062)",1,"(0.5151435732841492, 0.4485434591770172)","(9.461304664611816, 171.54730224609375, 55.60105895996094)",1,4.1344451904296875,1,"(66.71393585205078, 2.3440213203430176, 656.1746215820312)",1
3007282552,2978960534,"(0.525162935256958, 0.4279303550720215)","(15.004987716674805, 177.57586669921875, 57.7952766418457)",1,3.94293212890625,1,"(0.10828176885843277, 10.37392520904541, 661.0362548828125)",1,"(0.5133507251739502, 0.44746482372283936)","(8.469316482543945, 171.86277770996094, 55.715858459472656)",1,4.1277923583984375,1,"(69.02678680419922, 2.1897430419921875, 657.404541015625)",1
3007299035,2978977017,"(0.5256112813949585, 0.43576064705848694)","(15.253079414367676, 175.28578186035156, 56.96173095703125)",1,3.970184326171875,1,"(2.1199586391448975, 10.747344017028809, 662.1970825195312)",1,"(0.5091679096221924, 0.45136719942092896)","(6.154915809631348, 170.72149658203125, 55.300498962402344)",1,4.124603271484375,1,"(70.96257781982422, 2.0926148891448975, 658.3093872070312)",1
3007315813,2978993795,"(0.5268945693969727, 0.43229806423187256)","(15.96308708190918, 176.2984619140625, 57.33036804199219)",1,3.9514007568359375,1,"(3.397928476333618, 10.979997634887695, 662.7276611328125)",1,"(0.5133088231086731, 0.43921080231666565)","(8.446120262145996, 174.2767333984375, 56.594505310058594)",1,4.1031341552734375,1,"(72.03703308105469, 2.0273828506469727, 658.6409301757812)",1
3007332468,2979010450,"(0.5230202674865723, 0.4236104488372803)","(13.819451332092285, 178.8392791748047, 58.25511169433594)",1,3.9485931396484375,1,"(5.246098041534424, 11.317843437194824, 663.6146240234375)",1,"(0.5126465559005737, 0.43858298659324646)","(8.079671859741211, 174.4603729248047, 56.66126251220703)",1,4.1157684326171875,1,"(73.99766540527344, 1.9817296266555786, 659.4097290039062)",1
3007348983,2979026965,"(0.5243661403656006, 0.4276900291442871)","(14.564146041870117, 177.6461639404297, 57.820823669433594)",1,3.9630889892578125,1,"(6.89668083190918, 11.639115333557129, 664.5099487304688)",1,"(0.5126816630363464, 0.44015443325042725)","(8.09909725189209, 174.0007781982422, 56.49406433105469)",1,4.1177215576171875,1,"(75.55838775634766, 1.9899790287017822, 660.1050415039062)",1
3007365779,2979043761,"(0.5255865454673767, 0.427775114774704)","(15.239378929138184, 177.6212615966797, 57.811790466308594)",1,3.955841064453125,1,"(7.919216632843018, 11.843137741088867, 664.91650390625)",1,"(0.51548171043396, 0.43944892287254333)","(9.648381233215332, 174.20712280273438, 56.56916809082031)",1,4.110107421875,1,"(76.40223693847656, 2.0085930824279785, 660.3768310546875)",1
3007382383,2979060366,"(0.5260981321334839, 0.4303365647792816)","(15.52246379852295, 176.87213134765625, 57.539119720458984)",1,3.9399566650390625,1,"(9.327648162841797, 12.1602201461792, 665.5419921875)",1,"(0.5110415816307068, 0.44363483786582947)","(7.191644191741943, 172.98289489746094, 56.12361526489258)",1,4.101165771484375,1,"(77.92117309570312, 2.0837409496307373, 660.9168701171875)",1
3007398931,2979076914,"(0.5269869565963745, 0.4330648183822632)","(16.014217376708984, 176.07421875, 57.248714447021484)",1,3.9471588134765625,1,"(10.638419151306152, 12.440681457519531, 666.214111328125)",1,"(0.5117091536521912, 0.4474338889122009)","(7.560999393463135, 171.871826171875, 55.71923065185547)",1,4.096466064453125,1,"(79.12581634521484, 2.1494672298431396, 661.445068359375)",1
3007415649,2979093632,"(0.5246435403823853, 0.4333151876926422)","(14.717650413513184, 176.00099182128906, 57.222103118896484)",1,3.9465484619140625,1,"(11.431981086730957, 12.614272117614746, 666.5660400390625)",1,"(0.5139514803886414, 0.4410366714000702)","(8.801673889160156, 173.7427215576172, 56.400211334228516)",1,4.0999908447265625,1,"(79.76329803466797, 2.1689319610595703, 661.6920166015625)",1
3007432395,2979110378,"(0.5238568186759949, 0.4293835163116455)","(14.282361030578613, 177.1508331298828, 57.640625)",1,3.9526519775390625,1,"(12.541057586669922, 12.86679744720459, 667.039306640625)",1,"(0.5110800266265869, 0.44026026129722595)","(7.212923049926758, 173.96983337402344, 56.482818603515625)",1,4.096832275390625,1,"(80.93600463867188, 2.252934217453003, 662.0989379882812)",1
3007448874,2979126857,"(0.5235863924026489, 0.4432404935359955)","(14.132719993591309, 173.0981903076172, 56.16556930541992)",1,3.9669036865234375,1,"(13.520082473754883, 13.149083137512207, 667.6727905273438)",1,"(0.5143208503723145, 0.45007577538490295)","(9.006086349487305, 171.09915161132812, 55.43797302246094)",1,4.1001739501953125,1,"(81.8253402709961, 2.3619167804718018, 662.640380859375)",1
3007465615,2979143598,"(0.5266312956809998, 0.43789708614349365)","(15.817429542541504, 174.66094970703125, 56.73436737060547)",1,3.9556884765625,1,"(14.124491691589355, 13.341631889343262, 668.2305908203125)",1,"(0.5139576196670532, 0.446328341960907)","(8.805107116699219, 172.19515991210938, 55.836883544921875)",1,4.099853515625,1,"(82.3335952758789, 2.416532039642334, 663.0614013671875)",1
3007482213,2979160196,"(0.529007077217102, 0.41869837045669556)","(17.131967544555664, 180.27584838867188, 58.77803039550781)",1,3.952972412109375,1,"(14.949172973632812, 13.581337928771973, 668.8921508789062)",1,"(0.5127879977226257, 0.4522762894630432)","(8.157939910888672, 170.45559692382812, 55.20374298095703)",1,4.09613037109375,1,"(83.24839782714844, 2.5639443397521973, 663.7173461914062)",1
3007498812,2979176795,"(0.5278613567352295, 0.43392595648765564)","(16.498018264770508, 175.82237243652344, 57.157073974609375)",1,3.9667510986328125,1,"(15.70711612701416, 13.811152458190918, 669.2984008789062)",1,"(0.5138691663742065, 0.4489680528640747)","(8.75617504119873, 171.42311096191406, 55.55584716796875)",1,4.0922088623046875,1,"(83.92973327636719, 2.6459109783172607, 664.0437622070312)",1
3007515581,2979193564,"(0.5243354439735413, 0.4299596846103668)","(14.547122955322266, 176.98236083984375, 57.57926559448242)",1,3.95782470703125,1,"(16.163957595825195, 13.92353343963623, 669.6057739257812)",1,"(0.5150576829910278, 0.440643846988678)","(9.413778305053711, 173.85765075683594, 56.44195556640625)",1,4.09625244140625,1,"(84.27320861816406, 2.668250322341919, 664.25439453125)",1
3007532225,2979210209,"(0.5245569944381714, 0.4196772575378418)","(14.669743537902832, 179.9895782470703, 58.67375946044922)",1,3.9556884765625,1,"(16.77133560180664, 14.062870025634766, 670.2904052734375)",1,"(0.5115382075309753, 0.4416533410549164)","(7.466428756713867, 173.5624237060547, 56.33451843261719)",1,4.1014251708984375,1,"(84.95622253417969, 2.714280366897583, 664.9588623046875)",1
3007548750,2979226734,"(0.5258983373641968, 0.4290143549442291)","(15.411945343017578, 177.25880432128906, 57.67988204956055)",1,3.94964599609375,1,"(17.29561996459961, 14.20765495300293, 671.0609130859375)",1,"(0.5088773369789124, 0.4464072585105896)","(5.994129180908203, 172.17208862304688, 55.8284797668457)",1,4.111572265625,1,"(85.47183227539062, 2.7344307899475098, 665.6672973632812)",1
3007565451,2979243435,"(0.5246524810791016, 0.4328600764274597)","(14.72258472442627, 176.13409423828125, 57.270503997802734)",1,3.962799072265625,1,"(17.608877182006836, 14.261816024780273, 671.4683227539062)",1,"(0.5127392411231995, 0.443999707698822)","(8.13094711303711, 172.87619018554688, 56.08477020263672)",1,4.106353759765625,1,"(85.70731353759766, 2.723501205444336, 665.9761352539062)",1
3007582141,2979260125,"(0.5256475210189819, 0.42464780807495117)","(15.273097038269043, 178.53587341308594, 58.144691467285156)",1,3.973541259765625,1,"(18.008609771728516, 14.295055389404297, 672.2925415039062)",1,"(0.5120733380317688, 0.4410721957683563)","(7.762548923492432, 173.7323455810547, 56.39638137817383)",1,4.1121978759765625,1,"(86.19210052490234, 2.671671152114868, 666.86279296875)",1
3007598685,2979276669,"(0.5184313058853149, 0.4218098521232605)","(11.280427932739258, 179.3658447265625, 58.446807861328125)",1,3.963409423828125,1,"(18.37700653076172, 14.319409370422363, 673.23583984375)",1,"(0.5122941136360168, 0.44469958543777466)","(7.884682655334473, 172.6714630126953, 56.0102653503418)",1,4.1219329833984375,1,"(86.56315612792969, 2.630096673965454, 667.7614135742188)",1
3007615417,2979293401,"(0.5214522480964661, 0.4209698736667633)","(12.951926231384277, 179.61151123046875, 58.536224365234375)",1,3.9632568359375,1,"(18.55926513671875, 14.31306266784668, 673.8258056640625)",1,"(0.5117130875587463, 0.4513790011405945)","(7.563205718994141, 170.71800231933594, 55.29924392700195)",1,4.1200714111328125,1,"(86.74292755126953, 2.6169748306274414, 668.2156982421875)",1
3007632057,2979310041,"(0.5278543829917908, 0.42059361934661865)","(16.494190216064453, 179.72157287597656, 58.57625198364258)",1,3.974090576171875,1,"(18.745826721191406, 14.303203582763672, 674.4622192382812)",1,"(0.512877881526947, 0.447846382856369)","(8.207671165466309, 171.7511749267578, 55.67530059814453)",1,4.125701904296875,1,"(87.00325775146484, 2.572622299194336, 668.9138793945312)",1
3007648613,2979326597,"(0.5289922952651978, 0.4295291006565094)","(17.123798370361328, 177.10829162597656, 57.62509536743164)",1,3.9852447509765625,1,"(18.870708465576172, 14.304417610168457, 675.060791015625)",1,"(0.5133284330368042, 0.4530169665813446)","(8.456908226013184, 170.23898315429688, 55.1248893737793)",1,4.138885498046875,1,"(87.15494537353516, 2.559356927871704, 669.5201416015625)",1
3007665286,2979343270,"(0.5292366743087769, 0.423576295375824)","(17.25901985168457, 178.8492889404297, 58.258724212646484)",1,3.97540283203125,1,"(18.921302795410156, 14.310046195983887, 675.6329956054688)",1,"(0.5135707855224609, 0.4516921937465668)","(8.591082572937012, 170.6264190673828, 55.265907287597656)",1,4.143646240234375,1,"(87.22076416015625, 2.561474084854126, 669.9832153320312)",1
3007681972,2979359957,"(0.5280667543411255, 0.41982734203338623)","(16.611675262451172, 179.9456787109375, 58.65779495239258)",1,3.964630126953125,1,"(18.936267852783203, 14.30477237701416, 676.62158203125)",1,"(0.5121257901191711, 0.440777063369751)","(7.791557788848877, 173.8186798095703, 56.42781448364258)",1,4.133819580078125,1,"(87.34705352783203, 2.549614191055298, 671.0969848632812)",1
3007698538,2979376523,"(0.5296333432197571, 0.4170318841934204)","(17.478485107421875, 180.76324462890625, 58.955406188964844)",1,3.958404541015625,1,"(18.868120193481445, 14.278553009033203, 677.2297973632812)",1,"(0.5136271119117737, 0.442425400018692)","(8.622231483459473, 173.3365936279297, 56.25232696533203)",1,4.1259765625,1,"(87.32904815673828, 2.5533833503723145, 671.6898803710938)",1
3007715252,2979393237,"(0.5302882194519043, 0.42228052020072937)","(17.840839385986328, 179.2282257080078, 58.396724700927734)",1,3.9760589599609375,1,"(18.81349754333496, 14.281804084777832, 677.7364501953125)",1,"(0.5167466402053833, 0.44510918855667114)","(10.348252296447754, 172.55172729492188, 55.96663284301758)",1,4.1298370361328125,1,"(87.3115234375, 2.5706801414489746, 672.1318359375)",1
3007731887,2979409872,"(0.5264415144920349, 0.4261138439178467)","(15.712441444396973, 178.1071319580078, 57.98868942260742)",1,3.974700927734375,1,"(18.715782165527344, 14.296934127807617, 678.6375122070312)",1,"(0.5133726596832275, 0.4437122941017151)","(8.481443405151367, 172.9602508544922, 56.11531448364258)",1,4.1174774169921875,1,"(87.3017578125, 2.6221516132354736, 673.1657104492188)",1
3007748468,2979426453,"(0.5256745219230652, 0.42127496004104614)","(15.288057327270508, 179.52230834960938, 58.50375747680664)",1,3.9673614501953125,1,"(18.576913833618164, 14.309596061706543, 679.513916015625)",1,"(0.515989363193512, 0.441078782081604)","(9.92927074432373, 173.73043823242188, 56.39564514160156)",1,4.1111907958984375,1,"(87.25196075439453, 2.675048589706421, 673.9899291992188)",1
3007765121,2979443106,"(0.5277752876281738, 0.41995978355407715)","(16.45043182373047, 179.90695190429688, 58.64373779296875)",1,3.972076416015625,1,"(18.461528778076172, 14.30832290649414, 679.92333984375)",1,"(0.5193042755126953, 0.437492698431015)","(11.763440132141113, 174.77920532226562, 56.777381896972656)",1,4.1275787353515625,1,"(87.19902801513672, 2.6932992935180664, 674.3375854492188)",1
3007781802,2979459787,"(0.525151789188385, 0.41506144404411316)","(14.998818397521973, 181.33953857421875, 59.165130615234375)",1,3.9550933837890625,1,"(18.277725219726562, 14.305314064025879, 680.5147705078125)",1,"(0.5172756314277649, 0.4327442944049835)","(10.640954971313477, 176.16795349121094, 57.28289031982422)",1,4.116607666015625,1,"(87.06768035888672, 2.7569806575775146, 675.0202026367188)",1
3007798388,2979476373,"(0.5235137939453125, 0.4095545709133148)","(14.09252643585205, 182.95005798339844, 59.7513313293457)",1,3.962432861328125,1,"(18.05880355834961, 14.285924911499023, 681.1272583007812)",1,"(0.517552375793457, 0.4363422989845276)","(10.794063568115234, 175.1156768798828, 56.89988708496094)",1,4.1058807373046875,1,"(86.9383544921875, 2.8253743648529053, 675.6373901367188)",1
3007815087,2979493072,"(0.5272067785263062, 0.40976694226264954)","(16.13589859008789, 182.88792419433594, 59.72876739501953)",1,3.9622344970703125,1,"(17.881242752075195, 14.274670600891113, 681.6112060546875)",1,"(0.5145775079727173, 0.4424639940261841)","(9.148064613342285, 173.3253173828125, 56.24824523925781)",1,4.099212646484375,1,"(86.87734985351562, 2.8620269298553467, 676.0494995117188)",1
3007831718,2979509703,"(0.5220932364463806, 0.40928712487220764)","(13.306554794311523, 183.02825927734375, 59.779842376708984)",1,3.9532623291015625,1,"(17.62761878967285, 14.264992713928223, 682.1067504882812)",1,"(0.5180709958076477, 0.4319584369659424)","(11.081036567687988, 176.39776611328125, 57.36652374267578)",1,4.079559326171875,1,"(86.6686019897461, 2.9161951541900635, 676.6430053710938)",1
3007848308,2979526294,"(0.5180341005325317, 0.4094558656215668)","(11.06061840057373, 182.97894287109375, 59.7618522644043)",1,3.945587158203125,1,"(17.335065841674805, 14.240310668945312, 682.1533203125)",1,"(0.518250584602356, 0.42563992738723755)","(11.18043327331543, 178.2456817626953, 58.039093017578125)",1,4.07073974609375,1,"(86.43255615234375, 2.948195695877075, 676.7009887695312)",1
3007865053,2979543039,"(0.5243945121765137, 0.41654160618782043)","(14.579822540283203, 180.90663146972656, 59.00758361816406)",1,3.9425048828125,1,"(17.12540626525879, 14.221763610839844, 682.2783813476562)",1,"(0.5170050859451294, 0.4308544993400574)","(10.491284370422363, 176.7206268310547, 57.48400115966797)",1,4.0902252197265625,1,"(86.31470489501953, 2.9570977687835693, 676.8158569335938)",1
3007881634,2979559620,"(0.5271550416946411, 0.40664833784103394)","(16.107210159301758, 183.80001831054688, 60.06068801879883)",1,3.947265625,1,"(16.841005325317383, 14.137494087219238, 682.4210815429688)",1,"(0.5189127326011658, 0.4255136251449585)","(11.54679012298584, 178.28265380859375, 58.05250930786133)",1,4.0829620361328125,1,"(86.06951141357422, 2.943056106567383, 677.0059204101562)",1
3007898228,2979576214,"(0.5258768796920776, 0.3814705014228821)","(15.400033950805664, 191.16358947753906, 62.740779876708984)",1,3.930694580078125,1,"(16.5665340423584, 14.097774505615234, 682.5026245117188)",1,"(0.5201700925827026, 0.4025304317474365)","(12.242478370666504, 185.00436401367188, 60.4990119934082)",1,4.091552734375,1,"(85.77983856201172, 2.964542865753174, 677.0991821289062)",1
3007914922,2979592908,"(0.5196581482887268, 0.35748007893562317)","(11.959187507629395, 198.1798553466797, 65.29450988769531)",1,3.9384918212890625,1,"(16.40266227722168, 14.059731483459473, 682.5574340820312)",1,"(0.5182499289512634, 0.3913605809211731)","(11.18002700805664, 188.27110290527344, 61.688045501708984)",1,4.0886993408203125,1,"(85.62932586669922, 3.005620002746582, 677.18798828125)",1
3007931549,2979609535,"(0.5204683542251587, 0.3522815406322479)","(12.407490730285645, 199.7002410888672, 65.847900390625)",1,3.93524169921875,1,"(16.06125259399414, 13.971881866455078, 682.4902954101562)",1,"(0.5225650072097778, 0.37731215357780457)","(13.567530632019043, 192.37973022460938, 63.18347930908203)",1,4.0853271484375,1,"(85.33175659179688, 2.9864838123321533, 677.1395263671875)",1
3007948148,2979626134,"(0.5245821475982666, 0.35582736134529114)","(14.683703422546387, 198.6632080078125, 65.47049713134766)",1,3.931793212890625,1,"(15.675788879394531, 13.860358238220215, 682.7113647460938)",1,"(0.5193926095962524, 0.37810537219047546)","(11.812268257141113, 192.14773559570312, 63.09902572631836)",1,4.086822509765625,1,"(85.07109069824219, 2.950855016708374, 677.4027709960938)",1
3007964792,2979642778,"(0.5244473218917847, 0.35301473736763)","(14.6090669631958, 199.48577880859375, 65.76988220214844)",1,3.92864990234375,1,"(15.422087669372559, 13.756553649902344, 682.7626953125)",1,"(0.5168612003326416, 0.38522499799728394)","(10.411654472351074, 190.06553649902344, 62.341148376464844)",1,4.0862274169921875,1,"(84.90447235107422, 2.931715488433838, 677.478759765625)",1
3007981464,2979659450,"(0.5237770676612854, 0.3535710871219635)","(14.238165855407715, 199.3231201171875, 65.71060943603516)",1,3.92529296875,1,"(15.01615047454834, 13.570935249328613, 682.6017456054688)",1,"(0.520034670829773, 0.3741956055164337)","(12.167521476745605, 193.2912139892578, 63.51518249511719)",1,4.0722503662109375,1,"(84.49829864501953, 2.8206241130828857, 677.3402709960938)",1
3007998063,2979676050,"(0.5219407677650452, 0.35743188858032227)","(13.222220420837402, 198.19393920898438, 65.2996597290039)",1,3.9429168701171875,1,"(14.609046936035156, 13.384949684143066, 682.33984375)",1,"(0.5201157331466675, 0.3759915828704834)","(12.212407112121582, 192.7659912109375, 63.32396697998047)",1,4.0811767578125,1,"(84.13581085205078, 2.709932565689087, 677.1370239257812)",1
3008014758,2979692745,"(0.5242381691932678, 0.3558933734893799)","(14.493318557739258, 198.64389038085938, 65.46342468261719)",1,3.9455413818359375,1,"(14.305319786071777, 13.280840873718262, 682.3380126953125)",1,"(0.5178543925285339, 0.3832872211933136)","(10.961203575134277, 190.63226318359375, 62.547386169433594)",1,4.089996337890625,1,"(83.93777465820312, 2.675051212310791, 677.1482543945312)",1
3008031379,2979709366,"(0.5232422351837158, 0.3590486943721771)","(13.942243576049805, 197.72109985351562, 65.1275405883789)",1,3.9512481689453125,1,"(13.879945755004883, 13.11818790435791, 682.277099609375)",1,"(0.5197828412055969, 0.3786185681819916)","(12.02817440032959, 191.99766540527344, 63.044395446777344)",1,4.0873870849609375,1,"(83.51461029052734, 2.6009521484375, 677.1253051757812)",1
3008047983,2979725970,"(0.5241349339485168, 0.35631582140922546)","(14.43623161315918, 198.52037048339844, 65.41844940185547)",1,3.9542999267578125,1,"(13.441866874694824, 12.949609756469727, 681.9224853515625)",1,"(0.5170053243637085, 0.3709232211112976)","(10.491382598876953, 194.24830627441406, 63.863494873046875)",1,4.0800323486328125,1,"(83.11625671386719, 2.5456511974334717, 676.8131713867188)",1
3008064628,2979742615,"(0.523276150226593, 0.3524729013442993)","(13.96104907989502, 199.644287109375, 65.82752990722656)",1,3.9514312744140625,1,"(13.145553588867188, 12.838891983032227, 681.8899536132812)",1,"(0.5186047554016113, 0.37074294686317444)","(11.376362800598145, 194.30099487304688, 63.882694244384766)",1,4.094818115234375,1,"(82.90557861328125, 2.521193504333496, 676.8101806640625)",1
3008081391,2979759378,"(0.523267388343811, 0.35222309827804565)","(13.956218719482422, 199.7173309326172, 65.8541030883789)",1,3.9530181884765625,1,"(12.693565368652344, 12.6721830368042, 681.9588012695312)",1,"(0.5203161835670471, 0.366520494222641)","(12.323284149169922, 195.53587341308594, 64.33223724365234)",1,4.098175048828125,1,"(82.47990417480469, 2.487670421600342, 676.9337158203125)",1
3008097893,2979775880,"(0.5284209251403809, 0.35750851035118103)","(16.80765151977539, 198.17153930664062, 65.29148864746094)",1,3.9630279541015625,1,"(12.209787368774414, 12.498855590820312, 681.9907836914062)",1,"(0.5197059512138367, 0.37215447425842285)","(11.985649108886719, 193.88815307617188, 63.732486724853516)",1,4.116607666015625,1,"(82.1040267944336, 2.448941946029663, 676.975341796875)",1
3008114594,2979792581,"(0.524383544921875, 0.35542330145835876)","(14.573786735534668, 198.78138732910156, 65.51348114013672)",1,3.9680328369140625,1,"(11.89638900756836, 12.364908218383789, 681.78955078125)",1,"(0.5168846845626831, 0.37557122111320496)","(10.424662590026855, 192.88890075683594, 63.36878204345703)",1,4.1177215576171875,1,"(81.84925842285156, 2.432629108428955, 676.83984375)",1
3008131211,2979809198,"(0.5227829217910767, 0.3540101647377014)","(13.688129425048828, 199.19468688964844, 65.66387176513672)",1,3.9795074462890625,1,"(11.404882431030273, 12.166618347167969, 681.4586181640625)",1,"(0.5178841352462769, 0.3829140365123749)","(10.977622985839844, 190.74139404296875, 62.58715057373047)",1,4.1143951416015625,1,"(81.33917999267578, 2.3759920597076416, 676.5211181640625)",1
3008147809,2979825797,"(0.5206125974655151, 0.3438873291015625)","(12.487309455871582, 202.1552276611328, 66.74146270751953)",1,3.9859161376953125,1,"(10.936469078063965, 11.964226722717285, 681.1807250976562)",1,"(0.5174868106842041, 0.3734731376171112)","(10.757798194885254, 193.5025177001953, 63.59207534790039)",1,4.128448486328125,1,"(80.9243392944336, 2.317214250564575, 676.3148193359375)",1
3008164463,2979842451,"(0.5211202502250671, 0.34225621819496155)","(12.768190383911133, 202.6322784423828, 66.91507720947266)",1,3.97216796875,1,"(10.628314971923828, 11.848254203796387, 681.0313110351562)",1,"(0.5182548761367798, 0.3720848560333252)","(11.18277359008789, 193.9085235595703, 63.73987579345703)",1,4.1348876953125,1,"(80.68412780761719, 2.297619581222534, 676.2027587890625)",1
3008181126,2979859114,"(0.5201289057731628, 0.34185418486595154)","(12.219667434692383, 202.7498321533203, 66.9579086303711)",1,3.9804534912109375,1,"(10.176836013793945, 11.672636985778809, 680.9976806640625)",1,"(0.5188734531402588, 0.36842796206474304)","(11.524999618530273, 194.97802734375, 64.12918090820312)",1,4.1497650146484375,1,"(80.26435089111328, 2.30135178565979, 676.2106323242188)",1
3008197720,2979875708,"(0.5228480696678162, 0.3463473916053772)","(13.724174499511719, 201.4357452392578, 66.47957611083984)",1,3.99786376953125,1,"(9.712210655212402, 11.50676441192627, 680.8948974609375)",1,"(0.519043505191803, 0.36383605003356934)","(11.619122505187988, 196.32101440429688, 64.61792755126953)",1,4.1618499755859375,1,"(79.88209533691406, 2.3214809894561768, 676.1353149414062)",1
3008214429,2979892417,"(0.5225089192390442, 0.3408253788948059)","(13.53650951385498, 203.05072021484375, 67.0673828125)",1,4.0035552978515625,1,"(9.412540435791016, 11.379860877990723, 680.7374267578125)",1,"(0.5197784900665283, 0.3643566071987152)","(12.025812149047852, 196.1687469482422, 64.5625228881836)",1,4.15301513671875,1,"(79.65567016601562, 2.3316590785980225, 676.0269165039062)",1
3008231138,2979909126,"(0.5223134160041809, 0.3339565694332123)","(13.428346633911133, 205.0596160888672, 67.79852294921875)",1,4.011077880859375,1,"(8.933549880981445, 11.145886421203613, 680.2767944335938)",1,"(0.5197881460189819, 0.36409011483192444)","(12.0311279296875, 196.24667358398438, 64.59093475341797)",1,4.1641693115234375,1,"(79.15309143066406, 2.3138270378112793, 675.5676879882812)",1
3008247635,2979925623,"(0.5227442383766174, 0.3382856845855713)","(13.666735649108887, 203.79348754882812, 67.33772277832031)",1,4.017669677734375,1,"(8.455545425415039, 10.92864990234375, 679.903076171875)",1,"(0.517446756362915, 0.36180225014686584)","(10.735639572143555, 196.915771484375, 64.83445739746094)",1,4.1798095703125,1,"(78.724609375, 2.2658820152282715, 675.2748413085938)",1
3008264395,2979942383,"(0.521350622177124, 0.3364851176738739)","(12.895665168762207, 204.32008361816406, 67.52940368652344)",1,4.0294647216796875,1,"(8.126385688781738, 10.772930145263672, 679.8914184570312)",1,"(0.5206965208053589, 0.3628210127353668)","(12.533731460571289, 196.6178436279297, 64.72599029541016)",1,4.180908203125,1,"(78.47113800048828, 2.244429588317871, 675.2863159179688)",1
3008280956,2979958944,"(0.5196020603179932, 0.3478354215621948)","(11.928155899047852, 201.00054931640625, 66.32118225097656)",1,4.0390777587890625,1,"(7.659344673156738, 10.58047866821289, 679.89990234375)",1,"(0.517482578754425, 0.36838462948799133)","(10.755468368530273, 194.9906768798828, 64.13378143310547)",1,4.1891326904296875,1,"(78.02079010009766, 2.1859254837036133, 675.3446655273438)",1
3008297546,2979975535,"(0.5290059447288513, 0.33336514234542847)","(17.131332397460938, 205.23255920410156, 67.86151123046875)",1,4.0533905029296875,1,"(7.196587085723877, 10.36617374420166, 680.0341796875)",1,"(0.519928514957428, 0.36567240953445435)","(12.108800888061523, 195.78392028808594, 64.4224853515625)",1,4.207122802734375,1,"(77.66621398925781, 2.1254031658172607, 675.5195922851562)",1
3008314264,2979992253,"(0.5254105925559998, 0.3312360644340515)","(15.142022132873535, 205.85523986816406, 68.08812713623047)",1,4.0541229248046875,1,"(6.9476752281188965, 10.238059043884277, 680.024658203125)",1,"(0.5196183323860168, 0.3580624461174011)","(11.937150955200195, 198.00955200195312, 65.2325210571289)",1,4.208404541015625,1,"(77.474365234375, 2.081292152404785, 675.5449829101562)",1
3008330872,2980008861,"(0.5235536694526672, 0.3361718952655792)","(14.114598274230957, 204.4116973876953, 67.5627212524414)",1,4.0654449462890625,1,"(6.623045444488525, 10.07492446899414, 679.88427734375)",1,"(0.5181309580802917, 0.359897255897522)","(11.1141996383667, 197.47293090820312, 65.03722381591797)",1,4.2004547119140625,1,"(77.15081024169922, 2.0392208099365234, 675.4253540039062)",1
3008347457,2980025446,"(0.5269585847854614, 0.34100839495658875)","(15.998530387878418, 202.99720764160156, 67.04788970947266)",1,4.0754241943359375,1,"(6.319692134857178, 9.955510139465332, 679.7855224609375)",1,"(0.5192592144012451, 0.35995885729789734)","(11.73851203918457, 197.4549102783203, 65.03065490722656)",1,4.218780517578125,1,"(76.90092468261719, 2.045166254043579, 675.3477783203125)",1
3008364133,2980042122,"(0.5268872976303101, 0.3355383574962616)","(15.9591064453125, 204.59698486328125, 67.63015747070312)",1,4.0838775634765625,1,"(6.13698673248291, 9.887163162231445, 679.6831665039062)",1,"(0.5204210877418518, 0.3566311001777649)","(12.381340980529785, 198.4281768798828, 65.38489532470703)",1,4.23565673828125,1,"(76.75520324707031, 2.0534396171569824, 675.2686767578125)",1
3008380788,2980058777,"(0.5236592888832092, 0.3217901289463043)","(14.173030853271484, 208.61781311035156, 69.09361267089844)",1,4.083648681640625,1,"(5.853144645690918, 9.78479290008545, 679.4601440429688)",1,"(0.5194407105445862, 0.3650917708873749)","(11.838881492614746, 195.95375061035156, 64.4842529296875)",1,4.2379150390625,1,"(76.45704650878906, 2.0826077461242676, 675.051513671875)",1
3008397372,2980075361,"(0.5218842625617981, 0.33918872475624084)","(13.190906524658203, 203.52938842773438, 67.24161529541016)",1,4.0926513671875,1,"(5.548905372619629, 9.702032089233398, 679.3412475585938)",1,"(0.5219902992248535, 0.36274608969688416)","(13.24959945678711, 196.63975524902344, 64.73393249511719)",1,4.25048828125,1,"(76.17535400390625, 2.0704898834228516, 674.9754638671875)",1
3008414099,2980092088,"(0.5243858098983765, 0.3351909816265106)","(14.575004577636719, 204.69854736328125, 67.66714477539062)",1,4.096588134765625,1,"(5.341609477996826, 9.62325382232666, 679.2974243164062)",1,"(0.5224481821060181, 0.3608710765838623)","(13.50294303894043, 197.1881103515625, 64.93352508544922)",1,4.263824462890625,1,"(76.01383972167969, 2.048574924468994, 674.970947265625)",1
3008430703,2980108692,"(0.5308576822280884, 0.31836265325546265)","(18.155902862548828, 209.62022399902344, 69.45844268798828)",1,4.1061248779296875,1,"(5.033874988555908, 9.482271194458008, 679.1009521484375)",1,"(0.5209217667579651, 0.36245009303092957)","(12.658357620239258, 196.726318359375, 64.76549530029297)",1,4.267822265625,1,"(75.6849365234375, 2.002753734588623, 674.794189453125)",1
3008447283,2980125273,"(0.5260929465293884, 0.32676056027412415)","(15.519556045532227, 207.16415405273438, 68.56453704833984)",1,4.110137939453125,1,"(4.783440589904785, 9.395357131958008, 678.7071533203125)",1,"(0.5174239873886108, 0.36761826276779175)","(10.72301197052002, 195.21482849121094, 64.21536254882812)",1,4.270294189453125,1,"(75.41545867919922, 1.969368815422058, 674.4553833007812)",1
3008463969,2980141959,"(0.5241723656654358, 0.33694693446159363)","(14.456915855407715, 204.18502807617188, 67.48023986816406)",1,4.1359100341796875,1,"(4.642153739929199, 9.372234344482422, 678.7759399414062)",1,"(0.5144427418708801, 0.37397322058677673)","(9.073522567749023, 193.3562774658203, 63.53887176513672)",1,4.287109375,1,"(75.31063842773438, 1.9705909490585327, 674.5270385742188)",1
3008480618,2980158608,"(0.5229455232620239, 0.3277081251144409)","(13.778099060058594, 206.8870391845703, 68.46368408203125)",1,4.1280059814453125,1,"(4.460861682891846, 9.326642036437988, 678.6288452148438)",1,"(0.5178936719894409, 0.3664338290691376)","(10.98292350769043, 195.56121826171875, 64.3414306640625)",1,4.2881927490234375,1,"(75.11190032958984, 1.9962589740753174, 674.389404296875)",1
3008497199,2980175189,"(0.5247790217399597, 0.3267146646976471)","(14.792581558227539, 207.1775665283203, 68.56941223144531)",1,4.1353759765625,1,"(4.319436073303223, 9.304222106933594, 678.380126953125)",1,"(0.5197955965995789, 0.3601488173007965)","(12.03525447845459, 197.39935302734375, 65.01045989990234)",1,4.28900146484375,1,"(74.97940063476562, 2.040457010269165, 674.1561279296875)",1
3008513935,2980191925,"(0.5242770910263062, 0.32743898034095764)","(14.514861106872559, 206.9657440185547, 68.4923095703125)",1,4.1493072509765625,1,"(4.239184856414795, 9.2984037399292, 678.2862548828125)",1,"(0.5180747509002686, 0.3601682782173157)","(11.083110809326172, 197.39366149902344, 65.00837707519531)",1,4.2946624755859375,1,"(74.9151382446289, 2.0731685161590576, 674.0716552734375)",1
3008530533,2980208523,"(0.5269283056259155, 0.3285197615623474)","(15.981797218322754, 206.64967346191406, 68.37725830078125)",1,4.1578369140625,1,"(4.112243175506592, 9.274761199951172, 678.1669311523438)",1,"(0.518568754196167, 0.3634812831878662)","(11.356465339660645, 196.42474365234375, 64.6557388305664)",1,4.2924957275390625,1,"(74.78230285644531, 2.124328851699829, 673.950439453125)",1
3008547114,2980225104,"(0.5254631638526917, 0.3314796984195709)","(15.171134948730469, 205.78399658203125, 68.06217956542969)",1,4.1581573486328125,1,"(3.953697443008423, 9.253127098083496, 678.2236938476562)",1,"(0.5189246535301208, 0.3635677695274353)","(11.553369522094727, 196.39944458007812, 64.64654541015625)",1,4.313873291015625,1,"(74.65550231933594, 2.1326699256896973, 674.0390014648438)",1
3008563805,2980241795,"(0.5256127715110779, 0.3262264132499695)","(15.253910064697266, 207.32037353515625, 68.62137603759766)",1,4.159881591796875,1,"(3.8315608501434326, 9.216167449951172, 678.4077758789062)",1,"(0.5188658833503723, 0.360781192779541)","(11.520853996276855, 197.21438598632812, 64.94316101074219)",1,4.3125152587890625,1,"(74.58480072021484, 2.1205174922943115, 674.2164916992188)",1
3008580545,2980258535,"(0.5267384052276611, 0.3380298316478729)","(15.876731872558594, 203.86830139160156, 67.36498260498047)",1,4.17364501953125,1,"(3.650203227996826, 9.185636520385742, 678.6544189453125)",1,"(0.5203699469566345, 0.35704633593559265)","(12.353038787841797, 198.30673217773438, 65.34064483642578)",1,4.33148193359375,1,"(74.427490234375, 2.0988385677337646, 674.51025390625)",1
3008597029,2980275020,"(0.5262333750724792, 0.32881981134414673)","(15.59730339050293, 206.56190490722656, 68.3453140258789)",1,4.17327880859375,1,"(3.485645294189453, 9.127814292907715, 678.7481079101562)",1,"(0.5204401016235352, 0.3545932173728943)","(12.391834259033203, 199.024169921875, 65.60184478759766)",1,4.333221435546875,1,"(74.29025268554688, 2.088282346725464, 674.6019287109375)",1
3008613771,2980291762,"(0.5251210927963257, 0.3269178867340088)","(14.981876373291016, 207.11813354492188, 68.54779815673828)",1,4.172088623046875,1,"(3.4060449600219727, 9.100373268127441, 678.6542358398438)",1,"(0.5185131430625916, 0.3581678867340088)","(11.325666427612305, 197.9787139892578, 65.22132873535156)",1,4.336669921875,1,"(74.21508026123047, 2.1014158725738525, 674.5347900390625)",1
3008630365,2980308356,"(0.5236448645591736, 0.32915282249450684)","(14.165068626403809, 206.46449279785156, 68.30995178222656)",1,4.162689208984375,1,"(3.3142499923706055, 9.081283569335938, 678.292724609375)",1,"(0.5201551914215088, 0.36367228627204895)","(12.23423957824707, 196.36888122558594, 64.63536071777344)",1,4.3240966796875,1,"(74.0830307006836, 2.147745370864868, 674.150634765625)",1
3008646944,2980324935,"(0.5280568599700928, 0.330220490694046)","(16.60621452331543, 206.15225219726562, 68.19625091552734)",1,4.146514892578125,1,"(3.24055814743042, 9.07127857208252, 677.9467163085938)",1,"(0.5178885459899902, 0.3684214651584625)","(10.980087280273438, 194.9799346923828, 64.12980651855469)",1,4.33477783203125,1,"(73.9955062866211, 2.194972038269043, 673.8203125)",1
3008663640,2980341631,"(0.5299506783485413, 0.3263002336025238)","(17.654067993164062, 207.2987823486328, 68.61353302001953)",1,4.1602630615234375,1,"(3.1942508220672607, 9.049893379211426, 677.7327270507812)",1,"(0.5174006223678589, 0.3637855350971222)","(10.710094451904297, 196.3357696533203, 64.62330627441406)",1,4.323272705078125,1,"(73.9437026977539, 2.2116777896881104, 673.6424560546875)",1
3008680377,2980358368,"(0.5260729789733887, 0.327044278383255)","(15.508553504943848, 207.0811767578125, 68.53436279296875)",1,4.1466064453125,1,"(3.1245222091674805, 9.0305757522583, 677.429931640625)",1,"(0.5184622406959534, 0.36128178238868713)","(11.297477722167969, 197.06802368164062, 64.88988494873047)",1,4.319671630859375,1,"(73.8270263671875, 2.245439052581787, 673.3173217773438)",1
3008696864,2980374855,"(0.526983916759491, 0.3376610577106476)","(16.01254653930664, 203.9761962890625, 67.40422058105469)",1,4.134246826171875,1,"(2.9981327056884766, 9.00114631652832, 677.1397705078125)",1,"(0.5207263231277466, 0.3613130450248718)","(12.550195693969727, 197.05885314941406, 64.88656616210938)",1,4.306488037109375,1,"(73.67129516601562, 2.249962568283081, 673.02294921875)",1
3008713606,2980391597,"(0.5262494683265686, 0.33637258410453796)","(15.60623550415039, 204.3529815673828, 67.54135131835938)",1,4.1409759521484375,1,"(2.8857908248901367, 8.94965648651123, 676.9307861328125)",1,"(0.5195052027702332, 0.3576059341430664)","(11.874595642089844, 198.14303588867188, 65.2811508178711)",1,4.2922821044921875,1,"(73.55870056152344, 2.2463934421539307, 672.8575439453125)",1
3008730292,2980408283,"(0.5262606143951416, 0.3362717926502228)","(15.612373352050781, 204.38246154785156, 67.55208587646484)",1,4.131683349609375,1,"(2.708871364593506, 8.900934219360352, 676.8450317382812)",1,"(0.5199440717697144, 0.3594436049461365)","(12.117402076721191, 197.6056365966797, 65.08545684814453)",1,4.2861175537109375,1,"(73.36376953125, 2.236278533935547, 672.7826538085938)",1
3008746780,2980424772,"(0.5269911289215088, 0.33815497159957886)","(16.01654052734375, 203.83172607421875, 67.35163116455078)",1,4.1232147216796875,1,"(2.549060344696045, 8.87914752960205, 676.73291015625)",1,"(0.5192511677742004, 0.363263875246048)","(11.73402214050293, 196.48834228515625, 64.67887115478516)",1,4.2823638916015625,1,"(73.1944580078125, 2.25240421295166, 672.6917724609375)",1
3008763475,2980441467,"(0.5265623927116394, 0.3358079493045807)","(15.77933120727539, 204.51815795898438, 67.6014633178711)",1,4.1051025390625,1,"(2.458596706390381, 8.878582000732422, 676.6550903320312)",1,"(0.5204249620437622, 0.36183130741119385)","(12.383482933044434, 196.90728759765625, 64.83139038085938)",1,4.2534332275390625,1,"(73.10978698730469, 2.2765798568725586, 672.6317138671875)",1
3008780207,2980458199,"(0.5402276515960693, 0.3362627923488617)","(23.34031867980957, 204.3850860595703, 67.55303192138672)",1,4.0821685791015625,1,"(2.4871675968170166, 8.899615287780762, 676.7620239257812)",1,"(0.538225531578064, 0.3737693130970001)","(22.232528686523438, 193.41587829589844, 63.560611724853516)",1,4.2517547607421875,1,"(73.09017944335938, 2.3604989051818848, 672.74365234375)",1
3008796700,2980474692,"(0.5617020130157471, 0.33177945017814636)","(35.22209930419922, 205.69627380371094, 68.03028869628906)",1,4.08160400390625,1,"(2.5540597438812256, 8.941315650939941, 676.8399047851562)",1,"(0.5558322668075562, 0.36641451716423035)","(31.9743595123291, 195.56689453125, 64.34346008300781)",1,4.216400146484375,1,"(73.12933349609375, 2.456897735595703, 672.8011474609375)",1
3008813441,2980491433,"(0.5705921053886414, 0.3305380642414093)","(40.14092254638672, 206.0593719482422, 68.16241455078125)",1,4.0594940185546875,1,"(2.5088956356048584, 8.977672576904297, 676.393798828125)",1,"(0.5627200603485107, 0.3579772710800171)","(35.785343170166016, 198.0344696044922, 65.2415771484375)",1,4.2022247314453125,1,"(73.07391357421875, 2.482922077178955, 672.39453125)",1
3008830122,2980508114,"(0.569084882736206, 0.33230310678482056)","(39.30702209472656, 205.5431671142578, 67.97453308105469)",1,4.0519256591796875,1,"(2.456728935241699, 9.01102066040039, 676.1474609375)",1,"(0.5586485862731934, 0.36327385902404785)","(33.53260803222656, 196.48536682128906, 64.67784881591797)",1,4.1897735595703125,1,"(72.99214935302734, 2.592043876647949, 672.1206665039062)",1
3008846620,2980524612,"(0.5681696534156799, 0.32790088653564453)","(38.800621032714844, 206.83062744140625, 68.44312286376953)",1,4.0288543701171875,1,"(2.3407227993011475, 9.031461715698242, 675.9784545898438)",1,"(0.5582117438316345, 0.36597341299057007)","(33.29091262817383, 195.6958770751953, 64.3904800415039)",1,4.1762542724609375,1,"(72.86882019042969, 2.6539602279663086, 671.9443969726562)",1
3008863310,2980541302,"(0.5633875727653503, 0.3225019872188568)","(36.154693603515625, 208.40963745117188, 69.01781463623047)",1,4.0225067138671875,1,"(2.2464582920074463, 9.008003234863281, 675.5919799804688)",1,"(0.5607906579971313, 0.3713667094707489)","(34.717796325683594, 194.11854553222656, 63.816375732421875)",1,4.169952392578125,1,"(72.75529479980469, 2.6621360778808594, 671.63720703125)",1
3008879942,2980557934,"(0.5626496076583862, 0.3217323422431946)","(35.74637222290039, 208.63470458984375, 69.09978485107422)",1,4.0052337646484375,1,"(2.074585199356079, 8.958690643310547, 675.3108520507812)",1,"(0.5577071309089661, 0.36981189250946045)","(33.01170349121094, 194.57327270507812, 63.98183822631836)",1,4.14697265625,1,"(72.5482177734375, 2.6607325077056885, 671.3408203125)",1
3008896536,2980574529,"(0.5641436576843262, 0.32634061574935913)","(36.57304000854492, 207.28697204589844, 68.60920715332031)",1,4.0101776123046875,1,"(1.8961961269378662, 8.890593528747559, 675.0640869140625)",1,"(0.5560210943222046, 0.373985230922699)","(32.0788688659668, 193.35275268554688, 63.5375862121582)",1,4.1441802978515625,1,"(72.37731170654297, 2.6383464336395264, 671.1256103515625)",1
3008913276,2980591269,"(0.5657525062561035, 0.3332889676094055)","(37.46320724487305, 205.25482177734375, 67.8696060180664)",1,4.02349853515625,1,"(1.8053210973739624, 8.857465744018555, 675.0415649414062)",1,"(0.5608128309249878, 0.37371888756752014)","(34.73014450073242, 193.4306182861328, 63.56593704223633)",1,4.1403961181640625,1,"(72.29959106445312, 2.630990982055664, 671.1143798828125)",1
3008929954,2980607947,"(0.5628655552864075, 0.3283449709415436)","(35.865909576416016, 206.70074462890625, 68.39593505859375)",1,4.00213623046875,1,"(1.7116453647613525, 8.829497337341309, 675.000732421875)",1,"(0.5561885833740234, 0.37267395853996277)","(32.171485900878906, 193.73623657226562, 63.67721176147461)",1,4.133880615234375,1,"(72.21380615234375, 2.644871473312378, 671.0755004882812)",1
3008946451,2980624444,"(0.5645007491111755, 0.3354733884334564)","(36.77060317993164, 204.61599731445312, 67.6370620727539)",1,3.9847412109375,1,"(1.6705689430236816, 8.839288711547852, 674.8915405273438)",1,"(0.5560734272003174, 0.37366753816604614)","(32.107818603515625, 193.4456329345703, 63.57143020629883)",1,4.1371307373046875,1,"(72.17279052734375, 2.678283452987671, 670.9539794921875)",1
3008963146,2980641139,"(0.5978814363479614, 0.3521714508533478)","(55.24014663696289, 199.73245239257812, 65.85958862304688)",1,4.0096435546875,1,"(1.8377792835235596, 8.739649772644043, 674.4310913085938)",1,"(0.5829877853393555, 0.3901084363460541)","(46.999481201171875, 188.6373291015625, 61.82136154174805)",1,4.1356048583984375,1,"(72.21994018554688, 2.6326239109039307, 670.5805053710938)",1
3008979869,2980657862,"(0.6939268708229065, 0.4183608293533325)","(108.38214111328125, 180.3745880126953, 58.81391906738281)",1,4.008392333984375,1,"(2.456836223602295, 8.525341987609863, 674.2435913085938)",1,"(0.7045507431030273, 0.475736528635025)","(114.26028442382812, 163.59434509277344, 52.70650100708008)",1,4.1004180908203125,1,"(72.65441131591797, 2.4232211112976074, 670.3335571289062)",1
3008996371,2980674364,"(0.7654702067375183, 0.44407516717910767)","(147.96702575683594, 172.8541259765625, 56.076690673828125)",1,3.9947662353515625,1,"(2.703650951385498, 8.462143898010254, 675.40869140625)",1,"(0.7666580080986023, 0.5067760348320007)","(148.62428283691406, 154.51649475097656, 49.40241622924805)",1,4.0962371826171875,1,"(72.94841003417969, 2.347093343734741, 671.319580078125)",1
3009013112,2980691105,"(0.7740668654441833, 0.4551791548728943)","(152.7235870361328, 169.60659790039062, 54.89472961425781)",1,3.9996337890625,1,"(2.6246771812438965, 8.428413391113281, 674.7376098632812)",1,"(0.7711597681045532, 0.5060310959815979)","(151.1151123046875, 154.73435974121094, 49.481689453125)",1,4.0890350341796875,1,"(72.87250518798828, 2.3134210109710693, 670.7410278320312)",1
3009029784,2980707777,"(0.7760651707649231, 0.4483838379383087)","(153.82928466796875, 171.59397888183594, 55.618045806884766)",1,3.983734130859375,1,"(2.474445104598999, 8.365416526794434, 674.63427734375)",1,"(0.7731714844703674, 0.4982931315898895)","(152.22817993164062, 156.99740600585938, 50.30533981323242)",1,4.076385498046875,1,"(72.74358367919922, 2.2805488109588623, 670.63037109375)",1
3009046300,2980724294,"(0.7769865393638611, 0.44818681478500366)","(154.3390655517578, 171.651611328125, 55.6390266418457)",1,3.9915924072265625,1,"(2.3141534328460693, 8.320799827575684, 674.7567138671875)",1,"(0.7689474821090698, 0.49923211336135864)","(149.89105224609375, 156.72279357910156, 50.20536804199219)",1,4.0688018798828125,1,"(72.64369201660156, 2.2576730251312256, 670.7578735351562)",1
3009062982,2980740976,"(0.7721872925758362, 0.444902241230011)","(151.6836700439453, 172.61221313476562, 55.98869323730469)",1,3.9877166748046875,1,"(2.238001585006714, 8.276382446289062, 674.6644287109375)",1,"(0.7668257355690002, 0.4986177384853363)","(148.7170867919922, 156.90249633789062, 50.27077102661133)",1,4.0509490966796875,1,"(72.58633422851562, 2.2454683780670166, 670.71044921875)",1
3009079699,2980757693,"(0.7732189297676086, 0.45363306999206543)","(152.25445556640625, 170.0587615966797, 55.059329986572266)",1,3.9831390380859375,1,"(2.1399309635162354, 8.237334251403809, 674.2340698242188)",1,"(0.7685545682907104, 0.4995095729827881)","(149.67364501953125, 156.6416473388672, 50.175865173339844)",1,4.061492919921875,1,"(72.4626235961914, 2.2209722995758057, 670.241943359375)",1
3009096216,2980774210,"(0.7757643461227417, 0.45483511686325073)","(153.662841796875, 169.70724487304688, 54.93134307861328)",1,3.9917449951171875,1,"(2.0791594982147217, 8.211335182189941, 673.9776000976562)",1,"(0.7685888409614563, 0.4964170455932617)","(149.6925506591797, 157.54611206054688, 50.50505447387695)",1,4.059326171875,1,"(72.41993713378906, 2.231555461883545, 670.010009765625)",1
3009112851,2980790845,"(0.7746607065200806, 0.4492209851741791)","(153.0522003173828, 171.34915161132812, 55.528926849365234)",1,3.9689178466796875,1,"(2.056257724761963, 8.222257614135742, 674.1072387695312)",1,"(0.7668037414550781, 0.4947066009044647)","(148.7049102783203, 158.04635620117188, 50.68712615966797)",1,4.055023193359375,1,"(72.42219543457031, 2.2397050857543945, 670.10888671875)",1
3009129615,2980807609,"(0.7712869644165039, 0.44652059674263)","(151.1854705810547, 172.13893127441406, 55.816429138183594)",1,3.9692535400390625,1,"(2.0130624771118164, 8.215780258178711, 674.2986450195312)",1,"(0.7678214907646179, 0.4967810809612274)","(149.26800537109375, 157.4396514892578, 50.46625900268555)",1,4.06390380859375,1,"(72.40925598144531, 2.2655625343322754, 670.3270874023438)",1
3009146136,2980824130,"(0.7763206958770752, 0.44697073101997375)","(153.9706573486328, 172.0072479248047, 55.768489837646484)",1,3.975860595703125,1,"(1.8990445137023926, 8.189483642578125, 674.4156494140625)",1,"(0.7670072317123413, 0.4954972267150879)","(148.8175048828125, 157.81512451171875, 50.60294723510742)",1,4.059417724609375,1,"(72.34920501708984, 2.273075819015503, 670.4375610351562)",1
3009162817,2980840811,"(0.7732927203178406, 0.44595298171043396)","(152.29530334472656, 172.30491638183594, 55.87679672241211)",1,3.96917724609375,1,"(1.8183000087738037, 8.153767585754395, 674.3389282226562)",1,"(0.7669916152954102, 0.49225497245788574)","(148.80885314941406, 158.76333618164062, 50.94810485839844)",1,4.065460205078125,1,"(72.27933502197266, 2.26841402053833, 670.3854370117188)",1
3009179531,2980857525,"(0.7695480585098267, 0.4429628551006317)","(150.22332763671875, 173.17942810058594, 56.19508361816406)",1,3.9728851318359375,1,"(1.6685338020324707, 8.070408821105957, 674.2626953125)",1,"(0.7675302624702454, 0.49583718180656433)","(149.1068878173828, 157.71571350097656, 50.56680679321289)",1,4.06573486328125,1,"(72.13516998291016, 2.23111891746521, 670.3150634765625)",1
3009196056,2980874050,"(0.769029438495636, 0.448887437582016)","(149.93638610839844, 171.44671630859375, 55.5644416809082)",1,3.965911865234375,1,"(1.5231380462646484, 8.005183219909668, 674.0953979492188)",1,"(0.7675092220306396, 0.49602797627449036)","(149.09523010253906, 157.659912109375, 50.5465202331543)",1,4.0522003173828125,1,"(72.01441192626953, 2.203491449356079, 670.1638793945312)",1
3009212783,2980890778,"(0.7692170739173889, 0.4527743458747864)","(150.0402069091797, 170.3099365234375, 55.150691986083984)",1,3.9907684326171875,1,"(1.4576940536499023, 7.965024948120117, 674.0067749023438)",1,"(0.7708364129066467, 0.49855831265449524)","(150.93614196777344, 156.9198455810547, 50.27717208862305)",1,4.067047119140625,1,"(71.9488754272461, 2.1936843395233154, 670.0941772460938)",1
3009229446,2980907441,"(0.7716264128684998, 0.4504730999469757)","(151.373291015625, 170.9829559326172, 55.395660400390625)",1,3.9947357177734375,1,"(1.3826543092727661, 7.9411091804504395, 674.0068969726562)",1,"(0.7675970792770386, 0.499627947807312)","(149.143798828125, 156.6070556640625, 50.16327667236328)",1,4.0674285888671875,1,"(71.9101791381836, 2.18232798576355, 670.0982666015625)",1
3009245971,2980923966,"(0.7709022164344788, 0.44368061423301697)","(150.97256469726562, 172.96949768066406, 56.11868667602539)",1,3.9705810546875,1,"(1.37571120262146, 7.9451680183410645, 674.1002807617188)",1,"(0.7661280632019043, 0.49994054436683655)","(148.33108520507812, 156.51560974121094, 50.12998962402344)",1,4.0681610107421875,1,"(71.9332504272461, 2.1924948692321777, 670.190673828125)",1
3009262652,2980940647,"(0.7708550095558167, 0.44523072242736816)","(150.9464569091797, 172.5161590576172, 55.953704833984375)",1,3.9685211181640625,1,"(1.37987220287323, 7.943289279937744, 674.2007446289062)",1,"(0.7693755626678467, 0.4962180554866791)","(150.12791442871094, 157.6042938232422, 50.526248931884766)",1,4.0591888427734375,1,"(71.9559326171875, 2.186889171600342, 670.2658081054688)",1
3009279361,2980957356,"(0.775043249130249, 0.4436558187007904)","(153.2638397216797, 172.97674560546875, 56.12134552001953)",1,3.974334716796875,1,"(1.3763790130615234, 7.8916168212890625, 674.301513671875)",1,"(0.7650124430656433, 0.4981478154659271)","(147.7137908935547, 157.03990173339844, 50.320831298828125)",1,4.0669708251953125,1,"(71.99307250976562, 2.14992094039917, 670.3756713867188)",1
3009295891,2980973886,"(0.7389296293258667, 0.5209012627601624)","(133.2821502685547, 150.38539123535156, 47.89876937866211)",1,3.9785919189453125,1,"(1.2673925161361694, 7.594877243041992, 674.2828979492188)",1,"(0.7315601706504822, 0.5794950723648071)","(129.20468139648438, 133.24896240234375, 41.661651611328125)",1,4.0801849365234375,1,"(71.65701293945312, 1.9171477556228638, 670.3486938476562)",1
3009312521,2980990516,"(0.6951387524604797, 0.594123899936676)","(109.05265045166016, 128.97059631347656, 40.104434967041016)",1,3.939910888671875,1,"(1.0774046182632446, 7.353377342224121, 673.5843505859375)",1,"(0.6914135217666626, 0.6504411697387695)","(106.99146270751953, 112.4999008178711, 34.10963821411133)",1,4.0926055908203125,1,"(71.2843017578125, 1.7469960451126099, 669.7621459960938)",1
3009329373,2981007368,"(0.6539096832275391, 0.6372995376586914)","(86.24059295654297, 116.3433837890625, 35.50847625732422)",1,3.9234619140625,1,"(0.7966216802597046, 7.204954624176025, 673.8224487304688)",1,"(0.6486499905586243, 0.686526894569397)","(83.33041381835938, 101.94622802734375, 30.26835060119629)",1,4.086517333984375,1,"(71.05574035644531, 1.6039758920669556, 670.0518188476562)",1
3009345806,2981023801,"(0.6468420624732971, 0.6571086049079895)","(82.3301010131836, 110.54997253417969, 33.399864196777344)",1,3.922210693359375,1,"(0.6636416912078857, 7.13730001449585, 674.2923583984375)",1,"(0.6467192769050598, 0.6943008303642273)","(82.2621841430664, 99.67266845703125, 29.44081687927246)",1,4.0810394287109375,1,"(71.04642486572266, 1.5289433002471924, 670.4873657226562)",1
3009362487,2981040483,"(0.6481767296791077, 0.6549171805381775)","(83.06857299804688, 111.19087219238281, 33.63313293457031)",1,3.929473876953125,1,"(0.5902715921401978, 7.077342510223389, 674.0343627929688)",1,"(0.6457260847091675, 0.7012141942977905)","(81.71260070800781, 97.65076446533203, 28.704914093017578)",1,4.0785980224609375,1,"(70.98106384277344, 1.5045115947723389, 670.2407836914062)",1
3009379288,2981057284,"(0.654019296169281, 0.6523064970970154)","(86.30121612548828, 111.95442199707031, 33.911033630371094)",1,3.937286376953125,1,"(0.48574477434158325, 6.996905326843262, 673.6981201171875)",1,"(0.6484517455101013, 0.6960006356239319)","(83.22071075439453, 99.175537109375, 29.2598876953125)",1,4.0641937255859375,1,"(70.8879623413086, 1.4490575790405273, 669.8784790039062)",1
3009395721,2981073717,"(0.6531372666358948, 0.647905170917511)","(85.81324005126953, 113.2416000366211, 34.3795166015625)",1,3.9309844970703125,1,"(0.4350132942199707, 6.961915493011475, 673.4384765625)",1,"(0.6496785879135132, 0.693377673625946)","(83.8995361328125, 99.94268035888672, 29.539091110229492)",1,4.0768585205078125,1,"(70.85054016113281, 1.427039384841919, 669.6475219726562)",1
3009412453,2981090449,"(0.6522778868675232, 0.6466482281684875)","(85.3377456665039, 113.6092300415039, 34.5132942199707)",1,3.9164581298828125,1,"(0.4190545976161957, 6.963778972625732, 673.415771484375)",1,"(0.6480229496955872, 0.6969742178916931)","(82.98346710205078, 98.89080047607422, 29.15621566772461)",1,4.0798492431640625,1,"(70.85074615478516, 1.4458097219467163, 669.6156005859375)",1
3009429204,2981107200,"(0.6538110971450806, 0.638642430305481)","(86.18609619140625, 115.95059967041016, 35.36552810668945)",1,3.929351806640625,1,"(0.4005887508392334, 6.961968898773193, 673.5252685546875)",1,"(0.644206166267395, 0.6925773024559021)","(80.87165069580078, 100.17671966552734, 29.624324798583984)",1,4.085662841796875,1,"(70.8811264038086, 1.4902578592300415, 669.734375)",1
3009445641,2981123637,"(0.6562759280204773, 0.642250657081604)","(87.54986572265625, 114.89534759521484, 34.98146438598633)",1,3.925018310546875,1,"(0.35214516520500183, 6.993807792663574, 673.5725708007812)",1,"(0.6475910544395447, 0.6939919590950012)","(82.74449157714844, 99.76296997070312, 29.47370719909668)",1,4.084228515625,1,"(70.86644744873047, 1.5173629522323608, 669.7614135742188)",1
3009462323,2981140319,"(0.6564947962760925, 0.6476719975471497)","(87.6709213256836, 113.3097915649414, 34.404396057128906)",1,3.920867919921875,1,"(0.3097175061702728, 6.996553421020508, 673.43115234375)",1,"(0.6481835842132568, 0.6915138959884644)","(83.07234954833984, 100.48772430419922, 29.737510681152344)",1,4.0781097412109375,1,"(70.82723236083984, 1.5192428827285767, 669.6355590820312)",1
3009479120,2981157116,"(0.6574442982673645, 0.6369380950927734)","(88.19629669189453, 116.44905853271484, 35.546974182128906)",1,3.9290008544921875,1,"(0.21739095449447632, 6.96082067489624, 673.3858642578125)",1,"(0.6487347483634949, 0.6891459226608276)","(83.37728881835938, 101.18025970458984, 29.989532470703125)",1,4.0977630615234375,1,"(70.76050567626953, 1.5072152614593506, 669.5939331054688)",1
3009495561,2981173557,"(0.6521753668785095, 0.6367568969726562)","(85.28102111816406, 116.5020751953125, 35.56626510620117)",1,3.9424285888671875,1,"(0.15057052671909332, 6.946251392364502, 673.6981811523438)",1,"(0.6476181149482727, 0.6908903121948242)","(82.7594985961914, 100.67013549804688, 29.80386734008789)",1,4.1083221435546875,1,"(70.72919464111328, 1.4928773641586304, 669.9135131835938)",1
3009512289,2981190286,"(0.6491497755050659, 0.6379063725471497)","(83.60697937011719, 116.16585540771484, 35.443885803222656)",1,3.9434661865234375,1,"(0.0929938331246376, 6.957463264465332, 674.0760498046875)",1,"(0.6445528864860535, 0.6911217570304871)","(81.06353759765625, 100.60245513916016, 29.779247283935547)",1,4.11602783203125,1,"(70.72869110107422, 1.4975111484527588, 670.2766723632812)",1
3009529035,2981207032,"(0.6236284375190735, 0.6516769528388977)","(69.48602294921875, 112.1385269165039, 33.97801208496094)",1,3.9465789794921875,1,"(-0.1307656615972519, 6.957282543182373, 673.707763671875)",1,"(0.6118649840354919, 0.7015718817710876)","(62.977264404296875, 97.54613494873047, 28.66686248779297)",1,4.144073486328125,1,"(70.41065979003906, 1.506526231765747, 669.8980712890625)",1
3009545481,2981223478,"(0.6001438498497009, 0.6628883481025696)","(56.49201202392578, 108.85961151123047, 32.78462600708008)",1,3.9508514404296875,1,"(-0.23840470612049103, 6.963672161102295, 672.8902587890625)",1,"(0.5936762094497681, 0.6975894570350647)","(52.91335678100586, 98.71085357666016, 29.090778350830078)",1,4.145416259765625,1,"(70.23959350585938, 1.5508275032043457, 669.2001342773438)",1
3009562255,2981240252,"(0.5968451499938965, 0.6629854440689087)","(54.66676712036133, 108.83123779296875, 32.7742919921875)",1,3.960418701171875,1,"(-0.24761082231998444, 6.983140468597412, 673.508056640625)",1,"(0.5905362963676453, 0.6887274980545044)","(51.17608642578125, 101.30264282226562, 30.03411865234375)",1,4.14532470703125,1,"(70.31757354736328, 1.5618034601211548, 669.7481689453125)",1
3009578950,2981256947,"(0.5942761301994324, 0.6613885760307312)","(53.24535369873047, 109.2981948852539, 32.94427490234375)",1,3.9588775634765625,1,"(-0.24683815240859985, 6.988645076751709, 673.761474609375)",1,"(0.5887011885643005, 0.6889339685440063)","(50.16072082519531, 101.24227142333984, 30.012126922607422)",1,4.1540985107421875,1,"(70.36808776855469, 1.5866689682006836, 670.0162963867188)",1
3009595397,2981273394,"(0.5969001054763794, 0.6635735034942627)","(54.69717788696289, 108.65921783447266, 32.71168518066406)",1,3.9693756103515625,1,"(-0.2693895101547241, 6.959248065948486, 673.5695190429688)",1,"(0.5889893174171448, 0.6909300088882446)","(50.320159912109375, 100.65850830078125, 29.79964256286621)",1,4.168182373046875,1,"(70.35238647460938, 1.5757114887237549, 669.8319702148438)",1
3009612221,2981290218,"(0.5992592573165894, 0.661057710647583)","(56.002506256103516, 109.3949966430664, 32.979488372802734)",1,3.97845458984375,1,"(-0.29490989446640015, 6.9228835105896, 673.3589477539062)",1,"(0.5927504301071167, 0.6926605105400085)","(52.40121078491211, 100.15240478515625, 29.61544418334961)",1,4.164031982421875,1,"(70.30799865722656, 1.5599422454833984, 669.6375122070312)",1
3009628865,2981306862,"(0.6006428003311157, 0.6674569845199585)","(56.76801300048828, 107.52346801757812, 32.298301696777344)",1,3.984832763671875,1,"(-0.3839993178844452, 6.880631923675537, 673.1168212890625)",1,"(0.5869579315185547, 0.7000048160552979)","(49.196189880371094, 98.00448608398438, 28.833656311035156)",1,4.1755218505859375,1,"(70.2345199584961, 1.5254147052764893, 669.3797607421875)",1
3009645317,2981323314,"(0.5970384478569031, 0.6727110147476196)","(54.773719787597656, 105.98687744140625, 31.73900032043457)",1,4.002777099609375,1,"(-0.4553525447845459, 6.8208136558532715, 672.7782592773438)",1,"(0.587864100933075, 0.7036986947059631)","(49.69758224487305, 96.92413330078125, 28.44046401977539)",1,4.1712188720703125,1,"(70.13695526123047, 1.492607593536377, 669.0726928710938)",1
3009662091,2981340089,"(0.590877115726471, 0.680103063583374)","(51.36466598510742, 103.82498931884766, 30.95214080810547)",1,4.0358123779296875,1,"(-0.5051565766334534, 6.784538269042969, 672.6110229492188)",1,"(0.5882242321968079, 0.696635901927948)","(49.896827697753906, 98.98974609375, 29.192302703857422)",1,4.1673583984375,1,"(70.07168579101562, 1.4538906812667847, 668.9207153320312)",1
3009678781,2981356779,"(0.5964860916137695, 0.6746848225593567)","(54.46809768676758, 105.40959930419922, 31.528940200805664)",1,4.037933349609375,1,"(-0.5763104557991028, 6.728312969207764, 672.4771728515625)",1,"(0.5883262753486633, 0.6975929737091064)","(49.95331954956055, 98.7098159790039, 29.090396881103516)",1,4.185516357421875,1,"(70.00865173339844, 1.4151241779327393, 668.7804565429688)",1
3009695237,2981373235,"(0.6032800674438477, 0.6665230989456177)","(58.22722625732422, 107.79659271240234, 32.39775085449219)",1,4.022125244140625,1,"(-0.5956965088844299, 6.719143867492676, 672.5148315429688)",1,"(0.5906579494476318, 0.6946064829826355)","(51.24338912963867, 99.58325958251953, 29.408296585083008)",1,4.194671630859375,1,"(70.00509643554688, 1.4149255752563477, 668.8218994140625)",1
3009711960,2981389958,"(0.6011408567428589, 0.6694344282150269)","(57.04357147216797, 106.94511413574219, 32.087791442871094)",1,4.0358734130859375,1,"(-0.5892199277877808, 6.737781047821045, 672.438232421875)",1,"(0.5885841250419617, 0.7046458125114441)","(50.095947265625, 96.64715576171875, 28.339662551879883)",1,4.20379638671875,1,"(70.0097427368164, 1.4396610260009766, 668.7525024414062)",1
3009728697,2981406695,"(0.5989378690719604, 0.6771538257598877)","(55.824668884277344, 104.68749237060547, 31.266069412231445)",1,4.0428009033203125,1,"(-0.5696325898170471, 6.773190975189209, 672.1898193359375)",1,"(0.5909208059310913, 0.6996572613716125)","(51.38883972167969, 98.1061019897461, 28.870670318603516)",1,4.205322265625,1,"(69.98605346679688, 1.4817235469818115, 668.4825439453125)",1
3009745157,2981423155,"(0.5993265509605408, 0.6784364581108093)","(56.039764404296875, 104.31236267089844, 31.129600524902344)",1,4.049835205078125,1,"(-0.598656415939331, 6.791777610778809, 671.9058227539062)",1,"(0.5923227071762085, 0.7007795572280884)","(52.16450500488281, 97.77788543701172, 28.751197814941406)",1,4.220184326171875,1,"(69.93405151367188, 1.5136198997497559, 668.20751953125)",1
3009761926,2981439924,"(0.5956392288208008, 0.6711588501930237)","(53.99953842163086, 106.4407958984375, 31.904251098632812)",1,4.0512847900390625,1,"(-0.642950177192688, 6.781952857971191, 671.6656494140625)",1,"(0.5897257328033447, 0.7033930420875549)","(50.72761535644531, 97.01355743408203, 28.472978591918945)",1,4.2261505126953125,1,"(69.88090515136719, 1.520257830619812, 667.98876953125)",1
3009778612,2981456610,"(0.5947394967079163, 0.671856701374054)","(53.50171661376953, 106.2366943359375, 31.829936981201172)",1,4.057281494140625,1,"(-0.7287424206733704, 6.762699127197266, 671.3843994140625)",1,"(0.5911986231803894, 0.6985895037651062)","(51.54258346557617, 98.41838836669922, 28.984296798706055)",1,4.21966552734375,1,"(69.75579833984375, 1.520950198173523, 667.6925659179688)",1
3009795077,2981473075,"(0.5980861186981201, 0.6695312857627869)","(55.353416442871094, 106.91681671142578, 32.077449798583984)",1,4.0589141845703125,1,"(-0.8529012203216553, 6.734908103942871, 671.2282104492188)",1,"(0.591865599155426, 0.6990527510643005)","(51.911598205566406, 98.28291320800781, 28.93503189086914)",1,4.2239227294921875,1,"(69.63180541992188, 1.5188382863998413, 667.5503540039062)",1
3009811795,2981489793,"(0.5979437828063965, 0.6667547821998596)","(55.274620056152344, 107.7288589477539, 32.37299728393555)",1,4.047698974609375,1,"(-0.9088112711906433, 6.711431503295898, 671.091552734375)",1,"(0.5894198417663574, 0.6997890472412109)","(50.558349609375, 98.06758880615234, 28.856653213500977)",1,4.2149658203125,1,"(69.5694351196289, 1.5207840204238892, 667.4468383789062)",1
3009828527,2981506525,"(0.602708101272583, 0.6604263782501221)","(57.91073226928711, 109.57965087890625, 33.04666519165039)",1,4.0459747314453125,1,"(-0.9205612540245056, 6.7254791259765625, 670.8275756835938)",1,"(0.5971344113349915, 0.692575991153717)","(54.82681655883789, 100.17713165283203, 29.62447166442871)",1,4.239715576171875,1,"(69.4735107421875, 1.542277455329895, 667.171142578125)",1
3009844993,2981522991,"(0.6106336116790771, 0.6516293883323669)","(62.295997619628906, 112.1524429321289, 33.98307800292969)",1,4.0489654541015625,1,"(-0.9358221888542175, 6.738472938537598, 670.610107421875)",1,"(0.6051920652389526, 0.6853285431861877)","(59.285133361816406, 102.29672241210938, 30.39588737487793)",1,4.2210693359375,1,"(69.43192291259766, 1.5679545402526855, 666.9502563476562)",1
3009861761,2981539759,"(0.6099091172218323, 0.6602422595024109)","(61.89509201049805, 109.63349914550781, 33.0662727355957)",1,4.063873291015625,1,"(-0.9609665870666504, 6.74137544631958, 670.4564819335938)",1,"(0.6046025156974792, 0.6814332008361816)","(58.95890426635742, 103.43598175048828, 30.810514450073242)",1,4.2293701171875,1,"(69.39757537841797, 1.5736678838729858, 666.79833984375)",1
3009878442,2981556439,"(0.6132733225822449, 0.655203104019165)","(63.75651168823242, 111.10723114013672, 33.602725982666016)",1,4.056610107421875,1,"(-1.018372893333435, 6.724245071411133, 670.4871826171875)",1,"(0.6031357645988464, 0.683966875076294)","(58.14738082885742, 102.69498443603516, 30.540849685668945)",1,4.2327117919921875,1,"(69.36966705322266, 1.602110743522644, 666.8355712890625)",1
3009894913,2981572910,"(0.61492520570755, 0.6545790433883667)","(64.67047882080078, 111.28975677490234, 33.66912078857422)",1,4.0436859130859375,1,"(-1.0929189920425415, 6.709510803222656, 670.509521484375)",1,"(0.6060359477996826, 0.6842590570449829)","(59.75206756591797, 102.60951232910156, 30.509748458862305)",1,4.2355194091796875,1,"(69.31680297851562, 1.6330890655517578, 666.8641357421875)",1
3009911630,2981589627,"(0.6081974506378174, 0.654308021068573)","(60.94799041748047, 111.3690185546875, 33.697959899902344)",1,4.0457916259765625,1,"(-1.122506856918335, 6.687872409820557, 670.3968505859375)",1,"(0.608553946018219, 0.6851660013198853)","(61.14527893066406, 102.34427642822266, 30.413236618041992)",1,4.2304534912109375,1,"(69.2638168334961, 1.6434658765792847, 666.7689819335938)",1
3009928358,2981606355,"(0.6108617782592773, 0.6545723080635071)","(62.42216873168945, 111.29175567626953, 33.66981887817383)",1,4.037841796875,1,"(-1.2242287397384644, 6.661086559295654, 670.25048828125)",1,"(0.6069951057434082, 0.6822084784507751)","(60.28274917602539, 103.209228515625, 30.728036880493164)",1,4.225555419921875,1,"(69.16819763183594, 1.6253745555877686, 666.6198120117188)",1
3009944833,2981622829,"(0.613671600818634, 0.6555537581443787)","(63.976871490478516, 111.0047378540039, 33.56534957885742)",1,4.03350830078125,1,"(-1.3261475563049316, 6.62759256362915, 670.2108154296875)",1,"(0.6042757034301758, 0.6808644533157349)","(58.77810287475586, 103.602294921875, 30.871118545532227)",1,4.2250823974609375,1,"(69.09510803222656, 1.5809348821640015, 666.5946044921875)",1
3009961596,2981639593,"(0.6124132871627808, 0.657567024230957)","(63.2806510925293, 110.41592407226562, 33.35105514526367)",1,4.029571533203125,1,"(-1.3710315227508545, 6.607744216918945, 670.3246459960938)",1,"(0.6041333675384521, 0.6777371764183044)","(58.69931411743164, 104.51692199707031, 31.203994750976562)",1,4.225677490234375,1,"(69.06562805175781, 1.5610582828521729, 666.7071533203125)",1
3009978274,2981656271,"(0.6124931573867798, 0.6554757356643677)","(63.32487869262695, 111.02752685546875, 33.57366943359375)",1,4.028594970703125,1,"(-1.43255615234375, 6.579458236694336, 670.2160034179688)",1,"(0.6060247421264648, 0.6811902523040771)","(59.745845794677734, 103.50702667236328, 30.836416244506836)",1,4.2183990478515625,1,"(69.00086975097656, 1.54691481590271, 666.594482421875)",1
3009994748,2981672744,"(0.6133865714073181, 0.6528767943382263)","(63.81914138793945, 111.78762817382812, 33.85032272338867)",1,4.012786865234375,1,"(-1.4784787893295288, 6.553188800811768, 669.8489990234375)",1,"(0.6044472455978394, 0.6815710067749023)","(58.87302017211914, 103.39563751220703, 30.795909881591797)",1,4.2143096923828125,1,"(68.93324279785156, 1.5490260124206543, 666.2464599609375)",1
3010011466,2981689462,"(0.614323616027832, 0.6528602838516235)","(64.3376235961914, 111.7924575805664, 33.852054595947266)",1,4.00335693359375,1,"(-1.4920233488082886, 6.545784950256348, 669.4820556640625)",1,"(0.6037835478782654, 0.6845125555992126)","(58.50583267211914, 102.53533935546875, 30.482824325561523)",1,4.2022705078125,1,"(68.88136291503906, 1.5513854026794434, 665.9146118164062)",1
3010028189,2981706185,"(0.6155458688735962, 0.6490796208381653)","(65.01392364501953, 112.89815521240234, 34.25448226928711)",1,4.004058837890625,1,"(-1.5223115682601929, 6.512025356292725, 669.0606079101562)",1,"(0.6071196794509888, 0.683780312538147)","(60.351680755615234, 102.74951934814453, 30.5606746673584)",1,4.180877685546875,1,"(68.79940032958984, 1.5553535223007202, 665.4660034179688)",1
3010044668,2981722664,"(0.6118571758270264, 0.6513188481330872)","(62.97293472290039, 112.24324798583984, 34.01618957519531)",1,4.002197265625,1,"(-1.556021809577942, 6.484999179840088, 668.8392333984375)",1,"(0.6078730821609497, 0.6858572959899902)","(60.7685432434082, 102.1420669555664, 30.339649200439453)",1,4.1862640380859375,1,"(68.73319244384766, 1.5509326457977295, 665.261474609375)",1
3010061432,2981739427,"(0.6056936383247375, 0.6581850051879883)","(59.562660217285156, 110.2351303100586, 33.285282135009766)",1,4.01190185546875,1,"(-1.5891122817993164, 6.469597816467285, 668.8944091796875)",1,"(0.6040424108505249, 0.686600923538208)","(58.64903259277344, 101.92457580566406, 30.260478973388672)",1,4.188262939453125,1,"(68.70172119140625, 1.5448501110076904, 665.3073120117188)",1
3010078104,2981756099,"(0.6113627552986145, 0.6620498895645142)","(62.69938278198242, 109.10482788085938, 32.873870849609375)",1,3.9984283447265625,1,"(-1.6854791641235352, 6.423697471618652, 668.8447265625)",1,"(0.6038458347320557, 0.685546338558197)","(58.54026794433594, 102.2330093383789, 30.372703552246094)",1,4.171142578125,1,"(68.60049438476562, 1.5124313831329346, 665.2630615234375)",1
3010094588,2981772583,"(0.6108440160751343, 0.6681035757064819)","(62.412330627441406, 107.33433532714844, 32.2294921875)",1,3.979461669921875,1,"(-1.772686243057251, 6.3905229568481445, 668.9159545898438)",1,"(0.6038206815719604, 0.6910431385040283)","(58.5263557434082, 100.62541961669922, 29.78754425048828)",1,4.1649932861328125,1,"(68.5251693725586, 1.492110013961792, 665.3587036132812)",1
3010111302,2981789298,"(0.6128337979316711, 0.6657921671867371)","(63.51329040527344, 108.01036834716797, 32.47550582885742)",1,3.9841766357421875,1,"(-1.8175644874572754, 6.373023509979248, 669.208984375)",1,"(0.6048182845115662, 0.6916437745094299)","(59.07832336425781, 100.44976806640625, 29.723642349243164)",1,4.164306640625,1,"(68.5117416381836, 1.4893648624420166, 665.630859375)",1
3010128019,2981806014,"(0.6081802248954773, 0.6548015475273132)","(60.93850326538086, 111.22469329833984, 33.645381927490234)",1,3.971466064453125,1,"(-1.8564335107803345, 6.354950428009033, 669.40771484375)",1,"(0.6021453142166138, 0.6857645511627197)","(57.59939193725586, 102.16919708251953, 30.34950828552246)",1,4.1477508544921875,1,"(68.48442077636719, 1.4952980279922485, 665.8482055664062)",1
3010144508,2981822503,"(0.6080111265182495, 0.6500493288040161)","(60.844940185546875, 112.61450958251953, 34.15127182006836)",1,3.9663848876953125,1,"(-1.8692978620529175, 6.3674468994140625, 669.3594360351562)",1,"(0.6015730500221252, 0.6895059943199158)","(57.28276443481445, 101.07495880126953, 29.95123863220215)",1,4.137847900390625,1,"(68.46141052246094, 1.5298317670822144, 665.7957763671875)",1
3010161268,2981839263,"(0.6126139760017395, 0.658386766910553)","(63.391639709472656, 110.17615509033203, 33.2637939453125)",1,3.975616455078125,1,"(-1.8654210567474365, 6.378675937652588, 669.2054443359375)",1,"(0.6044389009475708, 0.6806127429008484)","(58.868438720703125, 103.67591094970703, 30.897912979125977)",1,4.150604248046875,1,"(68.44241333007812, 1.5383610725402832, 665.6531982421875)",1
3010177926,2981855921,"(0.6084436178207397, 0.6604660153388977)","(61.08420944213867, 109.5680160522461, 33.04247283935547)",1,3.959075927734375,1,"(-1.8873066902160645, 6.384281635284424, 669.0731811523438)",1,"(0.604134202003479, 0.6802132725715637)","(58.6998291015625, 103.79273223876953, 30.940412521362305)",1,4.13873291015625,1,"(68.3883056640625, 1.561476230621338, 665.5147705078125)",1
3010194414,2981872408,"(0.5935258269309998, 0.6856127381324768)","(52.83018493652344, 102.2136001586914, 30.365671157836914)",1,3.94903564453125,1,"(-1.9607806205749512, 6.337942123413086, 669.5689697265625)",1,"(0.5859876275062561, 0.7058473229408264)","(48.659305572509766, 96.29573822021484, 28.211734771728516)",1,4.1476898193359375,1,"(68.29450225830078, 1.5373163223266602, 666.0081176757812)",1
3010211225,2981889219,"(0.5892297625541687, 0.6906494498252869)","(50.453163146972656, 100.74053955078125, 29.829511642456055)",1,3.9636993408203125,1,"(-1.9895824193954468, 6.33655309677124, 669.8806762695312)",1,"(0.5799776315689087, 0.7151495814323425)","(45.33396911621094, 93.57518768310547, 27.22153663635254)",1,4.1389007568359375,1,"(68.31876373291016, 1.5377339124679565, 666.3436279296875)",1
3010227851,2981905845,"(0.5876817107200623, 0.6945324540138245)","(49.59663391113281, 99.60492706298828, 29.41617202758789)",1,3.956512451171875,1,"(-2.0312442779541016, 6.353828430175781, 669.95458984375)",1,"(0.5804365873336792, 0.717745840549469)","(45.58792495727539, 92.8158950805664, 26.94516944885254)",1,4.1236419677734375,1,"(68.30450439453125, 1.5328854322433472, 666.4266967773438)",1
3010244343,2981922337,"(0.5916263461112976, 0.6950014233589172)","(51.77920150756836, 99.46778869628906, 29.366291046142578)",1,3.9457244873046875,1,"(-2.0819506645202637, 6.36807107925415, 669.9241943359375)",1,"(0.5816847681999207, 0.7149239778518677)","(46.27854537963867, 93.64116668701172, 27.245595932006836)",1,4.1183013916015625,1,"(68.2741928100586, 1.5395123958587646, 666.3970336914062)",1
3010261103,2981939097,"(0.5885797142982483, 0.692458987236023)","(50.09352493286133, 100.2113037109375, 29.63692855834961)",1,3.933197021484375,1,"(-2.0947351455688477, 6.360145568847656, 669.8187255859375)",1,"(0.5790631771087646, 0.7128011584281921)","(44.82804489135742, 94.26200866699219, 27.471555709838867)",1,4.12396240234375,1,"(68.25679779052734, 1.5370254516601562, 666.3020629882812)",1
3010277766,2981955760,"(0.5883729457855225, 0.6866855025291443)","(49.97909164428711, 101.89984130859375, 30.251419067382812)",1,3.919586181640625,1,"(-2.0877439975738525, 6.327241897583008, 669.591552734375)",1,"(0.5804038047790527, 0.7195438742637634)","(45.569759368896484, 92.2900161743164, 26.75380516052246)",1,4.1079254150390625,1,"(68.25801086425781, 1.5173710584640503, 666.0565795898438)",1
3010294263,2981972257,"(0.5856825113296509, 0.6826949715614319)","(48.49052047729492, 103.0669174194336, 30.676246643066406)",1,3.91192626953125,1,"(-2.0420031547546387, 6.292062282562256, 669.3292846679688)",1,"(0.5785039663314819, 0.7300406694412231)","(44.51863098144531, 89.2201156616211, 25.636425018310547)",1,4.1039276123046875,1,"(68.27980041503906, 1.4989367723464966, 665.7970581054688)",1
3010311069,2981989062,"(0.5829929113388062, 0.6820032000541687)","(47.00233840942383, 103.26924896240234, 30.749866485595703)",1,3.920166015625,1,"(-2.0055534839630127, 6.285218715667725, 669.1232299804688)",1,"(0.5828349590301514, 0.7303566336631775)","(46.9149055480957, 89.12772369384766, 25.602811813354492)",1,4.10833740234375,1,"(68.28152465820312, 1.4931553602218628, 665.5989379882812)",1
3010327778,2982005771,"(0.5860548615455627, 0.6807355284690857)","(48.696495056152344, 103.63999938964844, 30.88481330871582)",1,3.9161834716796875,1,"(-1.9683891534805298, 6.274450302124023, 669.095703125)",1,"(0.5833803415298462, 0.7238621115684509)","(47.21670913696289, 91.02713012695312, 26.29412078857422)",1,4.097015380859375,1,"(68.34044647216797, 1.470157504081726, 665.5640869140625)",1
3010344183,2982022176,"(0.5879330635070801, 0.6866958737373352)","(49.73573684692383, 101.89681243896484, 30.25041389465332)",1,3.9155120849609375,1,"(-1.958450436592102, 6.253359794616699, 669.3289184570312)",1,"(0.583918571472168, 0.7217233180999756)","(47.51451110839844, 91.65262603759766, 26.52176856994629)",1,4.0995635986328125,1,"(68.390380859375, 1.438233733177185, 665.78125)",1
3010360938,2982038931,"(0.588974118232727, 0.6930283308029175)","(50.3117561340332, 100.04481506347656, 29.576316833496094)",1,3.9394683837890625,1,"(-1.9681955575942993, 6.212553024291992, 669.4292602539062)",1,"(0.5817690491676331, 0.7173641920089722)","(46.325199127197266, 92.92748260498047, 26.985822677612305)",1,4.09112548828125,1,"(68.40624237060547, 1.4010984897613525, 665.8701171875)",1
3010377693,2982055685,"(0.5873984098434448, 0.6974837779998779)","(49.43986511230469, 98.74174499511719, 29.10203742980957)",1,3.92242431640625,1,"(-1.9780141115188599, 6.174185752868652, 669.5974731445312)",1,"(0.5817052721977234, 0.7171480655670166)","(46.28989791870117, 92.99075317382812, 27.008771896362305)",1,4.0821990966796875,1,"(68.40559387207031, 1.330727458000183, 666.05517578125)",1
3010394103,2982072095,"(0.5865831971168518, 0.6896683573722839)","(48.98883819580078, 101.0274887084961, 29.933942794799805)",1,3.8963623046875,1,"(-1.997524619102478, 6.124826431274414, 669.8388061523438)",1,"(0.5793426632881165, 0.7183532118797302)","(44.9826545715332, 92.63824462890625, 26.880502700805664)",1,4.0960235595703125,1,"(68.40308380126953, 1.286486029624939, 666.2958984375)",1
3010410807,2982088800,"(0.5859569907188416, 0.6877582669258118)","(48.6423454284668, 101.58612060546875, 30.137252807617188)",1,3.9040374755859375,1,"(-2.0259358882904053, 6.105789661407471, 669.9881591796875)",1,"(0.5836257934570312, 0.7201924920082092)","(47.35248565673828, 92.10035705566406, 26.684751510620117)",1,4.080902099609375,1,"(68.40538787841797, 1.2781130075454712, 666.4364013671875)",1
3010427608,2982105600,"(0.5858951807022095, 0.6868767142295837)","(48.6081428527832, 101.84394836425781, 30.23113250732422)",1,3.9029998779296875,1,"(-2.040515899658203, 6.103146553039551, 670.2969970703125)",1,"(0.5832017064094543, 0.7214246988296509)","(47.11786651611328, 91.73997497558594, 26.553564071655273)",1,4.088409423828125,1,"(68.42340850830078, 1.2759934663772583, 666.7684326171875)",1
3010444023,2982122015,"(0.5869560241699219, 0.6900666356086731)","(49.195133209228516, 100.91100311279297, 29.891555786132812)",1,3.8976593017578125,1,"(-2.042874813079834, 6.1136651039123535, 670.5908813476562)",1,"(0.5859441161155701, 0.7197388410568237)","(48.63523483276367, 92.2330322265625, 26.7330379486084)",1,4.0740966796875,1,"(68.45315551757812, 1.2970565557479858, 667.042724609375)",1
3010460773,2982138765,"(0.5875080227851868, 0.6862277388572693)","(49.50055694580078, 102.0337142944336, 30.300189971923828)",1,3.8863067626953125,1,"(-2.042534589767456, 6.122058868408203, 670.8114624023438)",1,"(0.5867915153503418, 0.7159273624420166)","(49.104122161865234, 93.34774017333984, 27.138782501220703)",1,4.0838775634765625,1,"(68.47530364990234, 1.302625298500061, 667.2430419921875)",1
3010477524,2982155516,"(0.5871433019638062, 0.6827194690704346)","(49.29873275756836, 103.05977630615234, 30.67363739013672)",1,3.8805694580078125,1,"(-2.043792486190796, 6.133413791656494, 671.1596069335938)",1,"(0.5854777693748474, 0.7154815196990967)","(48.377220153808594, 93.47814178466797, 27.18623924255371)",1,4.091888427734375,1,"(68.52533721923828, 1.3247559070587158, 667.6141967773438)",1
3010493943,2982171934,"(0.5866795778274536, 0.6861730217933655)","(49.04218673706055, 102.04974365234375, 30.30595588684082)",1,3.8819122314453125,1,"(-2.0686755180358887, 6.141317367553711, 671.5311279296875)",1,"(0.5866854190826416, 0.7149410843849182)","(49.04539489746094, 93.63616180419922, 27.243749618530273)",1,4.0757293701171875,1,"(68.5469741821289, 1.3398656845092773, 667.9678344726562)",1
3010510739,2982188730,"(0.5842562317848206, 0.6663479804992676)","(47.70133590698242, 107.84781646728516, 32.416297912597656)",1,3.890380859375,1,"(-2.0850436687469482, 6.210216045379639, 671.6602783203125)",1,"(0.5859560370445251, 0.6991895437240601)","(48.64183044433594, 98.2428970336914, 28.92047119140625)",1,4.0715789794921875,1,"(68.50656127929688, 1.406330943107605, 668.0970458984375)",1
3010527440,2982205431,"(0.5681635141372681, 0.5389362573623657)","(38.797245025634766, 145.11083984375, 45.979000091552734)",1,3.9194183349609375,1,"(-2.114354372024536, 6.536436080932617, 671.4559936523438)",1,"(0.5638275742530823, 0.5503085255622864)","(36.39812469482422, 141.784912109375, 44.76845932006836)",1,4.1025238037109375,1,"(68.17719268798828, 1.7783926725387573, 667.9035034179688)",1
3010543854,2982221845,"(0.5408033132553101, 0.37861353158950806)","(23.65880584716797, 191.99913024902344, 63.044944763183594)",1,3.902130126953125,1,"(-2.2181992530822754, 6.839225769042969, 670.8993530273438)",1,"(0.5418203473091125, 0.4088839292526245)","(24.221576690673828, 183.14622497558594, 59.82270050048828)",1,4.094818115234375,1,"(67.86124420166016, 2.097273826599121, 667.3977661132812)",1
3010560600,2982238590,"(0.5344675183296204, 0.33509472012519836)","(20.153226852416992, 204.72671508789062, 67.67739868164062)",1,3.9092559814453125,1,"(-2.296464204788208, 6.8783721923828125, 670.7276000976562)",1,"(0.5343150496482849, 0.3635078966617584)","(20.06890106201172, 196.41697692871094, 64.65283966064453)",1,4.1069488525390625,1,"(67.80744171142578, 2.1612071990966797, 667.2767944335938)",1
3010577249,2982255240,"(0.5372192859649658, 0.3342001736164093)","(21.67576026916504, 204.9883270263672, 67.77262115478516)",1,3.9165496826171875,1,"(-2.389033079147339, 6.8475422859191895, 670.4444580078125)",1,"(0.5311440825462341, 0.357564777135849)","(18.31436538696289, 198.15509033203125, 65.28550720214844)",1,4.10113525390625,1,"(67.82241821289062, 2.114980459213257, 666.9656982421875)",1
3010593783,2982271774,"(0.5387330055236816, 0.3354915976524353)","(22.513357162475586, 204.61062622070312, 67.63518524169922)",1,3.8963165283203125,1,"(-2.432821750640869, 6.844644069671631, 670.3244018554688)",1,"(0.5300297737121582, 0.3594096004962921)","(17.697811126708984, 197.61557006835938, 65.089111328125)",1,4.087249755859375,1,"(67.82679748535156, 2.1217658519744873, 666.8455200195312)",1
3010610479,2982288469,"(0.5356133580207825, 0.3391827642917633)","(20.7872314453125, 203.5311279296875, 67.24227142333984)",1,3.901885986328125,1,"(-2.4507505893707275, 6.8476786613464355, 670.2030639648438)",1,"(0.5306251645088196, 0.36192721128463745)","(18.027250289916992, 196.87925720214844, 64.8211441040039)",1,4.0732879638671875,1,"(67.82012939453125, 2.136775255203247, 666.730712890625)",1
3010627173,2982305163,"(0.5346984267234802, 0.3411440849304199)","(20.280981063842773, 202.95750427246094, 67.03349304199219)",1,3.898162841796875,1,"(-2.4730570316314697, 6.854628562927246, 670.068359375)",1,"(0.5322779417037964, 0.36222517490386963)","(18.941730499267578, 196.79212951660156, 64.7894058227539)",1,4.065521240234375,1,"(67.82368469238281, 2.1675353050231934, 666.5818481445312)",1
3010643694,2982321684,"(0.535163938999176, 0.3447054922580719)","(20.5385684967041, 201.91592407226562, 66.65436553955078)",1,3.9004364013671875,1,"(-2.4960880279541016, 6.85315465927124, 670.0293579101562)",1,"(0.5317077040672302, 0.3648042678833008)","(18.626205444335938, 196.03782653808594, 64.51490020751953)",1,4.0640106201171875,1,"(67.83749389648438, 2.1823031902313232, 666.5441284179688)",1
3010660436,2982338426,"(0.5355360507965088, 0.338826447725296)","(20.744443893432617, 203.63536071777344, 67.28014373779297)",1,3.8898468017578125,1,"(-2.510824203491211, 6.837719440460205, 669.9559326171875)",1,"(0.5303318500518799, 0.3707179129123688)","(17.864967346191406, 194.3083038330078, 63.88541793823242)",1,4.0761566162109375,1,"(67.84522247314453, 2.1722328662872314, 666.4783935546875)",1
3010677080,2982355069,"(0.5393103957176208, 0.3431190848350525)","(22.832782745361328, 202.37991333007812, 66.82318878173828)",1,3.8939666748046875,1,"(-2.533454656600952, 6.827209949493408, 669.8040161132812)",1,"(0.5344506502151489, 0.3696129322052002)","(20.143903732299805, 194.63145446777344, 64.00300598144531)",1,4.057647705078125,1,"(67.84080505371094, 2.1409809589385986, 666.3130493164062)",1
3010693614,2982371603,"(0.5397343039512634, 0.3412400186061859)","(23.067340850830078, 202.929443359375, 67.02327728271484)",1,3.885498046875,1,"(-2.548863649368286, 6.826099872589111, 669.6819458007812)",1,"(0.5314527153968811, 0.36853456497192383)","(18.48516082763672, 194.94683837890625, 64.11782836914062)",1,4.069183349609375,1,"(67.84590148925781, 2.1059200763702393, 666.200439453125)",1
3010710304,2982388293,"(0.5388931035995483, 0.34068453311920166)","(22.601869583129883, 203.09190368652344, 67.08240509033203)",1,3.8936920166015625,1,"(-2.555476427078247, 6.826943397521973, 669.6785888671875)",1,"(0.531321108341217, 0.36732903122901917)","(18.412296295166016, 195.29942321777344, 64.24614715576172)",1,4.082000732421875,1,"(67.84638977050781, 2.0919015407562256, 666.1918334960938)",1
3010727005,2982404994,"(0.5370158553123474, 0.34132707118988037)","(21.56324005126953, 202.90399169921875, 67.01397705078125)",1,3.887115478515625,1,"(-2.5662147998809814, 6.828009128570557, 669.8346557617188)",1,"(0.532512903213501, 0.366007000207901)","(19.071735382080078, 195.68609619140625, 64.38685607910156)",1,4.0571746826171875,1,"(67.87266540527344, 2.087367296218872, 666.358642578125)",1
3010743543,2982421532,"(0.5378509759902954, 0.34129300713539124)","(22.025331497192383, 202.91395568847656, 67.01758575439453)",1,3.8824310302734375,1,"(-2.5780320167541504, 6.807775020599365, 670.0966796875)",1,"(0.5330280661582947, 0.35828036069869995)","(19.356761932373047, 197.94583129882812, 65.20933532714844)",1,4.0482940673828125,1,"(67.90435028076172, 2.070465326309204, 666.6143798828125)",1
3010760280,2982438269,"(0.5368216633796692, 0.34667906165122986)","(21.45577049255371, 201.33876037597656, 66.44426727294922)",1,3.8903961181640625,1,"(-2.5847890377044678, 6.802230358123779, 670.42333984375)",1,"(0.5327867865562439, 0.35982373356819153)","(19.223297119140625, 197.49440002441406, 65.04502868652344)",1,4.05572509765625,1,"(67.93093872070312, 2.059786319732666, 666.9063720703125)",1
3010776920,2982454909,"(0.5387272834777832, 0.34030595421791077)","(22.51015853881836, 203.20262145996094, 67.12268829345703)",1,3.9064178466796875,1,"(-2.629556655883789, 6.759332656860352, 670.6656494140625)",1,"(0.531779944896698, 0.35394564270973206)","(18.66619873046875, 199.2135467529297, 65.67073822021484)",1,4.0488128662109375,1,"(67.9338607788086, 2.0478718280792236, 667.1783447265625)",1
3010793463,2982471451,"(0.5395307540893555, 0.33517947793006897)","(22.9547119140625, 204.7019500732422, 67.6683578491211)",1,3.8934173583984375,1,"(-2.6921677589416504, 6.727891445159912, 670.562744140625)",1,"(0.5318285226821899, 0.3547944128513336)","(18.693096160888672, 198.96531677246094, 65.58041381835938)",1,4.0374603271484375,1,"(67.8655776977539, 2.052741527557373, 667.0811767578125)",1
3010810149,2982488137,"(0.5328776240348816, 0.3400745987892151)","(19.273557662963867, 203.2703094482422, 67.14729309082031)",1,3.8779296875,1,"(-2.73014760017395, 6.71914005279541, 670.516357421875)",1,"(0.5315225124359131, 0.36184343695640564)","(18.523738861083984, 196.90374755859375, 64.83009338378906)",1,4.042877197265625,1,"(67.8174057006836, 2.0594139099121094, 667.0463256835938)",1
3010826932,2982504920,"(0.5384588837623596, 0.3362492322921753)","(22.36164665222168, 204.3890838623047, 67.55449676513672)",1,3.8640899658203125,1,"(-2.835158109664917, 6.68764066696167, 670.25537109375)",1,"(0.5318058133125305, 0.35995274782180786)","(18.68049430847168, 197.4567108154297, 65.03131866455078)",1,4.0283203125,1,"(67.70124053955078, 2.0653605461120605, 666.7726440429688)",1
3010843383,2982521370,"(0.5394068956375122, 0.33831197023391724)","(22.88620948791504, 203.78579711914062, 67.3349380493164)",1,3.8578338623046875,1,"(-2.915503978729248, 6.656039237976074, 670.17041015625)",1,"(0.5332772731781006, 0.35859593749046326)","(19.49466323852539, 197.85354614257812, 65.17574310302734)",1,4.01239013671875,1,"(67.62191772460938, 2.0605740547180176, 666.7139282226562)",1
3010860115,2982538102,"(0.5329287052154541, 0.3390011489391327)","(19.301803588867188, 203.58424377441406, 67.26158142089844)",1,3.8631439208984375,1,"(-2.9394140243530273, 6.638546466827393, 670.3126831054688)",1,"(0.5315074920654297, 0.3607412576675415)","(18.515453338623047, 197.22610473632812, 64.9473648071289)",1,4.0164642333984375,1,"(67.60127258300781, 2.06732177734375, 666.8526611328125)",1
3010876847,2982554835,"(0.5366495251655579, 0.3389093279838562)","(21.36052703857422, 203.611083984375, 67.2713394165039)",1,3.845794677734375,1,"(-3.008925437927246, 6.645810127258301, 670.2545776367188)",1,"(0.5312690138816833, 0.3591838777065277)","(18.383527755737305, 197.68157958984375, 65.11315155029297)",1,3.9907684326171875,1,"(67.53546905517578, 2.1132829189300537, 666.79541015625)",1
3010893303,2982571291,"(0.5420423150062561, 0.3315768837928772)","(24.34439468383789, 205.75555419921875, 68.05183410644531)",1,3.824554443359375,1,"(-3.070552349090576, 6.6788554191589355, 670.424560546875)",1,"(0.5292040705680847, 0.360769122838974)","(17.240962982177734, 197.21795654296875, 64.94445037841797)",1,3.966400146484375,1,"(67.51020050048828, 2.181687116622925, 666.9848022460938)",1
3010909984,2982587971,"(0.5417671203613281, 0.333126962184906)","(24.19210433959961, 205.30221557617188, 67.88684844970703)",1,3.81512451171875,1,"(-3.1061267852783203, 6.702370643615723, 670.5224609375)",1,"(0.5317750573158264, 0.36053502559661865)","(18.66347885131836, 197.28640747070312, 64.9693374633789)",1,3.9655303955078125,1,"(67.49603271484375, 2.2049179077148438, 667.0747680664062)",1
3010926753,2982604740,"(0.5360347032546997, 0.3383149802684784)","(21.020320892333984, 203.78492736816406, 67.33462524414062)",1,3.805572509765625,1,"(-3.138836145401001, 6.722299575805664, 670.4581909179688)",1,"(0.5335303544998169, 0.3571067452430725)","(19.63467025756836, 198.28904724121094, 65.33424377441406)",1,3.9477081298828125,1,"(67.44416046142578, 2.245471715927124, 667.0113525390625)",1
3010943209,2982621196,"(0.5336490869522095, 0.3357838988304138)","(19.700414657592773, 204.52516174316406, 67.6040267944336)",1,3.7920684814453125,1,"(-3.174468517303467, 6.722530364990234, 670.3389282226562)",1,"(0.5317529439926147, 0.3540375530719757)","(18.65127182006836, 199.18667602539062, 65.66096496582031)",1,3.931549072265625,1,"(67.39263153076172, 2.2547638416290283, 666.8975219726562)",1
3010959941,2982637928,"(0.5351686477661133, 0.3407541513442993)","(20.54119110107422, 203.0715789794922, 67.0749740600586)",1,3.7996368408203125,1,"(-3.206669330596924, 6.73322057723999, 670.2040405273438)",1,"(0.5333772301673889, 0.3571554720401764)","(19.549955368041992, 198.27479553222656, 65.3290786743164)",1,3.9373779296875,1,"(67.35379028320312, 2.2579309940338135, 666.7843627929688)",1
3010976669,2982654655,"(0.5357505083084106, 0.3403531610965729)","(20.86313247680664, 203.1888427734375, 67.11763763427734)",1,3.785858154296875,1,"(-3.2612671852111816, 6.751430988311768, 670.0924072265625)",1,"(0.5317954421043396, 0.3590148687362671)","(18.674776077270508, 197.73098754882812, 65.1311264038086)",1,3.9148406982421875,1,"(67.29548645019531, 2.2912979125976562, 666.6697387695312)",1
3010993129,2982671115,"(0.5354896187782288, 0.3435892164707184)","(20.7187442779541, 202.24241638183594, 66.77317810058594)",1,3.78271484375,1,"(-3.307157039642334, 6.785917282104492, 670.02587890625)",1,"(0.5312983989715576, 0.36010852456092834)","(18.399747848510742, 197.41111755371094, 65.01472473144531)",1,3.90325927734375,1,"(67.25775909423828, 2.3395943641662598, 666.6136474609375)",1
3011009907,2982687893,"(0.5356890559196472, 0.3411136865615845)","(20.829078674316406, 202.96641540527344, 67.03668975830078)",1,3.7628173828125,1,"(-3.3335397243499756, 6.803457736968994, 670.2753295898438)",1,"(0.5302202701568604, 0.36553338170051575)","(17.8032169342041, 195.82456970214844, 64.43726348876953)",1,3.9048309326171875,1,"(67.26924896240234, 2.3686118125915527, 666.8360595703125)",1
3011026585,2982704571,"(0.5361219048500061, 0.3395785093307495)","(21.06858253479004, 203.41537475585938, 67.20013427734375)",1,3.7744598388671875,1,"(-3.3496296405792236, 6.799811840057373, 670.5087280273438)",1,"(0.5306360721588135, 0.35946857929229736)","(18.033246994018555, 197.59829711914062, 65.0828857421875)",1,3.8900146484375,1,"(67.287841796875, 2.3683862686157227, 667.0926513671875)",1
3011043049,2982721035,"(0.5347949266433716, 0.33462804555892944)","(20.334402084350586, 204.8632049560547, 67.7270736694336)",1,3.78179931640625,1,"(-3.3556933403015137, 6.7618255615234375, 670.6045532226562)",1,"(0.5303597450256348, 0.35991793870925903)","(17.880380630493164, 197.4668731689453, 65.0350570678711)",1,3.8885345458984375,1,"(67.3033218383789, 2.341813087463379, 667.1838989257812)",1
3011059777,2982737763,"(0.5349665284156799, 0.33008068799972534)","(20.42929458618164, 206.19314575195312, 68.21109771728516)",1,3.7614593505859375,1,"(-3.3588414192199707, 6.743533611297607, 670.6873779296875)",1,"(0.5314207077026367, 0.357451468706131)","(18.467435836791992, 198.188232421875, 65.29759216308594)",1,3.8974609375,1,"(67.3036117553711, 2.317617654800415, 667.2528686523438)",1
3011076499,2982754484,"(0.5350320339202881, 0.32923147082328796)","(20.465579986572266, 206.44149780273438, 68.3015365600586)",1,3.762908935546875,1,"(-3.3717868328094482, 6.730888843536377, 670.85107421875)",1,"(0.531601071357727, 0.35276174545288086)","(18.567249298095703, 199.55979919433594, 65.79674530029297)",1,3.88446044921875,1,"(67.30896759033203, 2.292738676071167, 667.4331665039062)",1
3011092969,2982770954,"(0.5335533618927002, 0.33874499797821045)","(19.647401809692383, 203.65919494628906, 67.28881072998047)",1,3.7758331298828125,1,"(-3.3982720375061035, 6.731720447540283, 670.8182373046875)",1,"(0.5321353077888489, 0.3469470143318176)","(18.862802505493164, 201.26036071777344, 66.41574096679688)",1,3.8740997314453125,1,"(67.27754974365234, 2.290386438369751, 667.3963623046875)",1
3011109743,2982787728,"(0.5315904021263123, 0.33587518334388733)","(18.56135368347168, 204.49847412109375, 67.59429168701172)",1,3.7575836181640625,1,"(-3.4260897636413574, 6.746072292327881, 670.877685546875)",1,"(0.5339315533638, 0.3455507755279541)","(19.856687545776367, 201.66873168945312, 66.56439208984375)",1,3.8804473876953125,1,"(67.26712799072266, 2.2911200523376465, 667.45458984375)",1
3011126415,2982804400,"(0.5352321863174438, 0.33563435077667236)","(20.576330184936523, 204.56890869140625, 67.61993408203125)",1,3.769989013671875,1,"(-3.4569528102874756, 6.7582106590271, 671.041015625)",1,"(0.5322368741035461, 0.3565457761287689)","(18.919025421142578, 198.45309448242188, 65.39398193359375)",1,3.8942718505859375,1,"(67.26170349121094, 2.2876510620117188, 667.6318969726562)",1
3011142889,2982820873,"(0.5338437557220459, 0.3323286175727844)","(19.80809211730957, 205.5357208251953, 67.97180938720703)",1,3.7658843994140625,1,"(-3.4676742553710938, 6.769829273223877, 671.1759033203125)",1,"(0.5294620990753174, 0.3584219813346863)","(17.383726119995117, 197.9044189453125, 65.19429016113281)",1,3.897979736328125,1,"(67.27220916748047, 2.286341667175293, 667.7666015625)",1
3011159613,2982837597,"(0.5345458984375, 0.33458903431892395)","(20.19658851623535, 204.87464904785156, 67.73121643066406)",1,3.7634429931640625,1,"(-3.4744226932525635, 6.781303882598877, 671.2905883789062)",1,"(0.5298396348953247, 0.35506942868232727)","(17.592573165893555, 198.88487243652344, 65.55113983154297)",1,3.900421142578125,1,"(67.27941131591797, 2.2933883666992188, 667.8634033203125)",1
3011176330,2982854314,"(0.5366615653038025, 0.33809107542037964)","(21.367168426513672, 203.8503875732422, 67.35845947265625)",1,3.7799530029296875,1,"(-3.475611448287964, 6.7985758781433105, 671.398681640625)",1,"(0.5296486616134644, 0.35505276918411255)","(17.486936569213867, 198.88975524902344, 65.55292510986328)",1,3.9002532958984375,1,"(67.28826141357422, 2.3200156688690186, 667.9827880859375)",1
3011192809,2982870793,"(0.5367128849029541, 0.33366626501083374)","(21.39560317993164, 205.14450073242188, 67.82943725585938)",1,3.7658538818359375,1,"(-3.4931061267852783, 6.820981979370117, 671.2619018554688)",1,"(0.529623806476593, 0.35734981298446655)","(17.473161697387695, 198.21800231933594, 65.3083724975586)",1,3.90618896484375,1,"(67.25968933105469, 2.3620429039001465, 667.8434448242188)",1
3011209579,2982887563,"(0.5329161882400513, 0.3353293240070343)","(19.294883728027344, 204.65811157226562, 67.65240478515625)",1,3.764862060546875,1,"(-3.508720636367798, 6.826877117156982, 671.0440673828125)",1,"(0.5292214751243591, 0.35719361901283264)","(17.250598907470703, 198.26368713378906, 65.32498168945312)",1,3.909698486328125,1,"(67.22225952148438, 2.3843939304351807, 667.650634765625)",1
3011226246,2982904230,"(0.5342260003089905, 0.33196884393692017)","(20.019611358642578, 205.64089965820312, 68.0101547241211)",1,3.7603302001953125,1,"(-3.5455610752105713, 6.8265767097473145, 670.8982543945312)",1,"(0.531765341758728, 0.36119598150253296)","(18.658105850219727, 197.09310913085938, 64.89900207519531)",1,3.90716552734375,1,"(67.17801666259766, 2.396449089050293, 667.4948120117188)",1
3011242729,2982920713,"(0.5371485352516174, 0.33349698781967163)","(21.636648178100586, 205.19400024414062, 67.84747314453125)",1,3.771697998046875,1,"(-3.5888853073120117, 6.811412334442139, 670.9345092773438)",1,"(0.5316200852394104, 0.3631061315536499)","(18.577722549438477, 196.53448486328125, 64.69566345214844)",1,3.91455078125,1,"(67.14787292480469, 2.3911821842193604, 667.5341186523438)",1
3011259545,2982937528,"(0.5371255874633789, 0.3323596715927124)","(21.623903274536133, 205.52664184570312, 67.96854400634766)",1,3.770233154296875,1,"(-3.6163594722747803, 6.796302795410156, 671.0149536132812)",1,"(0.5288161039352417, 0.35315343737602234)","(17.026283264160156, 199.4452667236328, 65.75508117675781)",1,3.91949462890625,1,"(67.13824462890625, 2.379833459854126, 667.6055297851562)",1
3011276162,2982954145,"(0.5347533226013184, 0.32895445823669434)","(20.31133460998535, 206.52255249023438, 68.33101654052734)",1,3.78118896484375,1,"(-3.6419825553894043, 6.773928165435791, 671.062255859375)",1,"(0.5306492447853088, 0.35470229387283325)","(18.04058074951172, 198.9922637939453, 65.5902099609375)",1,3.918426513671875,1,"(67.11017608642578, 2.3634722232818604, 667.6600952148438)",1
3011292649,2982970632,"(0.5352280139923096, 0.33584126830101013)","(20.573997497558594, 204.5083770751953, 67.59791564941406)",1,3.7952880859375,1,"(-3.6563830375671387, 6.770267486572266, 671.1294555664062)",1,"(0.5306369066238403, 0.35439544916152954)","(18.033740997314453, 199.08200073242188, 65.6229019165039)",1,3.9314117431640625,1,"(67.11317443847656, 2.3596723079681396, 667.7330322265625)",1
3011309413,2982987395,"(0.5332515239715576, 0.33720260858535767)","(19.480445861816406, 204.11024475097656, 67.45301055908203)",1,3.808074951171875,1,"(-3.667492389678955, 6.773114204406738, 671.2743530273438)",1,"(0.5290491580963135, 0.35273948311805725)","(17.155275344848633, 199.56629943847656, 65.79915618896484)",1,3.9343414306640625,1,"(67.11181640625, 2.3588857650756836, 667.8639526367188)",1
3011326076,2983004059,"(0.5183212161064148, 0.327772319316864)","(11.219473838806152, 206.8682403564453, 68.45686340332031)",1,3.798065185546875,1,"(-3.6987111568450928, 6.779702663421631, 671.1992797851562)",1,"(0.5132315158843994, 0.3513737618923187)","(8.40338134765625, 199.9657440185547, 65.94448852539062)",1,3.9554290771484375,1,"(67.01634979248047, 2.3657925128936768, 667.7952880859375)",1
3011342569,2983020552,"(0.5137944221496582, 0.32545962929725647)","(8.714783668518066, 207.5446319580078, 68.70303344726562)",1,3.7890167236328125,1,"(-3.66585111618042, 6.770651817321777, 670.7510986328125)",1,"(0.5146743059158325, 0.34280136227607727)","(9.20166015625, 202.4728240966797, 66.8570327758789)",1,3.9385528564453125,1,"(67.00566101074219, 2.356541395187378, 667.3784790039062)",1
3011359283,2983037265,"(0.5142472386360168, 0.3220352828502655)","(8.965343475341797, 208.54611206054688, 69.06755828857422)",1,3.801666259765625,1,"(-3.652872323989868, 6.75140380859375, 670.8084716796875)",1,"(0.5120097994804382, 0.32904136180877686)","(7.7273664474487305, 206.49710083007812, 68.3217544555664)",1,3.941925048828125,1,"(67.03179168701172, 2.3158257007598877, 667.4063720703125)",1
3011375992,2983053974,"(0.5141071677207947, 0.31643351912498474)","(8.887832641601562, 210.18443298339844, 69.6638412475586)",1,3.8019256591796875,1,"(-3.6592657566070557, 6.7203264236450195, 670.7771606445312)",1,"(0.5126752853393555, 0.32480934262275696)","(8.095625877380371, 207.73480224609375, 68.77224731445312)",1,3.94805908203125,1,"(67.03169250488281, 2.2822511196136475, 667.3778076171875)",1
3011392489,2983070471,"(0.5161905288696289, 0.3144514262676239)","(10.040571212768555, 210.7641143798828, 69.87480163574219)",1,3.7916107177734375,1,"(-3.7077207565307617, 6.695140361785889, 670.5028076171875)",1,"(0.5121214389801025, 0.33218833804130554)","(7.7891387939453125, 205.57672119140625, 67.98678588867188)",1,3.9575042724609375,1,"(66.9765853881836, 2.266906261444092, 667.113037109375)",1
3011409249,2983087230,"(0.5190263390541077, 0.312500536441803)","(11.609660148620605, 211.33465576171875, 70.0824966430664)",1,3.79290771484375,1,"(-3.7601258754730225, 6.681833267211914, 670.5003662109375)",1,"(0.512093722820282, 0.3301713466644287)","(7.773815155029297, 206.1666259765625, 68.20150756835938)",1,3.9437255859375,1,"(66.95095825195312, 2.2663228511810303, 667.1142578125)",1
3011425907,2983103888,"(0.5156474113464355, 0.3156290650367737)","(9.740065574645996, 210.41969299316406, 69.74946594238281)",1,3.7903900146484375,1,"(-3.791691303253174, 6.658512115478516, 670.3724365234375)",1,"(0.5129938721656799, 0.32738184928894043)","(8.271859169006348, 206.98245239257812, 68.49840545654297)",1,3.94024658203125,1,"(66.89859771728516, 2.2536323070526123, 666.9812622070312)",1
3011442409,2983120390,"(0.512569785118103, 0.3211599290370941)","(8.037184715270996, 208.80213928222656, 69.16070556640625)",1,3.7936248779296875,1,"(-3.8048486709594727, 6.6410064697265625, 669.9697265625)",1,"(0.5136362314224243, 0.33095672726631165)","(8.627262115478516, 205.93695068359375, 68.11782836914062)",1,3.9553070068359375,1,"(66.84593963623047, 2.22318696975708, 666.5796508789062)",1
3011459215,2983137196,"(0.5118740797042847, 0.3179076015949249)","(7.65226411819458, 209.7532958984375, 69.50691223144531)",1,3.807281494140625,1,"(-3.8112025260925293, 6.632010459899902, 669.817626953125)",1,"(0.5132808685302734, 0.33762288093566895)","(8.430604934692383, 203.98736572265625, 67.40824890136719)",1,3.9536285400390625,1,"(66.82931518554688, 2.2155964374542236, 666.4412841796875)",1
3011475823,2983153804,"(0.5111492276191711, 0.3180868923664093)","(7.2512288093566895, 209.70086669921875, 69.4878158569336)",1,3.8008575439453125,1,"(-3.8062965869903564, 6.642964839935303, 669.8138427734375)",1,"(0.5147649049758911, 0.33755213022232056)","(9.2517728805542, 204.008056640625, 67.415771484375)",1,3.9564208984375,1,"(66.83472442626953, 2.2081565856933594, 666.4364624023438)",1
3011492329,2983170310,"(0.512528121471405, 0.32099875807762146)","(8.014166831970215, 208.8492431640625, 69.1778793334961)",1,3.7987823486328125,1,"(-3.8209547996520996, 6.6571526527404785, 669.8861083984375)",1,"(0.5147352814674377, 0.3367477357387543)","(9.235404968261719, 204.2432861328125, 67.50144958496094)",1,3.9600982666015625,1,"(66.83479309082031, 2.2216062545776367, 666.5062866210938)",1
3011509084,2983187064,"(0.5108747482299805, 0.3184027373790741)","(7.099353790283203, 209.60848999023438, 69.4542007446289)",1,3.7956085205078125,1,"(-3.8310749530792236, 6.653008937835693, 669.9560546875)",1,"(0.5135460495948792, 0.33267512917518616)","(8.577386856079102, 205.43438720703125, 67.93496704101562)",1,3.9592437744140625,1,"(66.83770751953125, 2.2251274585723877, 666.5786743164062)",1
3011525835,2983203815,"(0.5130211710929871, 0.31762635707855225)","(8.286942481994629, 209.83555603027344, 69.536865234375)",1,3.804290771484375,1,"(-3.8791439533233643, 6.6288228034973145, 670.0187377929688)",1,"(0.5094476938247681, 0.3346578776836395)","(6.309711933135986, 204.85450744628906, 67.7238998413086)",1,3.953826904296875,1,"(66.81404876708984, 2.220451831817627, 666.6492919921875)",1
3011542249,2983220229,"(0.5164610147476196, 0.3112528324127197)","(10.190272331237793, 211.69956970214844, 70.21527862548828)",1,3.810638427734375,1,"(-3.9532711505889893, 6.57651948928833, 670.0346069335938)",1,"(0.5093985199928284, 0.3354986011981964)","(6.2825236320495605, 204.60861206054688, 67.63440704345703)",1,3.9635162353515625,1,"(66.7542724609375, 2.197349786758423, 666.6727905273438)",1
3011558954,2983236934,"(0.5157630443572998, 0.31962233781814575)","(9.804020881652832, 209.2518310546875, 69.32437133789062)",1,3.801483154296875,1,"(-4.012712001800537, 6.551835536956787, 669.904541015625)",1,"(0.5135729908943176, 0.3396667540073395)","(8.592286109924316, 203.38958740234375, 67.1906967163086)",1,3.960052490234375,1,"(66.67876434326172, 2.183274507522583, 666.5527954101562)",1
3011575653,2983253632,"(0.5134198665618896, 0.324745237827301)","(8.507600784301758, 207.7535400390625, 68.77904510498047)",1,3.8028106689453125,1,"(-4.096397876739502, 6.5140061378479, 669.830810546875)",1,"(0.511498212814331, 0.3396884500980377)","(7.4442853927612305, 203.3832550048828, 67.18840026855469)",1,3.951568603515625,1,"(66.58041381835938, 2.166170835494995, 666.4827270507812)",1
3011592165,2983270144,"(0.5161052942276001, 0.32092809677124023)","(9.993385314941406, 208.8699493408203, 69.18538665771484)",1,3.7923126220703125,1,"(-4.182683944702148, 6.489443778991699, 669.7320556640625)",1,"(0.5134239792823792, 0.33849501609802246)","(8.509848594665527, 203.73228454589844, 67.31541442871094)",1,3.93634033203125,1,"(66.48998260498047, 2.1646296977996826, 666.3839111328125)",1
3011608920,2983286899,"(0.5164762735366821, 0.3194305896759033)","(10.198667526245117, 209.30789184570312, 69.34478759765625)",1,3.8008880615234375,1,"(-4.224154949188232, 6.465991497039795, 669.5338745117188)",1,"(0.5148941278457642, 0.3426077961921692)","(9.323310852050781, 202.52943420410156, 66.87763214111328)",1,3.9603424072265625,1,"(66.4284439086914, 2.156623125076294, 666.2132568359375)",1
3011625665,2983303644,"(0.5127162337303162, 0.32219353318214417)","(8.11823558807373, 208.49984741210938, 69.05071258544922)",1,3.812225341796875,1,"(-4.2439374923706055, 6.45338773727417, 669.3598022460938)",1,"(0.512353241443634, 0.3440777659416199)","(7.917397975921631, 202.0995330810547, 66.72116088867188)",1,3.9495391845703125,1,"(66.3713607788086, 2.161083221435547, 666.0299072265625)",1
3011642085,2983320064,"(0.5089327692985535, 0.325421005487442)","(6.024821758270264, 207.55596923828125, 68.70709991455078)",1,3.814178466796875,1,"(-4.2488884925842285, 6.455606937408447, 669.1919555664062)",1,"(0.5100670456886292, 0.3403712213039398)","(6.652455806732178, 203.1835479736328, 67.1157455444336)",1,3.9454193115234375,1,"(66.34223937988281, 2.183394432067871, 665.8612670898438)",1
3011658790,2983336769,"(0.510745108127594, 0.32512617111206055)","(7.0275959968566895, 207.6421661376953, 68.73844909667969)",1,3.80377197265625,1,"(-4.258355140686035, 6.4753031730651855, 669.179931640625)",1,"(0.5119920969009399, 0.33977702260017395)","(7.71757698059082, 203.35733032226562, 67.17899322509766)",1,3.9470977783203125,1,"(66.3302230834961, 2.196909189224243, 665.8472900390625)",1
3011675484,2983353463,"(0.5138322114944458, 0.3261473774909973)","(8.735688209533691, 207.34347534179688, 68.62985229492188)",1,3.8204498291015625,1,"(-4.289743423461914, 6.521811485290527, 669.2811279296875)",1,"(0.5105379819869995, 0.339702308177948)","(6.913005828857422, 203.37918090820312, 67.18692779541016)",1,3.944610595703125,1,"(66.30622863769531, 2.2562975883483887, 665.9591064453125)",1
3011692005,2983369983,"(0.5142083764076233, 0.3291833996772766)","(8.943878173828125, 206.45555114746094, 68.30664825439453)",1,3.8137664794921875,1,"(-4.335171699523926, 6.557490825653076, 669.4691162109375)",1,"(0.5104796886444092, 0.338301420211792)","(6.880777359008789, 203.7888946533203, 67.33605194091797)",1,3.95361328125,1,"(66.28773498535156, 2.2983829975128174, 666.1500244140625)",1
3011708756,2983386734,"(0.512570858001709, 0.32659462094306946)","(8.037813186645508, 207.21267700195312, 68.58222198486328)",1,3.8094940185546875,1,"(-4.355204105377197, 6.561191082000732, 669.4005737304688)",1,"(0.5094224810600281, 0.3430493175983429)","(6.295825481414795, 202.40028381347656, 66.83065795898438)",1,3.9751434326171875,1,"(66.2580337524414, 2.3107104301452637, 666.0956420898438)",1
3011725496,2983403474,"(0.5136207342147827, 0.3275752067565918)","(8.6187105178833, 206.92591857910156, 68.47784423828125)",1,3.8097686767578125,1,"(-4.396236896514893, 6.567265510559082, 669.2808837890625)",1,"(0.5081515312194824, 0.3385260999202728)","(5.592602729797363, 203.72317504882812, 67.31214904785156)",1,3.9726104736328125,1,"(66.20640563964844, 2.3140153884887695, 665.9708251953125)",1
3011741925,2983419903,"(0.5129603147506714, 0.3342769742012024)","(8.253254890441895, 204.96591186523438, 67.76444244384766)",1,3.827789306640625,1,"(-4.419917106628418, 6.591804027557373, 669.1766357421875)",1,"(0.5085521340370178, 0.3405056893825531)","(5.814201354980469, 203.1442413330078, 67.10137176513672)",1,3.9733734130859375,1,"(66.17186737060547, 2.338723659515381, 665.8778076171875)",1
3011758722,2983436699,"(0.5146916508674622, 0.33304134011268616)","(9.211222648620605, 205.32723999023438, 67.8959732055664)",1,3.8336334228515625,1,"(-4.4476542472839355, 6.617258071899414, 669.196044921875)",1,"(0.5090951323509216, 0.34590819478034973)","(6.114672660827637, 201.56422424316406, 66.52630615234375)",1,3.959197998046875,1,"(66.16212463378906, 2.367788553237915, 665.88916015625)",1
3011775412,2983453390,"(0.516162097454071, 0.32895517349243164)","(10.024849891662598, 206.52232360839844, 68.3309097290039)",1,3.8462066650390625,1,"(-4.449622631072998, 6.6404008865356445, 669.232177734375)",1,"(0.5084689259529114, 0.3437493145465851)","(5.768182754516602, 202.19561767578125, 66.75614929199219)",1,3.97216796875,1,"(66.1668701171875, 2.4003756046295166, 665.927734375)",1
3011791845,2983469822,"(0.5182117819786072, 0.32917606830596924)","(11.158936500549316, 206.45770263671875, 68.30740356445312)",1,3.8410491943359375,1,"(-4.441004276275635, 6.653905391693115, 669.2671508789062)",1,"(0.5103488564491272, 0.34133782982826233)","(6.808361053466797, 202.90087890625, 67.01284790039062)",1,3.98101806640625,1,"(66.18180847167969, 2.420534372329712, 665.9498291015625)",1
3011808590,2983486567,"(0.51917964220047, 0.327810138463974)","(11.694453239440918, 206.85719299316406, 68.45278930664062)",1,3.84869384765625,1,"(-4.431406497955322, 6.648749828338623, 669.2802124023438)",1,"(0.5061853528022766, 0.3410373628139496)","(4.504715919494629, 202.98873901367188, 67.04481506347656)",1,3.9779205322265625,1,"(66.2032699584961, 2.421135187149048, 665.95947265625)",1
3011825328,2983503305,"(0.5170283317565918, 0.32661640644073486)","(10.504138946533203, 207.20628356933594, 68.57987976074219)",1,3.835479736328125,1,"(-4.420038223266602, 6.6284871101379395, 669.1953125)",1,"(0.5073143243789673, 0.34340301156044006)","(5.129368305206299, 202.29689025878906, 66.79295349121094)",1,4.002105712890625,1,"(66.20223236083984, 2.3956103324890137, 665.8670043945312)",1
3011841765,2983519741,"(0.513658344745636, 0.3260958790779114)","(8.639493942260742, 207.35855102539062, 68.63526153564453)",1,3.8405609130859375,1,"(-4.424990653991699, 6.595699787139893, 669.05615234375)",1,"(0.5103989839553833, 0.3490704596042633)","(6.836117744445801, 200.6393585205078, 66.18975830078125)",1,3.9956512451171875,1,"(66.17715454101562, 2.366563081741333, 665.7406005859375)",1
3011858556,2983536532,"(0.5137311220169067, 0.33341675996780396)","(8.679797172546387, 205.21746826171875, 67.85595703125)",1,3.85748291015625,1,"(-4.440480709075928, 6.569202423095703, 669.0340576171875)",1,"(0.5091922879219055, 0.343850314617157)","(6.16843843460083, 202.16604614257812, 66.74542999267578)",1,3.9827880859375,1,"(66.15877532958984, 2.331076145172119, 665.72314453125)",1
3011875146,2983553122,"(0.5120938420295715, 0.326955646276474)","(7.773883819580078, 207.10711669921875, 68.5437240600586)",1,3.8536529541015625,1,"(-4.459814071655273, 6.524432182312012, 669.0579223632812)",1,"(0.5087604522705078, 0.3422958552837372)","(5.929503917694092, 202.62066650390625, 66.9108657836914)",1,3.9937896728515625,1,"(66.13703918457031, 2.2828009128570557, 665.7520141601562)",1
3011891685,2983569661,"(0.5118992328643799, 0.3212546110153198)","(7.6661858558654785, 208.77439880371094, 69.15064239501953)",1,3.860992431640625,1,"(-4.4688920974731445, 6.492757320404053, 669.0714111328125)",1,"(0.5096574425697327, 0.337527871131897)","(6.425838470458984, 204.01512145996094, 67.41838073730469)",1,3.985870361328125,1,"(66.13265228271484, 2.2457032203674316, 665.767822265625)",1
3011908426,2983586401,"(0.5140886306762695, 0.32431885600090027)","(8.877605438232422, 207.87826538085938, 68.82447814941406)",1,3.848114013671875,1,"(-4.464319229125977, 6.481165409088135, 669.070068359375)",1,"(0.5083040595054626, 0.3354272246360779)","(5.676967144012451, 204.62948608398438, 67.64197540283203)",1,3.986541748046875,1,"(66.13270568847656, 2.236104726791382, 665.7646484375)",1
3011925158,2983603133,"(0.5179736018180847, 0.32802197337150574)","(11.02716064453125, 206.7952423095703, 68.43025207519531)",1,3.865142822265625,1,"(-4.451231956481934, 6.478116512298584, 668.9620361328125)",1,"(0.5100749135017395, 0.33354106545448303)","(6.656811714172363, 205.18112182617188, 67.84275817871094)",1,3.9907379150390625,1,"(66.1513900756836, 2.227893114089966, 665.6461181640625)",1
3011941605,2983619580,"(0.5181732177734375, 0.3222965896129608)","(11.137615203857422, 208.46971130371094, 69.03971862792969)",1,3.86090087890625,1,"(-4.426385879516602, 6.486401557922363, 668.9213256835938)",1,"(0.5108626484870911, 0.33621931076049805)","(7.092662811279297, 204.3978271484375, 67.55768585205078)",1,4.000091552734375,1,"(66.17696380615234, 2.239335060119629, 665.6056518554688)",1
3011958392,2983636367,"(0.5193076133728027, 0.3254743814468384)","(11.765230178833008, 207.54029846191406, 68.70144653320312)",1,3.8708648681640625,1,"(-4.41261100769043, 6.495930194854736, 668.845703125)",1,"(0.5083175897598267, 0.33596643805503845)","(5.684464931488037, 204.47177124023438, 67.5845947265625)",1,3.9970550537109375,1,"(66.1882553100586, 2.244582176208496, 665.537109375)",1
3011975073,2983653048,"(0.517724335193634, 0.326541543006897)","(10.889235496520996, 207.22817993164062, 68.58787536621094)",1,3.8608551025390625,1,"(-4.407473564147949, 6.496486186981201, 668.6724243164062)",1,"(0.5088580250740051, 0.33820560574531555)","(5.983504772186279, 203.81690979003906, 67.34624481201172)",1,3.998321533203125,1,"(66.17333221435547, 2.249664545059204, 665.3492431640625)",1
3011991521,2983669496,"(0.5176858305931091, 0.32780689001083374)","(10.867929458618164, 206.85812377929688, 68.45317840576172)",1,3.86273193359375,1,"(-4.424195766448975, 6.485027313232422, 668.4658203125)",1,"(0.5076176524162292, 0.3371239900588989)","(5.297203540802002, 204.1332244873047, 67.46139526367188)",1,4.0018310546875,1,"(66.13676452636719, 2.246544599533081, 665.1500854492188)",1
3012008261,2983686236,"(0.5186753869056702, 0.3267885148525238)","(11.41541862487793, 207.1559600830078, 68.56155395507812)",1,3.8806304931640625,1,"(-4.439440727233887, 6.47430419921875, 668.3500366210938)",1,"(0.5077391266822815, 0.3357009291648865)","(5.364420413970947, 204.54942321777344, 67.61286926269531)",1,4.0138092041015625,1,"(66.10757446289062, 2.243537425994873, 665.0474243164062)",1
3012024989,2983702963,"(0.5170567035675049, 0.3278360962867737)","(10.519837379455566, 206.849609375, 68.45003509521484)",1,3.870086669921875,1,"(-4.452779293060303, 6.467006206512451, 668.2408447265625)",1,"(0.5091761946678162, 0.33909890055656433)","(6.159587860107422, 203.55564880371094, 67.2511215209961)",1,4.0123443603515625,1,"(66.06104278564453, 2.2318365573883057, 664.9328002929688)",1
3012041441,2983719415,"(0.516525387763977, 0.32825300097465515)","(10.22585678100586, 206.7276611328125, 68.40565490722656)",1,3.8890533447265625,1,"(-4.458840847015381, 6.454333305358887, 668.1641235351562)",1,"(0.5141263604164124, 0.3377687931060791)","(8.898451805114746, 203.9446563720703, 67.39278411865234)",1,4.00482177734375,1,"(66.03845977783203, 2.218937635421753, 664.8614501953125)",1
3012058227,2983736201,"(0.5156125426292419, 0.3319230079650879)","(9.720755577087402, 205.6543426513672, 68.0149917602539)",1,3.8993072509765625,1,"(-4.45884370803833, 6.447863578796387, 668.21044921875)",1,"(0.5114593505859375, 0.3381737470626831)","(7.422764778137207, 203.8262176513672, 67.34969329833984)",1,4.007080078125,1,"(66.0445327758789, 2.2156877517700195, 664.9046630859375)",1
3012074905,2983752878,"(0.5192976593971252, 0.32999536395072937)","(11.75973129272461, 206.21812438964844, 68.22020721435547)",1,3.897186279296875,1,"(-4.449692726135254, 6.44620418548584, 668.2130737304688)",1,"(0.5114173889160156, 0.3394536077976227)","(7.399567604064941, 203.45191955566406, 67.21337890625)",1,4.0175933837890625,1,"(66.07562255859375, 2.214512348175049, 664.9059448242188)",1
3012091361,2983769335,"(0.5217940211296082, 0.32650434970855713)","(13.140968322753906, 207.23910522460938, 68.59181213378906)",1,3.884674072265625,1,"(-4.427440166473389, 6.450527667999268, 668.1951904296875)",1,"(0.5105471014976501, 0.338691771030426)","(6.918072700500488, 203.67471313476562, 67.29450225830078)",1,4.0187530517578125,1,"(66.1076889038086, 2.222787857055664, 664.8829345703125)",1
3012108097,2983786070,"(0.5212727785110474, 0.32778897881507874)","(12.852564811706543, 206.8634033203125, 68.45507049560547)",1,3.8954010009765625,1,"(-4.404897689819336, 6.453409671783447, 668.0833740234375)",1,"(0.5084999799728394, 0.34044578671455383)","(5.785365581512451, 203.16175842285156, 67.1077651977539)",1,4.0146026611328125,1,"(66.12186431884766, 2.226328134536743, 664.7784423828125)",1
3012124819,2983802792,"(0.5199958086013794, 0.3301888406276703)","(12.146021842956543, 206.1614990234375, 68.1996078491211)",1,3.907806396484375,1,"(-4.386358261108398, 6.451026916503906, 667.8919067382812)",1,"(0.5057903528213501, 0.33678197860717773)","(4.286130905151367, 204.23326110839844, 67.49778747558594)",1,4.0239715576171875,1,"(66.12458038330078, 2.22344708442688, 664.5679931640625)",1
3012141281,2983819254,"(0.517370343208313, 0.33355608582496643)","(10.69336223602295, 205.17672729492188, 67.84117889404297)",1,3.9207305908203125,1,"(-4.382254600524902, 6.435626029968262, 667.76123046875)",1,"(0.5049283504486084, 0.3391640782356262)","(3.8091862201690674, 203.53659057617188, 67.24423217773438)",1,4.02642822265625,1,"(66.1093978881836, 2.2017645835876465, 664.44873046875)",1
3012157967,2983835940,"(0.5201511383056641, 0.3308391273021698)","(12.231986999511719, 205.97134399414062, 68.13040924072266)",1,3.9090576171875,1,"(-4.404873371124268, 6.419345855712891, 667.71044921875)",1,"(0.5045029520988464, 0.34765708446502686)","(3.5738167762756348, 201.052734375, 66.34015655517578)",1,4.0471038818359375,1,"(66.08892822265625, 2.19205904006958, 664.400634765625)",1
3012174735,2983852707,"(0.5208779573440552, 0.3310469388961792)","(12.634121894836426, 205.91058349609375, 68.10823822021484)",1,3.9097747802734375,1,"(-4.434642314910889, 6.394599437713623, 667.5818481445312)",1,"(0.5094915628433228, 0.3392944037914276)","(6.334014415740967, 203.49850463867188, 67.23036193847656)",1,4.0217437744140625,1,"(66.03972625732422, 2.153693914413452, 664.2680053710938)",1
3012191201,2983869173,"(0.5176230669021606, 0.3345704674720764)","(10.833187103271484, 204.8800506591797, 67.7331771850586)",1,3.9017486572265625,1,"(-4.447271347045898, 6.376311779022217, 667.3783569335938)",1,"(0.5086132884025574, 0.3463485836982727)","(5.848062038421631, 201.43540954589844, 66.47940826416016)",1,4.032470703125,1,"(65.99655151367188, 2.13240385055542, 664.0748901367188)",1
3012207933,2983885905,"(0.5169767141342163, 0.3370892405509949)","(10.47554874420166, 204.14340209960938, 67.46510314941406)",1,3.9115753173828125,1,"(-4.456027507781982, 6.37101936340332, 667.3375244140625)",1,"(0.5057740807533264, 0.34904903173446655)","(4.2771501541137695, 200.64564514160156, 66.19195556640625)",1,4.0429534912109375,1,"(65.98743438720703, 2.1359922885894775, 664.0377807617188)",1
3012224650,2983902621,"(0.515399158000946, 0.3432709276676178)","(9.602690696716309, 202.3354949951172, 66.80708312988281)",1,3.9057464599609375,1,"(-4.462348937988281, 6.361086845397949, 667.3062133789062)",1,"(0.5053789615631104, 0.3459579646587372)","(4.058506965637207, 201.54962158203125, 66.52108001708984)",1,4.02911376953125,1,"(65.97978973388672, 2.1329822540283203, 664.0044555664062)",1
3012241121,2983919093,"(0.5162265300750732, 0.3656529486179352)","(10.060492515563965, 195.78961181640625, 64.42455291748047)",1,3.920166015625,1,"(-4.42781400680542, 6.294467926025391, 667.4710693359375)",1,"(0.5044332146644592, 0.3585723638534546)","(3.535257339477539, 197.86041259765625, 65.17829132080078)",1,4.017578125,1,"(65.99310302734375, 2.070537567138672, 664.1693115234375)",1
3012257899,2983935870,"(0.5122334957122803, 0.36739102005958557)","(7.851130485534668, 195.28126525878906, 64.23954010009766)",1,3.9248199462890625,1,"(-4.404500961303711, 6.295565128326416, 667.682373046875)",1,"(0.5060487389564514, 0.35979267954826355)","(4.4291090965271, 197.50350952148438, 65.04840850830078)",1,4.0308074951171875,1,"(66.04109954833984, 2.054490327835083, 664.3655395507812)",1
3012274566,2983952537,"(0.512772798538208, 0.3666844069957733)","(8.149530410766602, 195.48794555664062, 64.31476593017578)",1,3.922210693359375,1,"(-4.402882099151611, 6.306188106536865, 667.84375)",1,"(0.5048866271972656, 0.3635442852973938)","(3.7861244678497314, 196.40631103515625, 64.64900970458984)",1,4.0286865234375,1,"(66.0903549194336, 2.0448710918426514, 664.5343017578125)",1
3012291041,2983969012,"(0.5118905901908875, 0.36428534984588623)","(7.661395072937012, 196.18959045410156, 64.57013702392578)",1,3.9245758056640625,1,"(-4.414061546325684, 6.302420616149902, 667.88330078125)",1,"(0.5042197704315186, 0.36776864528656006)","(3.4171223640441895, 195.17086791992188, 64.19935607910156)",1,4.0453338623046875,1,"(66.08504486083984, 2.0370309352874756, 664.5814819335938)",1
3012307865,2983985835,"(0.5143591165542603, 0.35774657130241394)","(9.027251243591309, 198.10189819335938, 65.26615142822266)",1,3.9087066650390625,1,"(-4.448800086975098, 6.287115097045898, 668.0177612304688)",1,"(0.5045368671417236, 0.36729446053504944)","(3.592620849609375, 195.30950927734375, 64.24981689453125)",1,4.043701171875,1,"(66.0748062133789, 2.02760910987854, 664.7047119140625)",1
3012324482,2984002453,"(0.5120076537132263, 0.35567763447761536)","(7.726208686828613, 198.70701599121094, 65.48637390136719)",1,3.9173126220703125,1,"(-4.4930267333984375, 6.249104022979736, 668.1962890625)",1,"(0.5031571388244629, 0.3753754198551178)","(2.8292102813720703, 192.94618225097656, 63.38957977294922)",1,4.052154541015625,1,"(66.03638458251953, 1.9944645166397095, 664.9025268554688)",1
3012340961,2984018931,"(0.5135596990585327, 0.3614967465400696)","(8.584908485412598, 197.005126953125, 64.86697387695312)",1,3.9378509521484375,1,"(-4.55570650100708, 6.214963436126709, 668.3590087890625)",1,"(0.5048502683639526, 0.37531471252441406)","(3.7659807205200195, 192.96392822265625, 63.39607620239258)",1,4.057342529296875,1,"(66.00150299072266, 1.9639856815338135, 665.0650024414062)",1
3012357733,2984035703,"(0.5177839398384094, 0.36118894815444946)","(10.922212600708008, 197.09515380859375, 64.89973449707031)",1,3.9383697509765625,1,"(-4.603936195373535, 6.1852126121521, 668.5040893554688)",1,"(0.5030797719955444, 0.383322536945343)","(2.786367177963257, 190.6219482421875, 62.54366683959961)",1,4.058135986328125,1,"(65.99810028076172, 1.9586883783340454, 665.2086181640625)",1
3012374396,2984052366,"(0.5182837843894958, 0.3710384666919708)","(11.198770523071289, 194.21456909179688, 63.851280212402344)",1,3.951202392578125,1,"(-4.648226737976074, 6.1630778312683105, 668.5204467773438)",1,"(0.5036174058914185, 0.37992528080940247)","(3.0838446617126465, 191.615478515625, 62.90531539916992)",1,4.06158447265625,1,"(65.95624542236328, 1.940288782119751, 665.2315673828125)",1
3012390881,2984068851,"(0.5120723247528076, 0.3716917037963867)","(7.76193904876709, 194.0235137939453, 63.78171157836914)",1,3.9429168701171875,1,"(-4.67073392868042, 6.152570724487305, 668.2587280273438)",1,"(0.501841127872467, 0.37919649481773376)","(2.101060152053833, 191.82864379882812, 62.9828987121582)",1,4.0695648193359375,1,"(65.89456176757812, 1.9476807117462158, 664.9814453125)",1
3012407603,2984085573,"(0.514337956905365, 0.36529916524887085)","(9.015531539916992, 195.89306640625, 64.46222686767578)",1,3.923583984375,1,"(-4.697909832000732, 6.146326065063477, 668.2166748046875)",1,"(0.5035569071769714, 0.3754691481590271)","(3.0504205226898193, 192.91876220703125, 63.37965774536133)",1,4.06024169921875,1,"(65.85868072509766, 1.9541493654251099, 664.9341430664062)",1
3012424312,2984102281,"(0.5129784941673279, 0.3679916262626648)","(8.263309478759766, 195.10565185546875, 64.17558288574219)",1,3.949310302734375,1,"(-4.730710029602051, 6.134689807891846, 668.2793579101562)",1,"(0.5040217041969299, 0.3765937089920044)","(3.307563066482544, 192.58985900878906, 63.259925842285156)",1,4.0705413818359375,1,"(65.82609558105469, 1.9703471660614014, 665.0052490234375)",1
3012440801,2984118770,"(0.5154675841331482, 0.3572194576263428)","(9.64051342010498, 198.25608825683594, 65.322265625)",1,3.937408447265625,1,"(-4.788565158843994, 6.110869884490967, 668.5231323242188)",1,"(0.5053938031196594, 0.37883031368255615)","(4.06674337387085, 191.93572998046875, 63.02187728881836)",1,4.072998046875,1,"(65.80219268798828, 1.9672820568084717, 665.2442016601562)",1
3012457569,2984135538,"(0.5111570954322815, 0.36230823397636414)","(7.255562782287598, 196.76780700683594, 64.78058624267578)",1,3.935211181640625,1,"(-4.811553001403809, 6.10845947265625, 668.6063232421875)",1,"(0.502427339553833, 0.375548779964447)","(2.4254157543182373, 192.89544677734375, 63.37116622924805)",1,4.076202392578125,1,"(65.79363250732422, 1.9681569337844849, 665.340576171875)",1
3012474227,2984152195,"(0.5141423344612122, 0.370087593793869)","(8.907299041748047, 194.49264526367188, 63.952457427978516)",1,3.940338134765625,1,"(-4.878136157989502, 6.111577033996582, 668.523193359375)",1,"(0.5021621584892273, 0.37620559334754944)","(2.278718948364258, 192.703369140625, 63.30122375488281)",1,4.07000732421875,1,"(65.71935272216797, 1.9807053804397583, 665.2608642578125)",1
3012490721,2984168689,"(0.5154587030410767, 0.3732549548149109)","(9.635673522949219, 193.56631469726562, 63.615291595458984)",1,3.943756103515625,1,"(-4.936797618865967, 6.123257160186768, 668.4932250976562)",1,"(0.5021476745605469, 0.37513306736946106)","(2.2706592082977295, 193.0170135498047, 63.41542053222656)",1,4.0764312744140625,1,"(65.6553955078125, 2.0011231899261475, 665.2410278320312)",1
3012507535,2984185503,"(0.5128755569458008, 0.3602771461009979)","(8.206404685974121, 197.36183166503906, 64.99674987792969)",1,3.9432525634765625,1,"(-4.9604878425598145, 6.1282267570495605, 668.5377197265625)",1,"(0.5041121244430542, 0.3691933751106262)","(3.3576302528381348, 194.75416564941406, 64.04767608642578)",1,4.083526611328125,1,"(65.63273620605469, 2.0070457458496094, 665.27978515625)",1
3012524143,2984202111,"(0.513938307762146, 0.36503472924232483)","(8.794437408447266, 195.9704132080078, 64.4903564453125)",1,3.9464569091796875,1,"(-4.968804836273193, 6.150537490844727, 668.5536499023438)",1,"(0.5005955100059509, 0.37087100744247437)","(1.4118503332138062, 194.26351928710938, 63.869110107421875)",1,4.0777130126953125,1,"(65.63346862792969, 2.0267367362976074, 665.2972412109375)",1
3012540641,2984218609,"(0.513335108757019, 0.36106589436531067)","(8.460679054260254, 197.1311492919922, 64.912841796875)",1,3.9366912841796875,1,"(-4.94272518157959, 6.187058925628662, 668.3977661132812)",1,"(0.5014877319335938, 0.3706831634044647)","(1.9055123329162598, 194.31846618652344, 63.889095306396484)",1,4.0753021240234375,1,"(65.63890075683594, 2.0644607543945312, 665.140380859375)",1
3012557404,2984235371,"(0.5105966925621033, 0.36687925457954407)","(6.945507526397705, 195.43096923828125, 64.29401397705078)",1,3.959136962890625,1,"(-4.926443576812744, 6.226478576660156, 668.3452758789062)",1,"(0.5015393495559692, 0.37555381655693054)","(1.9341120719909668, 192.89398193359375, 63.370628356933594)",1,4.0752105712890625,1,"(65.65493774414062, 2.1049411296844482, 665.0936889648438)",1
3012574155,2984252122,"(0.5122084617614746, 0.3612891137599945)","(7.837312698364258, 197.06585693359375, 64.88905334472656)",1,3.95233154296875,1,"(-4.91359806060791, 6.266629695892334, 668.2819213867188)",1,"(0.5002772808074951, 0.379366397857666)","(1.2358075380325317, 191.77899169921875, 62.96474075317383)",1,4.087890625,1,"(65.66621398925781, 2.1473734378814697, 665.023193359375)",1
3012590561,2984268528,"(0.5131579637527466, 0.36314845085144043)","(8.362653732299805, 196.5220947265625, 64.6911392211914)",1,3.955291748046875,1,"(-4.911397933959961, 6.280416488647461, 668.2632446289062)",1,"(0.5017315149307251, 0.37526261806488037)","(2.0403692722320557, 192.97915649414062, 63.40162658691406)",1,4.0855712890625,1,"(65.6756362915039, 2.1603100299835205, 664.9998168945312)",1
3012607370,2984285337,"(0.5127328038215637, 0.3603341281414032)","(8.127411842346191, 197.34518432617188, 64.99072265625)",1,3.941497802734375,1,"(-4.909989356994629, 6.275073528289795, 668.2413330078125)",1,"(0.5024042725563049, 0.37455323338508606)","(2.412605047225952, 193.18661499023438, 63.47715377807617)",1,4.0847015380859375,1,"(65.67974853515625, 2.1518592834472656, 664.9785766601562)",1
3012623973,2984301939,"(0.5110325813293457, 0.359099417924881)","(7.186699390411377, 197.70628356933594, 65.12213897705078)",1,3.9454345703125,1,"(-4.907541751861572, 6.2447991371154785, 668.1663818359375)",1,"(0.503650426864624, 0.37360304594039917)","(3.102128028869629, 193.46449279785156, 63.57828903198242)",1,4.090484619140625,1,"(65.66641235351562, 2.117292881011963, 664.8980712890625)",1
3012640481,2984318447,"(0.509870707988739, 0.36272993683815)","(6.5438127517700195, 196.6444854736328, 64.73570251464844)",1,3.9483795166015625,1,"(-4.922351837158203, 6.2091593742370605, 667.9798583984375)",1,"(0.5049085021018982, 0.36356115341186523)","(3.7982375621795654, 196.40138244628906, 64.64714813232422)",1,4.08807373046875,1,"(65.6411361694336, 2.064173460006714, 664.7233276367188)",1
3012657240,2984335206,"(0.5095697045326233, 0.36022812128067017)","(6.377279758453369, 197.37615966796875, 65.00199127197266)",1,3.94091796875,1,"(-4.933486461639404, 6.187576770782471, 667.9514770507812)",1,"(0.5035833120346069, 0.35857996344566345)","(3.0649847984313965, 197.85818481445312, 65.17740631103516)",1,4.088348388671875,1,"(65.63109588623047, 2.046143054962158, 664.7017211914062)",1
3012673889,2984351854,"(0.5122997164726257, 0.3654598891735077)","(7.887770175933838, 195.84608459472656, 64.44512176513672)",1,3.94970703125,1,"(-4.944916725158691, 6.180508613586426, 668.0250244140625)",1,"(0.5066872835159302, 0.3605649769306183)","(4.782438278198242, 197.2776336669922, 64.9661636352539)",1,4.0876007080078125,1,"(65.62882995605469, 2.033853530883789, 664.7802734375)",1
3012690401,2984368367,"(0.5080768465995789, 0.3633977472782135)","(5.551237106323242, 196.44918823242188, 64.6645736694336)",1,3.9586181640625,1,"(-4.930241584777832, 6.174313545227051, 668.1033325195312)",1,"(0.5054726004600525, 0.3606361150741577)","(4.110369682312012, 197.2568359375, 64.95857238769531)",1,4.09423828125,1,"(65.65081024169922, 2.0311598777770996, 664.8602294921875)",1
3012707206,2984385172,"(0.5089116096496582, 0.3647385537624359)","(6.0131425857543945, 196.05703735351562, 64.52185821533203)",1,3.95538330078125,1,"(-4.923067092895508, 6.171332359313965, 668.1845703125)",1,"(0.5044987797737122, 0.36251354217529297)","(3.5715174674987793, 196.707763671875, 64.75872039794922)",1,4.0857086181640625,1,"(65.67352294921875, 2.0281636714935303, 664.9295654296875)",1
3012723901,2984401866,"(0.5135431289672852, 0.3669252395629883)","(8.57576847076416, 195.41751098632812, 64.28910827636719)",1,3.9603424072265625,1,"(-4.907597541809082, 6.16616153717041, 668.1646728515625)",1,"(0.5021055936813354, 0.354165256023407)","(2.2473671436309814, 199.14932250976562, 65.64736938476562)",1,4.0855255126953125,1,"(65.70288848876953, 2.0176472663879395, 664.9059448242188)",1
3012740321,2984418286,"(0.514489471912384, 0.3643586337566376)","(9.099357604980469, 196.1681365966797, 64.56232452392578)",1,3.9561004638671875,1,"(-4.898169994354248, 6.167271614074707, 668.0385131835938)",1,"(0.5011023879051208, 0.3580348491668701)","(1.69228994846344, 198.01760864257812, 65.23546600341797)",1,4.09820556640625,1,"(65.7066879272461, 2.018841028213501, 664.775634765625)",1
3012757076,2984435041,"(0.5146206021308899, 0.36590832471847534)","(9.171916007995605, 195.7149200439453, 64.39736938476562)",1,3.9569549560546875,1,"(-4.89445161819458, 6.1719255447387695, 667.87451171875)",1,"(0.5023379921913147, 0.36088353395462036)","(2.3759875297546387, 197.18447875976562, 64.9322738647461)",1,4.1002349853515625,1,"(65.69149017333984, 2.0207221508026123, 664.6215209960938)",1
3012773816,2984451781,"(0.5133743286132812, 0.36863550543785095)","(8.48233413696289, 194.9173126220703, 64.10710906982422)",1,3.9552001953125,1,"(-4.900332450866699, 6.168352127075195, 667.6132202148438)",1,"(0.5032163262367249, 0.3564395606517792)","(2.861943006515503, 198.484130859375, 65.40532684326172)",1,4.09552001953125,1,"(65.65498352050781, 2.0247156620025635, 664.34228515625)",1
3012790241,2984468205,"(0.5125923156738281, 0.368463933467865)","(8.049666404724121, 194.96749877929688, 64.12535858154297)",1,3.9627227783203125,1,"(-4.905240058898926, 6.157687187194824, 667.393310546875)",1,"(0.5047839283943176, 0.3553103506565094)","(3.7292959690093994, 198.81442260742188, 65.5254898071289)",1,4.088897705078125,1,"(65.62054443359375, 2.019514560699463, 664.13427734375)",1
3012807042,2984485006,"(0.512121856212616, 0.36971867084503174)","(7.789363384246826, 194.6005401611328, 63.99174880981445)",1,3.970733642578125,1,"(-4.909096717834473, 6.153218746185303, 667.2951049804688)",1,"(0.5026093125343323, 0.357953816652298)","(2.5261011123657227, 198.04132080078125, 65.24410247802734)",1,4.0955352783203125,1,"(65.60419464111328, 2.0196776390075684, 664.04638671875)",1
3012823732,2984501696,"(0.5106512904167175, 0.36415866017341614)","(6.975722312927246, 196.2266082763672, 64.58361053466797)",1,3.9693145751953125,1,"(-4.908909797668457, 6.1633734703063965, 667.18408203125)",1,"(0.5045180916786194, 0.3625270128250122)","(3.5822014808654785, 196.70382690429688, 64.75731658935547)",1,4.09552001953125,1,"(65.5869140625, 2.0370147228240967, 663.927490234375)",1
3012840161,2984518125,"(0.5100902318954468, 0.3623209595680237)","(6.665290832519531, 196.76409912109375, 64.77919006347656)",1,3.95953369140625,1,"(-4.902444362640381, 6.176788806915283, 667.1157836914062)",1,"(0.5027099251747131, 0.3748834729194641)","(2.5817418098449707, 193.09005737304688, 63.44197082519531)",1,4.1253814697265625,1,"(65.58805084228516, 2.0528969764709473, 663.8624267578125)",1
3012856910,2984534874,"(0.5132677555084229, 0.3679044544696808)","(8.4233980178833, 195.13113403320312, 64.18485260009766)",1,3.95184326171875,1,"(-4.898106098175049, 6.187058448791504, 667.1220703125)",1,"(0.5023884177207947, 0.3730268180370331)","(2.403857469558716, 193.633056640625, 63.639610290527344)",1,4.1324462890625,1,"(65.60002136230469, 2.0584003925323486, 663.8671875)",1
3012873648,2984551611,"(0.5164175033569336, 0.36540687084198)","(10.166180610656738, 195.861572265625, 64.4507064819336)",1,3.9607696533203125,1,"(-4.887414455413818, 6.189548015594482, 667.1019897460938)",1,"(0.5028133392333984, 0.3729543089866638)","(2.638979911804199, 193.65426635742188, 63.647315979003906)",1,4.14019775390625,1,"(65.61790466308594, 2.062026023864746, 663.84423828125)",1
3012890081,2984568044,"(0.5162122249603271, 0.36590754985809326)","(10.052577018737793, 195.7151336669922, 64.39746856689453)",1,3.968994140625,1,"(-4.883200645446777, 6.183800220489502, 667.060791015625)",1,"(0.5053660869598389, 0.3677394390106201)","(4.051386833190918, 195.1793975830078, 64.20242309570312)",1,4.13385009765625,1,"(65.62013244628906, 2.0554683208465576, 663.7987670898438)",1
3012906876,2984584839,"(0.514132559299469, 0.36335861682891846)","(8.901890754699707, 196.4606170654297, 64.66879272460938)",1,3.97491455078125,1,"(-4.8849897384643555, 6.173421382904053, 667.0072021484375)",1,"(0.5020922422409058, 0.37082618474960327)","(2.2400009632110596, 194.2766571044922, 63.87383270263672)",1,4.1467742919921875,1,"(65.61276245117188, 2.0452730655670166, 663.7481689453125)",1
3012923562,2984601524,"(0.5113041400909424, 0.36780110001564026)","(7.336928367614746, 195.16134643554688, 64.19588470458984)",1,3.9857330322265625,1,"(-4.902533054351807, 6.158489227294922, 666.9021606445312)",1,"(0.5014720559120178, 0.3599969148635864)","(1.8968617916107178, 197.44378662109375, 65.02659606933594)",1,4.13507080078125,1,"(65.58489990234375, 2.028524398803711, 663.6370239257812)",1
3012939995,2984617957,"(0.5110945105552673, 0.37311094999313354)","(7.220969200134277, 193.60845947265625, 63.63066864013672)",1,3.995880126953125,1,"(-4.936385154724121, 6.141487121582031, 666.7901000976562)",1,"(0.5019992589950562, 0.37160980701446533)","(2.188542604446411, 194.04745483398438, 63.79045486450195)",1,4.1556854248046875,1,"(65.54846954345703, 2.0136239528656006, 663.5357666015625)",1
3012956746,2984634708,"(0.5119979977607727, 0.3664103150367737)","(7.720831871032715, 195.568115234375, 64.34396362304688)",1,3.99688720703125,1,"(-4.9672722816467285, 6.126016139984131, 666.7704467773438)",1,"(0.5013659596443176, 0.3720313608646393)","(1.8381377458572388, 193.9241485595703, 63.74559783935547)",1,4.1607513427734375,1,"(65.52739715576172, 2.0070760250091553, 663.5213012695312)",1
3012973478,2984651439,"(0.5123658776283264, 0.36161932349205017)","(7.924370765686035, 196.9692840576172, 64.85395812988281)",1,3.9989166259765625,1,"(-5.005107402801514, 6.11412239074707, 666.79150390625)",1,"(0.5027512311935425, 0.36944639682769775)","(2.604628086090088, 194.68017578125, 64.02071380615234)",1,4.1637420654296875,1,"(65.49258422851562, 1.9949839115142822, 663.5474243164062)",1
3012989915,2984667876,"(0.5107871294021606, 0.35686224699020386)","(7.050893783569336, 198.3605499267578, 65.36031341552734)",1,3.998077392578125,1,"(-5.031006813049316, 6.106193542480469, 666.8209228515625)",1,"(0.5026639103889465, 0.3702116310596466)","(2.556300401687622, 194.4563751220703, 63.93927001953125)",1,4.1815185546875,1,"(65.46814727783203, 1.9857667684555054, 663.5818481445312)",1
3013006712,2984684673,"(0.510490894317627, 0.35801568627357483)","(6.886979103088379, 198.02320861816406, 65.2375259399414)",1,3.9987640380859375,1,"(-5.047271728515625, 6.106810092926025, 666.9815063476562)",1,"(0.5059013962745667, 0.37136876583099365)","(4.347591400146484, 194.1179656982422, 63.816139221191406)",1,4.1770477294921875,1,"(65.4687728881836, 1.9858121871948242, 663.7244262695312)",1
3013023393,2984701354,"(0.5133311748504639, 0.36174604296684265)","(8.45846176147461, 196.9322509765625, 64.84042358398438)",1,4.0157928466796875,1,"(-5.079676628112793, 6.094082355499268, 667.3833618164062)",1,"(0.5028523802757263, 0.3687250018119812)","(2.660581111907959, 194.89112854003906, 64.09757232666016)",1,4.1925201416015625,1,"(65.5015869140625, 1.9956207275390625, 664.1632080078125)",1
3013039835,2984717796,"(0.509055495262146, 0.36315447092056274)","(6.092751979827881, 196.5203399658203, 64.69049835205078)",1,4.031768798828125,1,"(-5.104282379150391, 6.084988594055176, 667.8812255859375)",1,"(0.5018352270126343, 0.3680686354637146)","(2.097797393798828, 195.0831298828125, 64.16739654541016)",1,4.2055816650390625,1,"(65.53646087646484, 2.0068416595458984, 664.6483764648438)",1
3013056581,2984734542,"(0.5128664374351501, 0.36000633239746094)","(8.201373100280762, 197.44102478027344, 65.02559661865234)",1,4.034393310546875,1,"(-5.126147270202637, 6.08092737197876, 668.0577392578125)",1,"(0.4974603056907654, 0.36609312891960144)","(-0.3228791654109955, 195.660888671875, 64.3777084350586)",1,4.201995849609375,1,"(65.54904174804688, 2.0070650577545166, 664.8041381835938)",1
3013073309,2984751270,"(0.5147165060043335, 0.36177679896354675)","(9.22500228881836, 196.92323303222656, 64.83715057373047)",1,4.0433502197265625,1,"(-5.1390581130981445, 6.070822715759277, 668.0621337890625)",1,"(0.5018777847290039, 0.36765503883361816)","(2.121305465698242, 195.20408630371094, 64.2114486694336)",1,4.228790283203125,1,"(65.54196166992188, 1.9854367971420288, 664.8114013671875)",1
3013089755,2984767715,"(0.5121289491653442, 0.3590342402458191)","(7.79326868057251, 197.725341796875, 65.12906646728516)",1,4.05194091796875,1,"(-5.1403727531433105, 6.054336071014404, 667.9541015625)",1,"(0.5023854374885559, 0.37232959270477295)","(2.402212142944336, 193.8369598388672, 63.71381759643555)",1,4.23638916015625,1,"(65.53535461425781, 1.9546442031860352, 664.70556640625)",1
3013106547,2984784507,"(0.5099262595176697, 0.3557097613811493)","(6.5745415687561035, 198.6976318359375, 65.48294830322266)",1,4.0458831787109375,1,"(-5.134999752044678, 6.043874263763428, 667.9232788085938)",1,"(0.5020502209663391, 0.37286263704299927)","(2.2167322635650635, 193.6810760498047, 63.65709686279297)",1,4.2300872802734375,1,"(65.53473663330078, 1.9424842596054077, 664.6786499023438)",1
3013123225,2984801185,"(0.5088203549385071, 0.3568218946456909)","(5.962663650512695, 198.37237548828125, 65.36458587646484)",1,4.0649566650390625,1,"(-5.134609222412109, 6.022961139678955, 667.8909912109375)",1,"(0.5006991624832153, 0.37522679567337036)","(1.46918523311615, 192.98963928222656, 63.405433654785156)",1,4.2476348876953125,1,"(65.53641510009766, 1.9206187725067139, 664.6430053710938)",1
3013139675,2984817635,"(0.5067074298858643, 0.3580490052700043)","(4.793570518493652, 198.01348876953125, 65.23394012451172)",1,4.0635223388671875,1,"(-5.138434886932373, 6.007204532623291, 667.774658203125)",1,"(0.5018869638442993, 0.3732832968235016)","(2.1264004707336426, 193.55804443359375, 63.612335205078125)",1,4.2453765869140625,1,"(65.52202606201172, 1.915948748588562, 664.5327758789062)",1
3013156417,2984834376,"(0.5057481527328491, 0.35974904894828796)","(4.262813091278076, 197.5162811279297, 65.05297088623047)",1,4.05718994140625,1,"(-5.139700889587402, 5.999217987060547, 667.6885375976562)",1,"(0.5018202662467957, 0.3765869140625)","(2.0895018577575684, 192.59185791015625, 63.26066207885742)",1,4.2468719482421875,1,"(65.50968170166016, 1.9154858589172363, 664.45556640625)",1
3013173139,2984851098,"(0.5068336129188538, 0.36066076159477234)","(4.863386154174805, 197.24961853027344, 64.95597076416016)",1,4.0702972412109375,1,"(-5.153193473815918, 5.977283477783203, 667.6917724609375)",1,"(0.5010831356048584, 0.37631261348724365)","(1.681626558303833, 192.6720428466797, 63.28986740112305)",1,4.243560791015625,1,"(65.49893951416016, 1.901037335395813, 664.4591064453125)",1
3013189595,2984867554,"(0.5083187818527222, 0.3659629225730896)","(5.685150623321533, 195.6989288330078, 64.39154052734375)",1,4.0761566162109375,1,"(-5.179974555969238, 5.949163913726807, 667.7991943359375)",1,"(0.5014516711235046, 0.3660665452480316)","(1.8855410814285278, 195.6686553955078, 64.3804931640625)",1,4.259185791015625,1,"(65.48387145996094, 1.86324143409729, 664.5682983398438)",1
3013206383,2984884342,"(0.5109317898750305, 0.36077210307121277)","(7.130918979644775, 197.21707153320312, 64.94409942626953)",1,4.077972412109375,1,"(-5.210022926330566, 5.9158830642700195, 667.8521728515625)",1,"(0.5035327672958374, 0.3631272315979004)","(3.0370349884033203, 196.52830505371094, 64.6933822631836)",1,4.2540435791015625,1,"(65.46932983398438, 1.8355337381362915, 664.6173095703125)",1
3013223055,2984901013,"(0.5115607380867004, 0.3601994812488556)","(7.478921890258789, 197.38455200195312, 65.00502014160156)",1,4.0709075927734375,1,"(-5.24796199798584, 5.880393981933594, 667.9454956054688)",1,"(0.5035763382911682, 0.3541940748691559)","(3.061133623123169, 199.14088439941406, 65.64431762695312)",1,4.2311248779296875,1,"(65.452392578125, 1.810348629951477, 664.720703125)",1
3013239515,2984917473,"(0.5129931569099426, 0.36232373118400574)","(8.271465301513672, 196.76329040527344, 64.77893829345703)",1,4.069061279296875,1,"(-5.285027027130127, 5.853503704071045, 667.9253540039062)",1,"(0.5046226978302002, 0.3543114960193634)","(3.6400885581970215, 199.1065673828125, 65.63179016113281)",1,4.23211669921875,1,"(65.41534423828125, 1.7986778020858765, 664.7032470703125)",1
3013256253,2984934211,"(0.5148626565933228, 0.3584834933280945)","(9.30583667755127, 197.8863983154297, 65.18773651123047)",1,4.0593109130859375,1,"(-5.305080413818359, 5.839322566986084, 667.8892211914062)",1,"(0.5045178532600403, 0.35270464420318604)","(3.5820932388305664, 199.5764923095703, 65.8028793334961)",1,4.2258453369140625,1,"(65.39805603027344, 1.7976723909378052, 664.669921875)",1
3013272970,2984950927,"(0.515304446220398, 0.36207276582717896)","(9.550285339355469, 196.83668518066406, 64.8056411743164)",1,4.0531768798828125,1,"(-5.304156303405762, 5.839136123657227, 667.8946533203125)",1,"(0.5027431845664978, 0.34977859258651733)","(2.6001534461975098, 200.43223571777344, 66.11438751220703)",1,4.2244720458984375,1,"(65.39456176757812, 1.804565668106079, 664.6768798828125)",1
3013289435,2984967392,"(0.5133815407752991, 0.36415520310401917)","(8.486393928527832, 196.22767639160156, 64.58399200439453)",1,4.0582733154296875,1,"(-5.291047096252441, 5.863460063934326, 667.9632568359375)",1,"(0.499747097492218, 0.3481442928314209)","(0.9423800110816956, 200.91021728515625, 66.2883071899414)",1,4.2260894775390625,1,"(65.41629791259766, 1.8294776678085327, 664.7427978515625)",1
3013306219,2984984176,"(0.5109516978263855, 0.36308014392852783)","(7.141929626464844, 196.5420684814453, 64.69844818115234)",1,4.0594482421875,1,"(-5.274584770202637, 5.87575626373291, 668.068603515625)",1,"(0.5013778805732727, 0.35696762800216675)","(1.8447002172470093, 198.32972717285156, 65.34906005859375)",1,4.2325286865234375,1,"(65.43746948242188, 1.855936884880066, 664.840087890625)",1
3013322886,2985000843,"(0.5138151049613953, 0.36255326867103577)","(8.726268768310547, 196.69615173339844, 64.75450897216797)",1,4.0559844970703125,1,"(-5.2577996253967285, 5.901731491088867, 668.2538452148438)",1,"(0.49947184324264526, 0.3603314459323883)","(0.7901179194450378, 197.345947265625, 64.9909896850586)",1,4.2413177490234375,1,"(65.47257232666016, 1.880919098854065, 665.0388793945312)",1
3013339355,2985017311,"(0.5144512057304382, 0.3692154586315155)","(9.078170776367188, 194.7477264404297, 64.04531860351562)",1,4.0615234375,1,"(-5.209993839263916, 5.866154670715332, 668.4512939453125)",1,"(0.5012738704681396, 0.3785465359687805)","(1.7871798276901245, 192.0187225341797, 63.05208206176758)",1,4.2447967529296875,1,"(65.50279235839844, 1.846030831336975, 665.2259521484375)",1
3013356087,2985034043,"(0.5205042958259583, 0.41836854815483093)","(12.427371978759766, 180.37232971191406, 58.813106536865234)",1,4.0528106689453125,1,"(-5.111684799194336, 5.769242763519287, 668.3094482421875)",1,"(0.5052732229232788, 0.41525134444236755)","(4.000007629394531, 181.28399658203125, 59.14495086669922)",1,4.2336578369140625,1,"(65.48915100097656, 1.746100664138794, 665.1016235351562)",1
3013372802,2985050758,"(0.5294239521026611, 0.47064074873924255)","(17.362653732299805, 165.08468627929688, 53.248870849609375)",1,4.0490875244140625,1,"(-5.042393207550049, 5.7173237800598145, 668.2006225585938)",1,"(0.5098700523376465, 0.4756382703781128)","(6.543454647064209, 163.6230926513672, 52.71692657470703)",1,4.2444000244140625,1,"(65.49703979492188, 1.661292552947998, 664.9869384765625)",1
3013389275,2985067230,"(0.5304837822914124, 0.47370925545692444)","(17.949058532714844, 164.187255859375, 52.92223358154297)",1,4.04315185546875,1,"(-5.08465051651001, 5.7399210929870605, 668.7227172851562)",1,"(0.5117165446281433, 0.48464590311050415)","(7.565113067626953, 160.9887237548828, 51.75804901123047)",1,4.2396087646484375,1,"(65.58121490478516, 1.6795347929000854, 665.4820556640625)",1
3013406053,2985084009,"(0.5334782600402832, 0.47788554430007935)","(19.605905532836914, 162.96588134765625, 52.47767639160156)",1,4.0375823974609375,1,"(-5.084845066070557, 5.745172500610352, 668.5562133789062)",1,"(0.512688159942627, 0.4862337112426758)","(8.102728843688965, 160.52432250976562, 51.58905792236328)",1,4.2370758056640625,1,"(65.57738494873047, 1.687180995941162, 665.3348388671875)",1
3013422814,2985100770,"(0.5318164825439453, 0.47506386041641235)","(18.686420440673828, 163.79107666015625, 52.7780647277832)",1,4.037445068359375,1,"(-5.078371524810791, 5.732236862182617, 668.1380615234375)",1,"(0.5100619792938232, 0.4854336678981781)","(6.6496381759643555, 160.75833129882812, 51.67417526245117)",1,4.2387542724609375,1,"(65.56742858886719, 1.6791203022003174, 664.8804931640625)",1
3013439195,2985117150,"(0.530366063117981, 0.47382280230522156)","(17.8839168548584, 164.154052734375, 52.91016387939453)",1,4.0357208251953125,1,"(-5.070714950561523, 5.705967903137207, 667.7288208007812)",1,"(0.5105348825454712, 0.48482486605644226)","(6.91131591796875, 160.93637084960938, 51.739013671875)",1,4.2412261962890625,1,"(65.54631042480469, 1.661846399307251, 664.4872436523438)",1
3013455923,2985133878,"(0.5282518863677979, 0.47510215640068054)","(16.714143753051758, 163.77987670898438, 52.773963928222656)",1,4.03173828125,1,"(-5.066962242126465, 5.691597938537598, 667.5138549804688)",1,"(0.5097135901451111, 0.47696879506111145)","(6.456895351409912, 163.2339324951172, 52.57527160644531)",1,4.2220611572265625,1,"(65.5419692993164, 1.6381686925888062, 664.2879638671875)",1
3013472632,2985150587,"(0.5276294350624084, 0.47770923376083374)","(16.36975860595703, 163.0174102783203, 52.49644470214844)",1,4.0269317626953125,1,"(-5.071630001068115, 5.673061370849609, 667.2940673828125)",1,"(0.511510968208313, 0.4724694788455963)","(7.451375961303711, 164.5498504638672, 53.054203033447266)",1,4.217010498046875,1,"(65.5271987915039, 1.6074626445770264, 664.0498657226562)",1
3013489115,2985167070,"(0.5274705290794373, 0.4788549244403839)","(16.281816482543945, 162.682373046875, 52.37449264526367)",1,4.0314178466796875,1,"(-5.074160575866699, 5.647539138793945, 667.1747436523438)",1,"(0.5084985494613647, 0.47736427187919617)","(5.784599781036377, 163.11831665039062, 52.53316116333008)",1,4.2162628173828125,1,"(65.52208709716797, 1.5813690423965454, 663.9432983398438)",1
3013505889,2985183843,"(0.5277807116508484, 0.48041677474975586)","(16.45342254638672, 162.2255859375, 52.20824432373047)",1,4.04541015625,1,"(-5.0872416496276855, 5.626383304595947, 667.2099609375)",1,"(0.5090110898017883, 0.47762930393218994)","(6.068212032318115, 163.04078674316406, 52.50492858886719)",1,4.2302398681640625,1,"(65.51924896240234, 1.5633615255355835, 663.9668579101562)",1
3013522644,2985200598,"(0.5281140804290771, 0.4760739505290985)","(16.637874603271484, 163.4956817626953, 52.6705322265625)",1,4.056671142578125,1,"(-5.098198890686035, 5.573789596557617, 667.3465576171875)",1,"(0.5102086067199707, 0.48236536979675293)","(6.730764389038086, 161.6556854248047, 52.00084686279297)",1,4.2444000244140625,1,"(65.53677368164062, 1.5235357284545898, 664.1124877929688)",1
3013539035,2985216989,"(0.5291054844856262, 0.47319871187210083)","(17.18638801574707, 164.3365936279297, 52.976600646972656)",1,4.044647216796875,1,"(-5.106391429901123, 5.55086088180542, 667.3826293945312)",1,"(0.5126565098762512, 0.4828040301799774)","(8.085166931152344, 161.52740478515625, 51.95412063598633)",1,4.2299652099609375,1,"(65.54794311523438, 1.5048710107803345, 664.1384887695312)",1
3013555855,2985233808,"(0.5282410383224487, 0.47578397393226624)","(16.70809555053711, 163.58050537109375, 52.701377868652344)",1,4.0493621826171875,1,"(-5.110403060913086, 5.547138214111328, 667.3185424804688)",1,"(0.5153966546058655, 0.4793073832988739)","(9.601303100585938, 162.55003356933594, 52.3262825012207)",1,4.226043701171875,1,"(65.54217529296875, 1.5034765005111694, 664.0755615234375)",1
3013572463,2985250416,"(0.528255045413971, 0.47620776295661926)","(16.715864181518555, 163.45654296875, 52.656288146972656)",1,4.05804443359375,1,"(-5.112541198730469, 5.552704811096191, 667.2147827148438)",1,"(0.5132825374603271, 0.4795078635215759)","(8.431571006774902, 162.49139404296875, 52.30501174926758)",1,4.228271484375,1,"(65.53406524658203, 1.513936161994934, 663.9630737304688)",1
3013588955,2985266908,"(0.5294853448867798, 0.4731815457344055)","(17.3966007232666, 164.3415985107422, 52.9784049987793)",1,4.0632171630859375,1,"(-5.123907089233398, 5.5500288009643555, 667.1326293945312)",1,"(0.5125848054885864, 0.4807364344596863)","(8.045528411865234, 162.132080078125, 52.174232482910156)",1,4.2343597412109375,1,"(65.51630401611328, 1.5242007970809937, 663.882080078125)",1
3013605724,2985283677,"(0.5248510837554932, 0.47234606742858887)","(14.832467079162598, 164.58596801757812, 53.06733322143555)",1,4.059356689453125,1,"(-5.1302924156188965, 5.5420355796813965, 667.09326171875)",1,"(0.5152684450149536, 0.4819931983947754)","(9.530380249023438, 161.7645263671875, 52.040435791015625)",1,4.2292022705078125,1,"(65.50293731689453, 1.522487998008728, 663.8468017578125)",1
3013622475,2985300427,"(0.5263931751251221, 0.47272005677223206)","(15.68570613861084, 164.4765625, 53.02757263183594)",1,4.0705718994140625,1,"(-5.1642327308654785, 5.5212178230285645, 667.2474365234375)",1,"(0.5122119188308716, 0.48431408405303955)","(7.83919095993042, 161.08575439453125, 51.79340744018555)",1,4.2599639892578125,1,"(65.49980926513672, 1.5074735879898071, 664.016357421875)",1
3013638875,2985316827,"(0.5268611907958984, 0.4713188707828522)","(15.944647789001465, 164.8863525390625, 53.17668151855469)",1,4.0774688720703125,1,"(-5.210409641265869, 5.5132341384887695, 667.7506713867188)",1,"(0.5112552046775818, 0.4817367494106293)","(7.309850692749023, 161.8395538330078, 52.06772994995117)",1,4.2636566162109375,1,"(65.52530670166016, 1.4999003410339355, 664.51025390625)",1
3013655690,2985333642,"(0.5271145701408386, 0.4710804224014282)","(16.084819793701172, 164.9561004638672, 53.202030181884766)",1,4.0855712890625,1,"(-5.233048439025879, 5.510655403137207, 668.0843505859375)",1,"(0.5115991234779358, 0.481223464012146)","(7.500096797943115, 161.98968505859375, 52.12236022949219)",1,4.2421722412109375,1,"(65.55278015136719, 1.501900315284729, 664.83203125)",1
3013672293,2985350245,"(0.528469979763031, 0.47330284118652344)","(16.834781646728516, 164.30613708496094, 52.96549987792969)",1,4.087982177734375,1,"(-5.2636847496032715, 5.514624118804932, 668.3667602539062)",1,"(0.5114167332649231, 0.47851482033729553)","(7.39919376373291, 162.7818603515625, 52.410682678222656)",1,4.2591400146484375,1,"(65.566650390625, 1.5048847198486328, 665.1395874023438)",1
3013688795,2985366746,"(0.5309535264968872, 0.47033995389938354)","(18.208940505981445, 165.17266845703125, 53.28086471557617)",1,4.0850830078125,1,"(-5.278456211090088, 5.520594596862793, 668.2401123046875)",1,"(0.509482204914093, 0.48252835869789124)","(6.328873157501221, 161.60801696777344, 51.983463287353516)",1,4.271240234375,1,"(65.54961395263672, 1.512800693511963, 665.011474609375)",1
3013705560,2985383511,"(0.5284300446510315, 0.4675375521183014)","(16.812681198120117, 165.99227905273438, 53.579185485839844)",1,4.0779876708984375,1,"(-5.275178909301758, 5.519908905029297, 668.030029296875)",1,"(0.5112691521644592, 0.47648417949676514)","(7.317593097686768, 163.3756866455078, 52.62687683105469)",1,4.2633819580078125,1,"(65.53089904785156, 1.5128599405288696, 664.8190307617188)",1
3013722209,2985400160,"(0.5305690765380859, 0.47126269340515137)","(17.9962215423584, 164.90283203125, 53.18264389038086)",1,4.080902099609375,1,"(-5.277663230895996, 5.511000633239746, 667.6452026367188)",1,"(0.5086983442306519, 0.4782058298587799)","(5.895120143890381, 162.8721923828125, 52.443572998046875)",1,4.262664794921875,1,"(65.49302673339844, 1.5100187063217163, 664.4046630859375)",1
3013738715,2985416665,"(0.5316776037216187, 0.47820380330085754)","(18.609554290771484, 162.87281799316406, 52.44380187988281)",1,4.09539794921875,1,"(-5.288168907165527, 5.499983310699463, 667.31884765625)",1,"(0.5102753639221191, 0.4772077798843384)","(6.7677321434021, 163.16407775878906, 52.549835205078125)",1,4.2551727294921875,1,"(65.45391082763672, 1.5112682580947876, 664.0924682617188)",1
3013755526,2985433476,"(0.5299156904220581, 0.47300341725349426)","(17.63473129272461, 164.39369201660156, 52.99736404418945)",1,4.0700836181640625,1,"(-5.301310062408447, 5.504485607147217, 667.0773315429688)",1,"(0.5104653835296631, 0.47637298703193665)","(6.872876167297363, 163.40823364257812, 52.63869094848633)",1,4.2579193115234375,1,"(65.42485809326172, 1.5126118659973145, 663.8695678710938)",1
3013772221,2985450172,"(0.5304862856864929, 0.47280630469322205)","(17.950397491455078, 164.4513397216797, 53.018333435058594)",1,4.081817626953125,1,"(-5.31898832321167, 5.505192756652832, 666.5697631835938)",1,"(0.5096712708473206, 0.4747658371925354)","(6.433436870574951, 163.8782501220703, 52.8098030090332)",1,4.2617340087890625,1,"(65.34559631347656, 1.5192817449569702, 663.3278198242188)",1
3013788635,2985466585,"(0.534517228603363, 0.4662889838218689)","(20.180736541748047, 166.357421875, 53.71208190917969)",1,4.0870208740234375,1,"(-5.308787822723389, 5.513845443725586, 665.977294921875)",1,"(0.5133737921714783, 0.4702785313129425)","(8.482105255126953, 165.1906280517578, 53.28743362426758)",1,4.2677459716796875,1,"(65.2728271484375, 1.5363763570785522, 662.753662109375)",1
3013805396,2985483346,"(0.5385256409645081, 0.44047877192497253)","(22.398591995239258, 173.90591430664062, 56.459510803222656)",1,4.0936279296875,1,"(-5.229007244110107, 5.584903717041016, 665.5243530273438)",1,"(0.5243045091629028, 0.4448680579662323)","(14.530058860778809, 172.62222290039062, 55.99231719970703)",1,4.2692413330078125,1,"(65.1965560913086, 1.5993120670318604, 662.3375244140625)",1
3013822136,2985500086,"(0.545089840888977, 0.3862527012825012)","(26.03054428100586, 189.7649688720703, 62.23175048828125)",1,4.1046600341796875,1,"(-5.136082649230957, 5.688197135925293, 665.0797119140625)",1,"(0.5332191586494446, 0.38337621092796326)","(19.462509155273438, 190.60621643066406, 62.537940979003906)",1,4.2374267578125,1,"(65.11009216308594, 1.7142306566238403, 661.8651123046875)",1
3013838555,2985516504,"(0.5454959273338318, 0.3736473619937897)","(26.255247116088867, 193.45155334472656, 63.57356262207031)",1,4.0926361083984375,1,"(-5.166234493255615, 5.668154239654541, 665.0228881835938)",1,"(0.5339586734771729, 0.37685179710388184)","(19.87169647216797, 192.51437377929688, 63.232452392578125)",1,4.24102783203125,1,"(65.13282775878906, 1.7002754211425781, 661.8067626953125)",1
3013855362,2985533311,"(0.5446972250938416, 0.3647864758968353)","(25.81328010559082, 196.04302978515625, 64.51678466796875)",1,4.0789642333984375,1,"(-5.182109832763672, 5.65877103805542, 665.2049560546875)",1,"(0.5354171395301819, 0.3737599551677704)","(20.678672790527344, 193.4186248779297, 63.561561584472656)",1,4.2337493896484375,1,"(65.1634292602539, 1.699852705001831, 661.9771728515625)",1
3013872052,2985550001,"(0.5430319905281067, 0.36229124665260315)","(24.891948699951172, 196.77281188964844, 64.78236389160156)",1,4.06787109375,1,"(-5.184789657592773, 5.667135715484619, 665.526123046875)",1,"(0.5340794324874878, 0.37861794233322144)","(19.938526153564453, 191.99789428710938, 63.04441452026367)",1,4.2327728271484375,1,"(65.21757507324219, 1.719168782234192, 662.318359375)",1
3013888475,2985566423,"(0.5450875163078308, 0.36230260133743286)","(26.02926254272461, 196.7694549560547, 64.7811279296875)",1,4.0560150146484375,1,"(-5.183169841766357, 5.677221298217773, 665.5623779296875)",1,"(0.5329741835594177, 0.3749912977218628)","(19.326980590820312, 193.05848693847656, 63.43052291870117)",1,4.2252197265625,1,"(65.244140625, 1.7199288606643677, 662.3458862304688)",1
3013905230,2985583178,"(0.54471755027771, 0.3640720248222351)","(25.824548721313477, 196.2519989013672, 64.59281158447266)",1,4.051513671875,1,"(-5.181079387664795, 5.681820869445801, 665.6724853515625)",1,"(0.5327380895614624, 0.3783941864967346)","(19.196340560913086, 192.06324768066406, 63.06829071044922)",1,4.230255126953125,1,"(65.26969146728516, 1.7135127782821655, 662.4503173828125)",1
3013921968,2985599916,"(0.543006956577301, 0.3628162741661072)","(24.87810516357422, 196.61924743652344, 64.72649383544922)",1,4.0381927490234375,1,"(-5.184369087219238, 5.679440498352051, 665.697265625)",1,"(0.5358654260635376, 0.3815138339996338)","(20.926708221435547, 191.15087890625, 62.73618698120117)",1,4.2262725830078125,1,"(65.27799987792969, 1.6897457838058472, 662.4734497070312)",1
3013938395,2985616343,"(0.5463004112243652, 0.3657047152519226)","(26.700376510620117, 195.7744598388672, 64.41903686523438)",1,4.031158447265625,1,"(-5.212010860443115, 5.668895721435547, 665.595947265625)",1,"(0.536285400390625, 0.3782508969306946)","(21.159101486206055, 192.1051788330078, 63.083534240722656)",1,4.2109375,1,"(65.25792694091797, 1.6797899007797241, 662.3779907226562)",1
3013955196,2985633143,"(0.547066330909729, 0.37015044689178467)","(27.12420082092285, 194.47425842285156, 63.945804595947266)",1,4.034332275390625,1,"(-5.237517833709717, 5.668067932128906, 665.5812377929688)",1,"(0.5348246693611145, 0.3785726726055145)","(20.350845336914062, 192.01109313964844, 63.049285888671875)",1,4.197113037109375,1,"(65.24066925048828, 1.6784720420837402, 662.36865234375)",1
3013971882,2985649829,"(0.5476005673408508, 0.3676246106624603)","(27.41977882385254, 195.2129669189453, 64.21468353271484)",1,4.029571533203125,1,"(-5.27573823928833, 5.670073509216309, 665.651123046875)",1,"(0.5332335829734802, 0.3777856230735779)","(19.470508575439453, 192.2412567138672, 63.133094787597656)",1,4.1862335205078125,1,"(65.2159652709961, 1.6827861070632935, 662.4483642578125)",1
3013988311,2985666258,"(0.545721709728241, 0.37007638812065125)","(26.380165100097656, 194.4959259033203, 63.95365524291992)",1,4.0284576416015625,1,"(-5.308914661407471, 5.646673679351807, 665.9255981445312)",1,"(0.535696268081665, 0.37882760167121887)","(20.83308982849121, 191.93655395507812, 63.02210235595703)",1,4.1782379150390625,1,"(65.20729064941406, 1.6776440143585205, 662.7149047851562)",1
3014005066,2985683012,"(0.5470782518386841, 0.3635025918483734)","(27.130739212036133, 196.41851806640625, 64.65342712402344)",1,4.0106201171875,1,"(-5.33419942855835, 5.613494396209717, 666.1237182617188)",1,"(0.534221887588501, 0.3753686547279358)","(20.017333984375, 192.94815063476562, 63.39030456542969)",1,4.181793212890625,1,"(65.21058654785156, 1.652754545211792, 662.9014892578125)",1
3014021798,2985699744,"(0.5439820885658264, 0.3605611026287079)","(25.417633056640625, 197.27880859375, 64.96651458740234)",1,3.9987030029296875,1,"(-5.349057197570801, 5.563615322113037, 666.2484130859375)",1,"(0.5317327976226807, 0.37006673216819763)","(18.64011001586914, 194.49874877929688, 63.95466995239258)",1,4.1663360595703125,1,"(65.19876098632812, 1.6188713312149048, 663.0363159179688)",1
3014038231,2985716177,"(0.5419148802757263, 0.35989612340927124)","(24.27385711669922, 197.47328186035156, 65.037353515625)",1,3.9892578125,1,"(-5.370603084564209, 5.545446872711182, 666.113037109375)",1,"(0.5345882773399353, 0.3642670512199402)","(20.220020294189453, 196.1949005126953, 64.5721206665039)",1,4.13201904296875,1,"(65.15279388427734, 1.615160584449768, 662.9077758789062)",1
3014055032,2985732978,"(0.5470367670059204, 0.36334213614463806)","(27.107852935791016, 196.46543884277344, 64.67052459716797)",1,3.9932403564453125,1,"(-5.400487422943115, 5.543715000152588, 665.8700561523438)",1,"(0.5350648164749146, 0.3677082657814026)","(20.483699798583984, 195.18849182128906, 64.20581817626953)",1,4.15655517578125,1,"(65.10813903808594, 1.6218825578689575, 662.6834716796875)",1
3014071713,2985749658,"(0.5513054132461548, 0.35931482911109924)","(29.469667434692383, 197.64328002929688, 65.09918212890625)",1,3.9702911376953125,1,"(-5.452308654785156, 5.544116020202637, 665.7371215820312)",1,"(0.536557674407959, 0.3673122525215149)","(21.309707641601562, 195.3043212890625, 64.24795532226562)",1,4.12872314453125,1,"(65.05321502685547, 1.6432263851165771, 662.5465087890625)",1
3014088151,2985766096,"(0.5515666007995605, 0.360444039106369)","(29.614177703857422, 197.31300354003906, 64.97900390625)",1,3.958251953125,1,"(-5.498042106628418, 5.5516357421875, 665.7487182617188)",1,"(0.5326131582260132, 0.3719746470451355)","(19.127216339111328, 193.94073486328125, 63.75165557861328)",1,4.1247406005859375,1,"(65.02082824707031, 1.6678568124771118, 662.5606689453125)",1
3014104901,2985782846,"(0.5508976578712463, 0.3536815047264099)","(29.24399757385254, 199.2908172607422, 65.69886016845703)",1,3.95623779296875,1,"(-5.527284622192383, 5.548500061035156, 665.85791015625)",1,"(0.5361146330833435, 0.372040331363678)","(21.06458282470703, 193.92153930664062, 63.744667053222656)",1,4.1188812255859375,1,"(65.01007843017578, 1.6831430196762085, 662.6632080078125)",1
3014121629,2985799573,"(0.548793375492096, 0.35343360900878906)","(28.079757690429688, 199.36328125, 65.72525024414062)",1,3.9522857666015625,1,"(-5.552197456359863, 5.555968284606934, 665.8331909179688)",1,"(0.5339181423187256, 0.3738054633140564)","(19.849245071411133, 193.4053192138672, 63.556758880615234)",1,4.0988006591796875,1,"(64.96129608154297, 1.7055555582046509, 662.6417846679688)",1
3014138071,2985816016,"(0.5457965135574341, 0.3576299250125885)","(26.421586990356445, 198.13601684570312, 65.27857971191406)",1,3.949310302734375,1,"(-5.5695271492004395, 5.561893939971924, 665.7948608398438)",1,"(0.5355318784713745, 0.37472113966941833)","(20.74216651916504, 193.13751220703125, 63.45928192138672)",1,4.0997314453125,1,"(64.92511749267578, 1.7214912176132202, 662.6068115234375)",1
3014154867,2985832812,"(0.5443488359451294, 0.36140385270118713)","(25.620553970336914, 197.0323028564453, 64.87686157226562)",1,3.9457550048828125,1,"(-5.5847039222717285, 5.578269004821777, 665.8211059570312)",1,"(0.536748468875885, 0.37244564294815063)","(21.415237426757812, 193.80299377441406, 63.70151901245117)",1,4.115997314453125,1,"(64.91374206542969, 1.727732539176941, 662.6306762695312)",1
3014171545,2985849489,"(0.5454158186912537, 0.3620838224887848)","(26.210935592651367, 196.8334503173828, 64.80445861816406)",1,3.94732666015625,1,"(-5.598883152008057, 5.596762180328369, 666.0824584960938)",1,"(0.5358181595802307, 0.3751511573791504)","(20.900537490844727, 193.01173400878906, 63.413516998291016)",1,4.09613037109375,1,"(64.93828582763672, 1.7339807748794556, 662.908935546875)",1
3014187991,2985865935,"(0.547858476638794, 0.35231706500053406)","(27.562454223632812, 199.68984985351562, 65.84410858154297)",1,3.9289398193359375,1,"(-5.629735469818115, 5.617878437042236, 666.446044921875)",1,"(0.538068950176239, 0.3696456849575043)","(22.145915985107422, 194.62191772460938, 63.999568939208984)",1,4.0874176025390625,1,"(64.95620727539062, 1.7488588094711304, 663.2630004882812)",1
3014204833,2985882777,"(0.5463757514953613, 0.34837689995765686)","(26.742109298706055, 200.84217834472656, 66.2635269165039)",1,3.9108123779296875,1,"(-5.671156883239746, 5.622377395629883, 666.5664672851562)",1,"(0.5351244211196899, 0.3636889159679413)","(20.5167179107666, 196.36399841308594, 64.6336441040039)",1,4.09716796875,1,"(64.94808959960938, 1.757430076599121, 663.3801879882812)",1
3014221459,2985899403,"(0.5457931756973267, 0.35296139121055603)","(26.419750213623047, 199.50140380859375, 65.77555847167969)",1,3.9248199462890625,1,"(-5.791940689086914, 5.587620258331299, 666.3670654296875)",1,"(0.5377058386802673, 0.3597203493118286)","(21.944965362548828, 197.52467346191406, 65.05607604980469)",1,4.061859130859375,1,"(64.80419921875, 1.838333010673523, 663.1735229492188)",1
3014237911,2985915854,"(0.5491803884506226, 0.36074718832969666)","(28.293872833251953, 197.22434997558594, 64.9467544555664)",1,3.9290313720703125,1,"(-6.013829708099365, 5.52281379699707, 665.887939453125)",1,"(0.5357773900032043, 0.3691572844982147)","(20.877941131591797, 194.7647705078125, 64.051513671875)",1,4.069427490234375,1,"(64.57324981689453, 1.9218703508377075, 662.7268676757812)",1
3014254703,2985932646,"(0.5505622625350952, 0.3595942258834839)","(29.05842399597168, 197.5615692138672, 65.06949615478516)",1,3.9103546142578125,1,"(-6.193554401397705, 5.4611287117004395, 665.6519165039062)",1,"(0.5339073538780212, 0.36400824785232544)","(19.843284606933594, 196.2706298828125, 64.5996322631836)",1,4.057586669921875,1,"(64.39945983886719, 1.9594357013702393, 662.5274047851562)",1
3014271375,2985949318,"(0.5464406609535217, 0.3562418222427368)","(26.777952194213867, 198.5419921875, 65.42635345458984)",1,3.9057159423828125,1,"(-6.507912635803223, 5.332150936126709, 665.2654418945312)",1,"(0.5352372527122498, 0.35899943113327026)","(20.579111099243164, 197.73553466796875, 65.13282012939453)",1,4.047637939453125,1,"(64.0177993774414, 2.049165725708008, 662.14453125)",1
3014287826,2985965768,"(0.5451509952545166, 0.3657488524913788)","(26.064376831054688, 195.76156616210938, 64.41434478759766)",1,3.917144775390625,1,"(-6.891949653625488, 5.228826522827148, 664.9732055664062)",1,"(0.5349175930023193, 0.3709191679954529)","(20.402219772338867, 194.2494659423828, 63.863975524902344)",1,4.048126220703125,1,"(63.642478942871094, 2.134874105453491, 661.918212890625)",1
3014304573,2985982515,"(0.5452147126197815, 0.36224767565727234)","(26.099658966064453, 196.78553771972656, 64.78703308105469)",1,3.903656005859375,1,"(-7.1415486335754395, 5.171865940093994, 665.0316162109375)",1,"(0.5360493659973145, 0.37004485726356506)","(21.028493881225586, 194.505126953125, 63.95703125)",1,4.0553436279296875,1,"(63.43416976928711, 2.176449775695801, 662.0067138671875)",1
3014321387,2985999329,"(0.5453928709030151, 0.34803491830825806)","(26.198257446289062, 200.94223022460938, 66.29995727539062)",1,3.9081573486328125,1,"(-7.488670825958252, 5.0642266273498535, 665.17138671875)",1,"(0.5340332984924316, 0.36460813879966736)","(19.912988662719727, 196.09518432617188, 64.53575134277344)",1,4.0522003173828125,1,"(63.10082244873047, 2.2402503490448, 662.1942138671875)",1
3014337746,2986015687,"(0.5478250980377197, 0.34520474076271057)","(27.543941497802734, 201.76995849609375, 66.60120391845703)",1,3.89117431640625,1,"(-7.770856857299805, 4.971179485321045, 665.2332153320312)",1,"(0.5355772972106934, 0.359792023897171)","(20.767230987548828, 197.50372314453125, 65.0484619140625)",1,4.0384368896484375,1,"(62.84889602661133, 2.2647809982299805, 662.2869262695312)",1
3014354539,2986032480,"(0.547074019908905, 0.345563679933548)","(27.128381729125977, 201.66497802734375, 66.56298065185547)",1,3.893646240234375,1,"(-7.924670696258545, 4.9049391746521, 665.3212280273438)",1,"(0.5338804721832275, 0.3610741198062897)","(19.828420639038086, 197.1287384033203, 64.91199493408203)",1,4.0386810302734375,1,"(62.726715087890625, 2.274869918823242, 662.3843994140625)",1
3014371302,2986049243,"(0.5462489128112793, 0.35413891077041626)","(26.67186164855957, 199.15704345703125, 65.65016174316406)",1,3.9185638427734375,1,"(-8.120034217834473, 4.806060314178467, 665.4122314453125)",1,"(0.5342228412628174, 0.3662532866001129)","(20.017860412597656, 195.61399841308594, 64.36063385009766)",1,4.0347442626953125,1,"(62.54334259033203, 2.2878079414367676, 662.504150390625)",1
3014387662,2986065602,"(0.5486004948616028, 0.35253337025642395)","(27.973031997680664, 199.62655639648438, 65.82110595703125)",1,3.9153289794921875,1,"(-8.292282104492188, 4.700948715209961, 665.5682983398438)",1,"(0.5358985662460327, 0.3635237216949463)","(20.945049285888672, 196.41232299804688, 64.65117645263672)",1,4.04718017578125,1,"(62.40543746948242, 2.2851765155792236, 662.6732177734375)",1
3014404407,2986082347,"(0.5500006079673767, 0.35327979922294617)","(28.747671127319336, 199.40829467773438, 65.74163055419922)",1,3.9096832275390625,1,"(-8.397248268127441, 4.6247944831848145, 665.6122436523438)",1,"(0.5367686748504639, 0.3594062328338623)","(21.42649269104004, 197.61651611328125, 65.0894775390625)",1,4.0372467041015625,1,"(62.322059631347656, 2.2787399291992188, 662.7235717773438)",1
3014421122,2986099062,"(0.5488029718399048, 0.3515549302101135)","(28.085039138793945, 199.9127197265625, 65.9252700805664)",1,3.909942626953125,1,"(-8.54600715637207, 4.494374752044678, 665.5196533203125)",1,"(0.5385120511054993, 0.35866227746009827)","(22.391077041625977, 197.8341064453125, 65.16868591308594)",1,4.0394744873046875,1,"(62.174156188964844, 2.2315423488616943, 662.640380859375)",1
3014437578,2986115517,"(nan, nan)","(nan, nan, nan)",0,nan,0,"(nan, nan, nan)",0,"(0.5177843570709229, 0.47675368189811707)","(10.922447204589844, 163.296875, 52.59821319580078)",1,3.934295654296875,1,"(61.77935791015625, 2.2555532455444336, 662.4804077148438)",1
3014454373,2986132312,"(nan, nan)","(nan, nan, nan)",0,nan,0,"(nan, nan, nan)",0,"(nan, nan)","(nan, nan, nan)",0,nan,0,"(nan, nan, nan)",0
3014471036,2986148975,"(nan, nan)","(nan, nan, nan)",0,nan,0,"(nan, nan, nan)",0,"(nan, nan)","(nan, nan, nan)",0,nan,0,"(nan, nan, nan)",0
3014487498,2986165437,"(nan, nan)","(nan, nan, nan)",0,nan,0,"(nan, nan, nan)",0,"(nan, nan)","(nan, nan, nan)",0,nan,0,"(nan, nan, nan)",0
3014504339,2986182278,"(nan, nan)","(nan, nan, nan)",0,nan,0,"(nan, nan, nan)",0,"(nan, nan)","(nan, nan, nan)",0,nan,0,"(nan, nan, nan)",0
3014521048,2986198987,"(0.5002119541168213, 0.5433597564697266)","(1.1995935440063477, 143.81716918945312, 45.50809097290039)",1,3.8360595703125,1,"(-9.38754940032959, 4.1270833015441895, 664.2255249023438)",1,"(nan, nan)","(nan, nan, nan)",0,nan,0,"(nan, nan, nan)",0
3014537418,2986215357,"(0.5011516213417053, 0.37301522493362427)","(1.7195429801940918, 193.63644409179688, 63.64084243774414)",1,3.98162841796875,1,"(-9.48153018951416, 4.007502555847168, 664.5939331054688)",1,"(0.5036293268203735, 0.3580310344696045)","(3.0904533863067627, 198.0187530517578, 65.23589324951172)",1,3.85552978515625,1,"(61.08483123779297, 2.3203115463256836, 661.9215698242188)",1
3014554305,2986232243,"(0.49868178367614746, 0.3326776325702667)","(0.3529447615146637, 205.43365478515625, 67.93468475341797)",1,3.9555511474609375,1,"(-9.55280876159668, 3.917233943939209, 664.8406982421875)",1,"(0.4850223660469055, 0.3514321446418762)","(-7.204779148101807, 199.94866943359375, 65.9383316040039)",1,4.0938720703125,1,"(61.06246566772461, 2.286458730697632, 662.0637817382812)",1
3014570867,2986248805,"(0.49679943919181824, 0.33232390880584717)","(-0.6885385513305664, 205.537109375, 67.97235870361328)",1,3.9644622802734375,1,"(-9.654757499694824, 3.8140008449554443, 665.058837890625)",1,"(0.4790257215499878, 0.34291499853134155)","(-10.522724151611328, 202.43960571289062, 66.84492492675781)",1,4.118865966796875,1,"(61.00054168701172, 2.217644214630127, 662.3126831054688)",1
3014587332,2986265270,"(0.49814411997795105, 0.34742042422294617)","(0.0554945133626461, 201.1219482421875, 66.3653335571289)",1,3.9703826904296875,1,"(-9.77385425567627, 3.758777618408203, 665.0192260742188)",1,"(0.47843101620674133, 0.3484663963317871)","(-10.851775169372559, 200.81602478027344, 66.25401306152344)",1,4.1307220458984375,1,"(60.895347595214844, 2.1873176097869873, 662.2664794921875)",1
3014604175,2986282112,"(0.49617186188697815, 0.34519287943840027)","(-1.035776138305664, 201.7733917236328, 66.60247039794922)",1,3.9681549072265625,1,"(-9.858266830444336, 3.6944284439086914, 664.8972778320312)",1,"(0.47834643721580505, 0.353173166513443)","(-10.898561477661133, 199.43946838378906, 65.75299835205078)",1,4.118927001953125,1,"(60.819618225097656, 2.1624867916107178, 662.157958984375)",1
3014620783,2986298720,"(0.49820396304130554, 0.3331966996192932)","(0.08858990669250488, 205.28179931640625, 67.87947845458984)",1,3.9709320068359375,1,"(-9.983070373535156, 3.59006667137146, 664.9156494140625)",1,"(0.47879716753959656, 0.3538901209831238)","(-10.649177551269531, 199.2297821044922, 65.67667388916016)",1,4.1415252685546875,1,"(60.711517333984375, 2.103973150253296, 662.1918334960938)",1
3014637252,2986315189,"(0.5039898157119751, 0.33125460147857666)","(3.289923667907715, 205.8498077392578, 68.0861587524414)",1,3.97039794921875,1,"(-10.104085922241211, 3.533216714859009, 665.0874633789062)",1,"(0.4801616370677948, 0.3538143038749695)","(-9.894237518310547, 199.25196838378906, 65.68474578857422)",1,4.152130126953125,1,"(60.646732330322266, 2.0893735885620117, 662.365966796875)",1
3014654044,2986331980,"(0.49828654527664185, 0.3386044502258301)","(0.13427399098873138, 203.70025634765625, 67.30378723144531)",1,3.9680023193359375,1,"(-10.123858451843262, 3.5251152515411377, 665.0787963867188)",1,"(0.48037078976631165, 0.35214918851852417)","(-9.778517723083496, 199.73895263671875, 65.86199188232422)",1,4.1490631103515625,1,"(60.60771179199219, 2.0909347534179688, 662.3770751953125)",1
3014670699,2986348635,"(0.4978078305721283, 0.34791889786720276)","(-0.13060323894023895, 200.97613525390625, 66.31230926513672)",1,3.9767303466796875,1,"(-10.1588716506958, 3.524503469467163, 665.0179443359375)",1,"(0.4816831648349762, 0.35154908895492554)","(-9.052369117736816, 199.91444396972656, 65.92591094970703)",1,4.1630859375,1,"(60.574302673339844, 2.0802719593048096, 662.3167114257812)",1
3014687168,2986365104,"(0.499555379152298, 0.3387257158756256)","(0.8363282680511475, 203.66477966308594, 67.2908706665039)",1,3.9716644287109375,1,"(-10.184366226196289, 3.5072202682495117, 665.3819580078125)",1,"(0.4826236963272095, 0.34581658244132996)","(-8.531959533691406, 201.59095764160156, 66.53611755371094)",1,4.162506103515625,1,"(60.60954284667969, 2.067697763442993, 662.6697998046875)",1
3014703914,2986381849,"(0.5021469593048096, 0.34017887711524963)","(2.270237684249878, 203.23983764648438, 67.1362075805664)",1,3.9900970458984375,1,"(-10.196051597595215, 3.4958317279815674, 665.5782470703125)",1,"(0.4818159341812134, 0.3442703187465668)","(-8.978906631469727, 202.04319763183594, 66.7007064819336)",1,4.165679931640625,1,"(60.63013458251953, 2.0539119243621826, 662.8492431640625)",1
3014720613,2986398548,"(0.5027124881744385, 0.34165799617767334)","(2.5831449031829834, 202.80723571777344, 66.97874450683594)",1,4.005340576171875,1,"(-10.219320297241211, 3.488593816757202, 665.980712890625)",1,"(0.48446565866470337, 0.342386394739151)","(-7.512845039367676, 202.59417724609375, 66.90122985839844)",1,4.175628662109375,1,"(60.661746978759766, 2.034364700317383, 663.2808227539062)",1
3014737088,2986415023,"(0.5023948550224304, 0.3401062786579132)","(2.4074037075042725, 203.2610626220703, 67.14391326904297)",1,4.0094146728515625,1,"(-10.259526252746582, 3.461095094680786, 666.222900390625)",1,"(0.48449745774269104, 0.3464941680431366)","(-7.495227336883545, 201.392822265625, 66.46395111083984)",1,4.180419921875,1,"(60.656227111816406, 2.032386541366577, 663.5091552734375)",1
3014753880,2986431814,"(0.5017402768135071, 0.34188398718833923)","(2.0452303886413574, 202.74111938476562, 66.95466613769531)",1,4.0164337158203125,1,"(-10.276325225830078, 3.449254035949707, 666.16748046875)",1,"(0.4851088523864746, 0.3424346148967743)","(-7.156921863555908, 202.58009338378906, 66.8960952758789)",1,4.188873291015625,1,"(60.629920959472656, 2.0186898708343506, 663.4640502929688)",1
3014770529,2986448463,"(0.5032651424407959, 0.3453384041786194)","(2.8889074325561523, 201.73085021972656, 66.58698272705078)",1,4.0285186767578125,1,"(-10.303987503051758, 3.416670322418213, 665.9207763671875)",1,"(0.48591849207878113, 0.3426690399646759)","(-6.7089409828186035, 202.5115203857422, 66.87113189697266)",1,4.1904144287109375,1,"(60.56666946411133, 1.9913854598999023, 663.2049560546875)",1
3014787008,2986464942,"(0.5081352591514587, 0.34154725074768066)","(5.583590030670166, 202.83961486816406, 66.99053955078125)",1,4.0365142822265625,1,"(-10.335599899291992, 3.3783297538757324, 665.78564453125)",1,"(0.48443105816841125, 0.34936392307281494)","(-7.531959056854248, 200.55352783203125, 66.15850067138672)",1,4.2059783935546875,1,"(60.53453826904297, 1.9728049039840698, 663.0845947265625)",1
3014803846,2986481780,"(0.5102150440216064, 0.33994561433792114)","(6.734333515167236, 203.30801391601562, 67.1610336303711)",1,4.0463714599609375,1,"(-10.341776847839355, 3.3698649406433105, 665.9484252929688)",1,"(0.4869858920574188, 0.348980188369751)","(-6.118366241455078, 200.66574096679688, 66.1993179321289)",1,4.2017669677734375,1,"(60.5413703918457, 1.969692349433899, 663.2362670898438)",1
3014820541,2986498475,"(0.5068547129631042, 0.3444996178150177)","(4.875054836273193, 201.97613525390625, 66.67627716064453)",1,4.0644683837890625,1,"(-10.329609870910645, 3.3589842319488525, 666.3888549804688)",1,"(0.4848145842552185, 0.35054320096969604)","(-7.319753170013428, 200.20864868164062, 66.03295135498047)",1,4.2205657958984375,1,"(60.58330154418945, 1.9614192247390747, 663.7080688476562)",1
3014836928,2986514862,"(0.5072183012962341, 0.3395559787750244)","(5.076223850250244, 203.42198181152344, 67.20254516601562)",1,4.07196044921875,1,"(-10.322928428649902, 3.3447909355163574, 666.6587524414062)",1,"(0.4839785695075989, 0.34794679284095764)","(-7.782320976257324, 200.96795654296875, 66.3093490600586)",1,4.2187652587890625,1,"(60.60715866088867, 1.958885908126831, 663.952880859375)",1
3014853716,2986531651,"(0.5071261525154114, 0.342522531747818)","(5.0252604484558105, 202.55433654785156, 66.88675689697266)",1,4.0695343017578125,1,"(-10.304622650146484, 3.34527587890625, 666.71875)",1,"(0.4861874282360077, 0.34957703948020935)","(-6.560152053833008, 200.4912109375, 66.13581085205078)",1,4.2073822021484375,1,"(60.61432647705078, 1.9597573280334473, 664.0098266601562)",1
3014870456,2986548391,"(0.5059201717376709, 0.34204673767089844)","(4.357968807220459, 202.6935272216797, 66.93739318847656)",1,4.0872039794921875,1,"(-10.284590721130371, 3.3441944122314453, 666.8756103515625)",1,"(0.48612070083618164, 0.34804484248161316)","(-6.597087383270264, 200.9393310546875, 66.2988510131836)",1,4.2205352783203125,1,"(60.642120361328125, 1.958638072013855, 664.1767578125)",1
3014886848,2986564783,"(0.5034446716308594, 0.3404601514339447)","(2.988274574279785, 203.15753173828125, 67.10624694824219)",1,4.0823974609375,1,"(-10.274612426757812, 3.356513023376465, 667.2727661132812)",1,"(0.4846566319465637, 0.34851497411727905)","(-7.407171249389648, 200.8018341064453, 66.24884796142578)",1,4.22833251953125,1,"(60.675880432128906, 1.967864990234375, 664.5571899414062)",1
3014903682,2986581617,"(0.5045739412307739, 0.3405824303627014)","(3.6130619049072266, 203.1217803955078, 67.09326934814453)",1,4.086456298828125,1,"(-10.283853530883789, 3.36804461479187, 667.4775390625)",1,"(0.48546963930130005, 0.3450741469860077)","(-6.95729923248291, 201.80813598632812, 66.61510467529297)",1,4.2214202880859375,1,"(60.68721389770508, 1.9729453325271606, 664.7435913085938)",1
3014920372,2986598307,"(0.5061594247817993, 0.34384390711784363)","(4.490347385406494, 202.1679229736328, 66.74610137939453)",1,4.09478759765625,1,"(-10.297286987304688, 3.3818278312683105, 667.681396484375)",1,"(0.4840300977230072, 0.34052523970603943)","(-7.753806114196777, 203.1385040283203, 67.09933471679688)",1,4.2309112548828125,1,"(60.69977951049805, 1.987706184387207, 664.9634399414062)",1
3014936768,2986614703,"(0.5064764618873596, 0.340715229511261)","(4.66576623916626, 203.0829620361328, 67.07909393310547)",1,4.0776824951171875,1,"(-10.298761367797852, 3.4065492153167725, 667.5950927734375)",1,"(0.4834370017051697, 0.34209319949150085)","(-8.081955909729004, 202.67994689941406, 66.93242645263672)",1,4.2302398681640625,1,"(60.696685791015625, 1.996504545211792, 664.8812866210938)",1
3014953550,2986631485,"(0.5086802244186401, 0.3376501500606537)","(5.885124683380127, 203.97933959960938, 67.40540313720703)",1,4.074005126953125,1,"(-10.289472579956055, 3.4277474880218506, 667.5140380859375)",1,"(0.4865347146987915, 0.3409688174724579)","(-6.368016242980957, 203.0087890625, 67.0521469116211)",1,4.2258758544921875,1,"(60.69331359863281, 2.00028657913208, 664.8079833984375)",1
3014970190,2986648125,"(0.5047539472579956, 0.3468914330005646)","(3.7127342224121094, 201.27664184570312, 66.42167663574219)",1,4.0601043701171875,1,"(-10.249646186828613, 3.4907195568084717, 667.42919921875)",1,"(0.4846882224082947, 0.3412996828556061)","(-7.389671325683594, 202.91197204589844, 67.01688385009766)",1,4.213714599609375,1,"(60.7118034362793, 2.034438133239746, 664.7135620117188)",1
3014986688,2986664623,"(0.5068767666816711, 0.3465191423892975)","(4.887250900268555, 201.38551330566406, 66.4613265991211)",1,4.040924072265625,1,"(-10.224767684936523, 3.547318696975708, 667.242919921875)",1,"(0.48278573155403137, 0.34295591711997986)","(-8.442294120788574, 202.42764282226562, 66.84054565429688)",1,4.204681396484375,1,"(60.72526931762695, 2.088567018508911, 664.5211181640625)",1
3015003420,2986681355,"(0.5050201416015625, 0.34850215911865234)","(3.859989643096924, 200.80557250976562, 66.25019073486328)",1,4.0377655029296875,1,"(-10.201600074768066, 3.5817618370056152, 667.0457763671875)",1,"(0.4801712930202484, 0.35064223408699036)","(-9.888877868652344, 200.1796875, 66.02235412597656)",1,4.1981353759765625,1,"(60.72439956665039, 2.1167423725128174, 664.3418579101562)",1
3015020202,2986698137,"(0.5041528940200806, 0.34114912152290344)","(3.380168914794922, 202.95606994628906, 67.03291320800781)",1,4.0333709716796875,1,"(-10.167388916015625, 3.5894277095794678, 666.8511352539062)",1,"(0.48307913541793823, 0.34409862756729126)","(-8.279973030090332, 202.0934295654297, 66.71894836425781)",1,4.177703857421875,1,"(60.724327087402344, 2.1292247772216797, 664.1322631835938)",1
3015036608,2986714543,"(0.504590630531311, 0.3425144851207733)","(3.6223368644714355, 202.55673217773438, 66.88756561279297)",1,4.0113983154296875,1,"(-10.165788650512695, 3.572862148284912, 666.61279296875)",1,"(0.48574087023735046, 0.33692705631256104)","(-6.807223320007324, 204.19081115722656, 67.48233795166016)",1,4.15087890625,1,"(60.7105712890625, 2.109466075897217, 663.8980102539062)",1
3015053386,2986731321,"(0.5029265284538269, 0.3438474237918854)","(2.7015788555145264, 202.16688537597656, 66.74568176269531)",1,3.9970703125,1,"(-10.163276672363281, 3.557307243347168, 666.3855590820312)",1,"(0.48519399762153625, 0.3380766808986664)","(-7.109813213348389, 203.8546142578125, 67.3599624633789)",1,4.1451416015625,1,"(60.689788818359375, 2.0924320220947266, 663.6951904296875)",1
3015070118,2986748053,"(0.5024310946464539, 0.34615543484687805)","(2.4274866580963135, 201.49191284179688, 66.50000762939453)",1,3.9928436279296875,1,"(-10.202080726623535, 3.529869794845581, 666.0430297851562)",1,"(0.4801703691482544, 0.3443966209888458)","(-9.889409065246582, 202.0063018798828, 66.68724060058594)",1,4.1376190185546875,1,"(60.61379623413086, 2.060675621032715, 663.3336791992188)",1
3015086528,2986764463,"(0.43868353962898254, 0.3708609640598297)","(-32.84406280517578, 194.2664794921875, 63.87018585205078)",1,3.9701385498046875,1,"(-10.473702430725098, 3.426178455352783, 665.7919311523438)",1,"(0.4274909794330597, 0.3682422935962677)","(-39.03693389892578, 195.03231811523438, 64.14891815185547)",1,4.1335296630859375,1,"(60.18761444091797, 1.9675052165985107, 663.0870361328125)",1
3015103352,2986781287,"(0.3693053722381592, 0.3910048305988312)","(-71.23103332519531, 188.37515258789062, 61.72590255737305)",1,3.93499755859375,1,"(-10.791175842285156, 3.3637290000915527, 665.824951171875)",1,"(0.3684171140193939, 0.39527079463005066)","(-71.72248840332031, 187.1275177001953, 61.27180099487305)",1,4.1466064453125,1,"(59.79832458496094, 1.927973747253418, 663.1640014648438)",1
3015119937,2986797872,"(0.29502224922180176, 0.4025239050388336)","(-112.3319091796875, 185.00628662109375, 60.499732971191406)",1,3.9105682373046875,1,"(-11.180468559265137, 3.306741952896118, 666.0911254882812)",1,"(0.2807227075099945, 0.3998486399650574)","(-120.24382781982422, 185.78868103027344, 60.78448486328125)",1,4.1391448974609375,1,"(59.418418884277344, 1.8899195194244385, 663.4405517578125)",1
3015136443,2986814378,"(0.29025086760520935, 0.40104955434799194)","(-114.97190856933594, 185.43743896484375, 60.656700134277344)",1,3.8961944580078125,1,"(-11.193327903747559, 3.256000280380249, 664.8758544921875)",1,"(0.27735579013824463, 0.39222386479377747)","(-122.10674285888672, 188.01866149902344, 61.596134185791016)",1,4.1222381591796875,1,"(59.338623046875, 1.831849217414856, 662.3388671875)",1
3015153221,2986831156,"(0.28966227173805237, 0.4021117389202118)","(-115.2975845336914, 185.12681579589844, 60.54363250732422)",1,3.871337890625,1,"(-11.205092430114746, 3.2545037269592285, 665.2991943359375)",1,"(0.2796608507633209, 0.3869096636772156)","(-120.83135986328125, 189.5728302001953, 62.161827087402344)",1,4.1061553955078125,1,"(59.384613037109375, 1.809084415435791, 662.7109985351562)",1
3015169853,2986847788,"(0.2915882170200348, 0.4016035497188568)","(-114.23193359375, 185.27545166015625, 60.59767150878906)",1,3.8674468994140625,1,"(-11.222707748413086, 3.25362491607666, 665.5314331054688)",1,"(0.28531166911125183, 0.3848462700843811)","(-117.70475769042969, 190.1763153076172, 62.38143539428711)",1,4.0924835205078125,1,"(59.41276168823242, 1.8126698732376099, 662.955322265625)",1
3015186359,2986864294,"(0.2947569191455841, 0.40526947379112244)","(-112.47866821289062, 184.20327758789062, 60.20749282836914)",1,3.848114013671875,1,"(-11.25402545928955, 3.2703704833984375, 665.6707763671875)",1,"(0.28511473536491394, 0.38945984840393066)","(-117.813720703125, 188.82701110839844, 61.890377044677734)",1,4.0953369140625,1,"(59.42526626586914, 1.8221139907836914, 663.0869140625)",1
3015203187,2986881122,"(0.29731419682502747, 0.4041362404823303)","(-111.06375122070312, 184.53468322753906, 60.328147888183594)",1,3.8498687744140625,1,"(-11.279006004333496, 3.2672641277313232, 665.8406372070312)",1,"(0.28422924876213074, 0.38545113801956177)","(-118.30364227294922, 189.99940490722656, 62.31708908081055)",1,4.0807952880859375,1,"(59.43085479736328, 1.8244131803512573, 663.2507934570312)",1
3015219767,2986897703,"(0.2940651476383209, 0.40137428045272827)","(-112.86144256591797, 185.3424835205078, 60.62213897705078)",1,3.8481292724609375,1,"(-11.310535430908203, 3.261873245239258, 666.1968383789062)",1,"(0.28245532512664795, 0.3869982659816742)","(-119.28517150878906, 189.5469207763672, 62.152435302734375)",1,4.0736236572265625,1,"(59.43685531616211, 1.8172829151153564, 663.6350708007812)",1
3015236279,2986914215,"(0.2921646535396576, 0.4013594686985016)","(-113.9129867553711, 185.34681701660156, 60.62368392944336)",1,3.850372314453125,1,"(-11.36491584777832, 3.240027666091919, 666.524169921875)",1,"(0.28151196241378784, 0.37686803936958313)","(-119.80711364746094, 192.5096435546875, 63.230712890625)",1,4.0636749267578125,1,"(59.43832015991211, 1.7981795072555542, 663.9440307617188)",1
3015253057,2986930993,"(0.2908250391483307, 0.4005577564239502)","(-114.65418243408203, 185.58126831054688, 60.709022521972656)",1,3.836669921875,1,"(-11.394416809082031, 3.235212564468384, 666.5602416992188)",1,"(0.28221583366394043, 0.3764728307723999)","(-119.41766357421875, 192.62521362304688, 63.27280807495117)",1,4.0496063232421875,1,"(59.41941452026367, 1.7983379364013672, 663.9889526367188)",1
3015269683,2986947619,"(0.2974664270877838, 0.3980390131473541)","(-110.97952270507812, 186.3179168701172, 60.977142333984375)",1,3.8423004150390625,1,"(-11.45584487915039, 3.2350707054138184, 666.461181640625)",1,"(0.28409361839294434, 0.3795074224472046)","(-118.37870025634766, 191.7377166748047, 62.94978713989258)",1,4.0455780029296875,1,"(59.37566375732422, 1.8180381059646606, 663.8909301757812)",1
3015286199,2986964135,"(0.29443448781967163, 0.39961424469947815)","(-112.6571044921875, 185.8572235107422, 60.80950164794922)",1,3.844268798828125,1,"(-11.485183715820312, 3.2313458919525146, 666.5932006835938)",1,"(0.28385767340660095, 0.3825511038303375)","(-118.50924682617188, 190.84754943847656, 62.62578201293945)",1,4.0298919677734375,1,"(59.368927001953125, 1.8417760133743286, 664.0269165039062)",1
3015303023,2986980959,"(0.3208736777305603, 0.3994324803352356)","(-98.02826690673828, 185.91036987304688, 60.82884216308594)",1,3.84515380859375,1,"(-11.323716163635254, 3.2353456020355225, 666.6316528320312)",1,"(0.31107836961746216, 0.38492557406425476)","(-103.44802856445312, 190.1531219482422, 62.373043060302734)",1,4.0556488037109375,1,"(59.49407196044922, 1.8534846305847168, 664.0676879882812)",1
3015319695,2986997631,"(0.41886717081069946, 0.39301663637161255)","(-43.808475494384766, 187.7867889404297, 61.51172637939453)",1,3.8784027099609375,1,"(-10.756157875061035, 3.2693283557891846, 668.2135009765625)",1,"(0.42434993386268616, 0.38384172320365906)","(-40.77486038208008, 190.47006225585938, 62.48841857910156)",1,4.0399017333984375,1,"(60.15562438964844, 1.8459032773971558, 665.6824340820312)",1
3015336119,2987014055,"(0.5176220536231995, 0.37571409344673157)","(10.832653045654297, 192.84713745117188, 63.35353088378906)",1,3.8894500732421875,1,"(-10.3268404006958, 3.301947593688965, 668.2141723632812)",1,"(0.5100829601287842, 0.37395161390304565)","(6.661270618438721, 193.3625946044922, 63.54115295410156)",1,4.010009765625,1,"(60.503456115722656, 1.838148832321167, 665.529541015625)",1
3015352893,2987030829,"(0.5387048125267029, 0.3671015501022339)","(22.49772071838379, 195.36595153808594, 64.27030181884766)",1,3.88848876953125,1,"(-10.350333213806152, 3.2864859104156494, 668.5869750976562)",1,"(0.5274761915206909, 0.3645434081554413)","(16.28496551513672, 196.11412048339844, 64.5426254272461)",1,3.99993896484375,1,"(60.552223205566406, 1.822323203086853, 665.826416015625)",1
3015369610,2987047546,"(0.5408618450164795, 0.36567649245262146)","(23.691184997558594, 195.78273010253906, 64.42204284667969)",1,3.871734619140625,1,"(-10.510777473449707, 3.248141050338745, 669.4832153320312)",1,"(0.5310657024383545, 0.35999220609664917)","(18.271013259887695, 197.44517517089844, 65.02714538574219)",1,3.9903717041015625,1,"(60.54380416870117, 1.807015299797058, 666.7777709960938)",1
3015386048,2987063984,"(0.536935567855835, 0.36935681104660034)","(21.51881980895996, 194.7063751220703, 64.0302963256836)",1,3.8708648681640625,1,"(-10.627828598022461, 3.204484224319458, 669.0454711914062)",1,"(0.528664231300354, 0.3653428554534912)","(16.942289352416992, 195.8802947998047, 64.45757293701172)",1,3.9910736083984375,1,"(60.406742095947266, 1.797926664352417, 666.3786010742188)",1
3015402859,2987080795,"(0.5373299717903137, 0.3673694431781769)","(21.737060546875, 195.28761291503906, 64.24183654785156)",1,3.8511962890625,1,"(-10.706867218017578, 3.191152572631836, 668.8406372070312)",1,"(0.5250416398048401, 0.3619738817214966)","(14.937895774841309, 196.8656005859375, 64.81617736816406)",1,3.961517333984375,1,"(60.33769226074219, 1.7939640283584595, 666.1937255859375)",1
3015419526,2987097462,"(0.5364891290664673, 0.3619581162929535)","(21.27178955078125, 196.87020874023438, 64.81785583496094)",1,3.85845947265625,1,"(-10.795973777770996, 3.1549696922302246, 668.636474609375)",1,"(0.5250413417816162, 0.3633866310119629)","(14.937708854675293, 196.45242309570312, 64.66578674316406)",1,3.9477691650390625,1,"(60.266849517822266, 1.7925610542297363, 665.9815063476562)",1
3015435968,2987113904,"(0.5349958539009094, 0.3698670566082001)","(20.445545196533203, 194.55714416503906, 63.9759407043457)",1,3.85614013671875,1,"(-10.84256362915039, 3.142648696899414, 668.3310546875)",1,"(0.5248077511787415, 0.36624032258987427)","(14.808492660522461, 195.61781311035156, 64.36198425292969)",1,3.9441375732421875,1,"(60.217857360839844, 1.7776015996932983, 665.6923217773438)",1
3015452825,2987130761,"(0.5352087616920471, 0.3665238320827484)","(20.5633487701416, 195.53492736816406, 64.33183288574219)",1,3.851959228515625,1,"(-10.862567901611328, 3.1316514015197754, 668.1755981445312)",1,"(0.5223864316940308, 0.3697115182876587)","(13.46873664855957, 194.60263061523438, 63.99253463745117)",1,3.9370574951171875,1,"(60.208316802978516, 1.7714461088180542, 665.5447998046875)",1
3015469442,2987147378,"(0.5346149802207947, 0.3633135259151459)","(20.234821319580078, 196.47381591796875, 64.6735610961914)",1,3.853118896484375,1,"(-10.866117477416992, 3.1342885494232178, 667.8579711914062)",1,"(0.5224225521087646, 0.3671395480632782)","(13.48876953125, 195.35482788085938, 64.26631164550781)",1,3.9539642333984375,1,"(60.18632888793945, 1.7724523544311523, 665.2058715820312)",1
3015485888,2987163824,"(0.5373823642730713, 0.36514952778816223)","(21.766008377075195, 195.9368438720703, 64.4781494140625)",1,3.8489532470703125,1,"(-10.87345027923584, 3.1334593296051025, 667.5062866210938)",1,"(0.5207199454307556, 0.3644459843635559)","(12.546701431274414, 196.14256286621094, 64.55306243896484)",1,3.9384918212890625,1,"(60.166587829589844, 1.7798748016357422, 664.866943359375)",1
