device_time_stamp,system_time_stamp,left_gaze_point_on_display_area,left_gaze_point_in_user_coordinate_system,left_gaze_point_validity,left_pupil_diameter,left_pupil_validity,left_gaze_origin_in_user_coordinate_system,left_gaze_origin_validity,right_gaze_point_on_display_area,right_gaze_point_in_user_coordinate_system,right_gaze_point_validity,right_pupil_diameter,right_pupil_validity,right_gaze_origin_in_user_coordinate_system,right_gaze_origin_validity
33859294672,18846164915,"(0.5209595561027527, 0.4552382826805115)","(12.679271697998047, 169.58934020996094, 54.88845443725586)",1,4.2948150634765625,1,"(-33.4727897644043, 11.000472068786621, 599.9278564453125)",1,"(0.5187622904777527, 0.47032877802848816)","(11.463532447814941, 165.17591857910156, 53.28207015991211)",1,4.1237030029296875,1,"(34.35745620727539, 13.617862701416016, 599.930419921875)",1
33859311312,18846181555,"(0.5219093561172485, 0.45890894532203674)","(13.204804420471191, 168.51577758789062, 54.49773025512695)",1,4.297119140625,1,"(-33.45984649658203, 11.004406929016113, 600.0047607421875)",1,"(0.5194770693778992, 0.4739784598350525)","(11.858981132507324, 164.10853576660156, 52.89359664916992)",1,4.12164306640625,1,"(34.39529800415039, 13.635360717773438, 600.0100708007812)",1
33859327934,18846198177,"(0.5228872895240784, 0.46171247959136963)","(13.745888710021973, 167.6958770751953, 54.19925308227539)",1,4.3090972900390625,1,"(-33.48646545410156, 11.01746654510498, 600.119140625)",1,"(0.5216131806373596, 0.4761738181114197)","(13.040925025939941, 163.4665069580078, 52.65991973876953)",1,4.1363372802734375,1,"(34.3961181640625, 13.653705596923828, 600.1133422851562)",1
33859344542,18846214785,"(0.5226314663887024, 0.4609382152557373)","(13.604345321655273, 167.9223175048828, 54.28165817260742)",1,4.3072052001953125,1,"(-33.50703430175781, 11.02418327331543, 600.1466064453125)",1,"(0.5236468315124512, 0.47739270329475403)","(14.166172981262207, 163.1099853515625, 52.53020095825195)",1,4.1322479248046875,1,"(34.37702560424805, 13.664329528808594, 600.145263671875)",1
33859361228,18846231471,"(0.5212377309799194, 0.4622493386268616)","(12.833189964294434, 167.53887939453125, 54.14210891723633)",1,4.312835693359375,1,"(-33.5574836730957, 11.034698486328125, 600.2444458007812)",1,"(0.5229339003562927, 0.4743760824203491)","(13.771708488464355, 163.99224853515625, 52.85124969482422)",1,4.1433258056640625,1,"(34.33507537841797, 13.670788764953613, 600.2607421875)",1
33859377854,18846248097,"(0.5214839577674866, 0.462572306394577)","(12.969457626342773, 167.4444122314453, 54.10774230957031)",1,4.31939697265625,1,"(-33.61757278442383, 11.055121421813965, 600.2511596679688)",1,"(0.5219286680221558, 0.4765302240848541)","(13.215455055236816, 163.3622589111328, 52.621952056884766)",1,4.1485443115234375,1,"(34.2949104309082, 13.691973686218262, 600.2730102539062)",1
33859394508,18846264751,"(0.5217695832252502, 0.462049663066864)","(13.127461433410645, 167.59727478027344, 54.163394927978516)",1,4.31561279296875,1,"(-33.661842346191406, 11.069177627563477, 600.2197265625)",1,"(0.5257745385169983, 0.47743701934814453)","(15.343403816223145, 163.0970458984375, 52.52545928955078)",1,4.15240478515625,1,"(34.233341217041016, 13.71435546875, 600.2423706054688)",1
33859411143,18846281386,"(0.5001797080039978, 0.47360992431640625)","(1.1817902326583862, 164.21630859375, 52.93282699584961)",1,4.3297271728515625,1,"(-33.8621711730957, 11.105841636657715, 600.0381469726562)",1,"(0.5026403665542603, 0.4773767590522766)","(2.543247699737549, 163.11465454101562, 52.531856536865234)",1,4.171905517578125,1,"(33.93598175048828, 13.776361465454102, 600.087158203125)",1
33859427774,18846298017,"(0.4557606279850006, 0.4457111954689026)","(-23.395282745361328, 172.37564086914062, 55.90255355834961)",1,4.343170166015625,1,"(-34.01069259643555, 11.167637825012207, 600.3994750976562)",1,"(0.45986902713775635, 0.4452649652957916)","(-21.122112274169922, 172.50613403320312, 55.950042724609375)",1,4.167816162109375,1,"(33.816917419433594, 13.843805313110352, 600.4920654296875)",1
33859444377,18846314620,"(0.4555708169937134, 0.43399083614349365)","(-23.500333786010742, 175.8033905029297, 57.15016555786133)",1,4.350921630859375,1,"(-34.04641342163086, 11.181690216064453, 600.9396362304688)",1,"(0.45437300205230713, 0.437582403421402)","(-24.16309356689453, 174.7530059814453, 56.767845153808594)",1,4.176300048828125,1,"(33.857276916503906, 13.860156059265137, 601.0230102539062)",1
33859461155,18846331398,"(0.46302005648612976, 0.442592591047287)","(-19.378677368164062, 173.28773498535156, 56.23447799682617)",1,4.3475341796875,1,"(-34.054664611816406, 11.172249794006348, 600.7627563476562)",1,"(0.4613746404647827, 0.4442831873893738)","(-20.289085388183594, 172.7932586669922, 56.054542541503906)",1,4.177886962890625,1,"(33.84806442260742, 13.84386157989502, 600.8180541992188)",1
33859477694,18846347937,"(0.462262898683548, 0.44639119505882263)","(-19.797576904296875, 172.1767578125, 55.830142974853516)",1,4.3547515869140625,1,"(-34.05992889404297, 11.16352367401123, 600.6624755859375)",1,"(0.46434566378593445, 0.444926381111145)","(-18.64518165588379, 172.6051483154297, 55.986061096191406)",1,4.1783905029296875,1,"(33.831298828125, 13.832234382629395, 600.7360229492188)",1
33859494247,18846364490,"(0.4618758261203766, 0.44709160923957825)","(-20.011756896972656, 171.971923828125, 55.755592346191406)",1,4.3597412109375,1,"(-34.086605072021484, 11.160561561584473, 600.7819213867188)",1,"(0.4654505252838135, 0.447340726852417)","(-18.033878326416016, 171.89906311035156, 55.72908020019531)",1,4.192291259765625,1,"(33.82120895385742, 13.826770782470703, 600.85302734375)",1
33859511071,18846381314,"(0.46283668279647827, 0.449765145778656)","(-19.480112075805664, 171.1900177001953, 55.471031188964844)",1,4.3766937255859375,1,"(-34.13813400268555, 11.154914855957031, 600.98095703125)",1,"(0.4651761054992676, 0.446670800447464)","(-18.185718536376953, 172.09500122070312, 55.800418853759766)",1,4.2030792236328125,1,"(33.79841232299805, 13.8192777633667, 601.06591796875)",1
33859527614,18846397857,"(0.4654868543148041, 0.4492015242576599)","(-18.013784408569336, 171.3548583984375, 55.531028747558594)",1,4.384857177734375,1,"(-34.17877960205078, 11.13718032836914, 601.0616455078125)",1,"(0.46550706028938293, 0.4453425109386444)","(-18.002635955810547, 172.48350524902344, 55.9417610168457)",1,4.2096099853515625,1,"(33.77525329589844, 13.793387413024902, 601.1460571289062)",1
33859544213,18846414456,"(0.46552494168281555, 0.4503105580806732)","(-17.992708206176758, 171.03050231933594, 55.41294860839844)",1,4.3898773193359375,1,"(-34.18574523925781, 11.122761726379395, 600.959228515625)",1,"(0.46517181396484375, 0.4490370452404022)","(-18.18808364868164, 171.40296936035156, 55.54848861694336)",1,4.20343017578125,1,"(33.75993347167969, 13.77305793762207, 601.0510864257812)",1
33859560889,18846431132,"(0.45663461089134216, 0.4437502324581146)","(-22.911745071411133, 172.94915771484375, 56.11131286621094)",1,4.4105072021484375,1,"(-34.248600006103516, 11.21802806854248, 600.9226684570312)",1,"(0.458492249250412, 0.43753865361213684)","(-21.883872985839844, 174.76576232910156, 56.77246856689453)",1,4.224334716796875,1,"(33.6082763671875, 13.897828102111816, 601.0846557617188)",1
33859577535,18846447778,"(0.3986188769340515, 0.26059040427207947)","(-55.01184844970703, 226.51637268066406, 75.60820007324219)",1,4.4141998291015625,1,"(-34.36445617675781, 11.715158462524414, 602.0964965820312)",1,"(0.41962555050849915, 0.27962207794189453)","(-43.38884353637695, 220.95037841796875, 73.5822982788086)",1,4.2303314208984375,1,"(33.246559143066406, 14.37224006652832, 602.1867065429688)",1
33859594179,18846464422,"(0.3747864067554474, 0.15596233308315277)","(-68.19835662841797, 257.1160888671875, 86.74559020996094)",1,4.4198150634765625,1,"(-34.43269729614258, 11.894335746765137, 602.1923217773438)",1,"(0.38508883118629456, 0.16604144871234894)","(-62.498023986816406, 254.16836547851562, 85.67264556884766)",1,4.2293548583984375,1,"(33.07408905029297, 14.573511123657227, 602.3256225585938)",1
33859610805,18846481048,"(0.3685220777988434, 0.10357900708913803)","(-71.6644058227539, 272.43621826171875, 92.32166290283203)",1,4.4325714111328125,1,"(-34.53955078125, 11.964869499206543, 602.816650390625)",1,"(0.3551226556301117, 0.10388709604740143)","(-79.07833099365234, 272.34613037109375, 92.28887176513672)",1,4.2185516357421875,1,"(33.1015739440918, 14.664545059204102, 602.993408203125)",1
33859627463,18846497706,"(0.3741826117038727, 0.1246068999171257)","(-68.53243255615234, 266.286376953125, 90.08325958251953)",1,4.358123779296875,1,"(-34.55097198486328, 11.962109565734863, 602.9219360351562)",1,"(0.36098748445510864, 0.1258133351802826)","(-75.83330535888672, 265.93353271484375, 89.95486450195312)",1,4.144378662109375,1,"(33.159542083740234, 14.652888298034668, 603.0653686523438)",1
33859644048,18846514291,"(0.37381961941719055, 0.1285552829504013)","(-68.7332763671875, 265.1316223144531, 89.6629638671875)",1,4.3154754638671875,1,"(-34.57451248168945, 11.960561752319336, 603.1049194335938)",1,"(0.36479705572128296, 0.13332948088645935)","(-73.72545623779297, 263.7353515625, 89.1547622680664)",1,4.109649658203125,1,"(33.191951751708984, 14.646153450012207, 603.250244140625)",1
33859660720,18846530963,"(0.37125882506370544, 0.13588055968284607)","(-70.15015411376953, 262.9892578125, 88.8832015991211)",1,4.2541046142578125,1,"(-34.604347229003906, 11.951420783996582, 603.3094482421875)",1,"(0.3660648763179779, 0.14465302228927612)","(-73.02397918701172, 260.42364501953125, 87.94939422607422)",1,4.0350189208984375,1,"(33.217960357666016, 14.630288124084473, 603.4570922851562)",1
33859677383,18846547626,"(0.37242311239242554, 0.14397737383842468)","(-69.5059585571289, 260.6212158203125, 88.0213394165039)",1,4.181427001953125,1,"(-34.643089294433594, 11.964070320129395, 603.2435913085938)",1,"(0.3686707019805908, 0.14939214289188385)","(-71.5821762084961, 259.03765869140625, 87.4449462890625)",1,3.9665374755859375,1,"(33.206058502197266, 14.631141662597656, 603.3972778320312)",1
33859694014,18846564257,"(0.37337708473205566, 0.14058412611484528)","(-68.97813415527344, 261.6136474609375, 88.382568359375)",1,4.1520843505859375,1,"(-34.65471649169922, 11.972315788269043, 603.1439208984375)",1,"(0.36899587512016296, 0.15191012620925903)","(-71.40225219726562, 258.3012390136719, 87.17691040039062)",1,3.9289703369140625,1,"(33.19504165649414, 14.633384704589844, 603.2982788085938)",1
33859710636,18846580879,"(0.3761614263057709, 0.1438937485218048)","(-67.43756103515625, 260.64569091796875, 88.03023529052734)",1,4.095489501953125,1,"(-34.665687561035156, 11.98290729522705, 603.0631713867188)",1,"(0.3701179325580597, 0.1507473587989807)","(-70.78141021728516, 258.6412658691406, 87.30066680908203)",1,3.86474609375,1,"(33.19645309448242, 14.645174980163574, 603.214111328125)",1
33859727303,18846597546,"(0.37357237935066223, 0.14637964963912964)","(-68.87007141113281, 259.9186706542969, 87.765625)",1,4.0399169921875,1,"(-34.63896942138672, 11.985579490661621, 603.0828857421875)",1,"(0.3700481951236725, 0.150981605052948)","(-70.82000732421875, 258.57275390625, 87.27574157714844)",1,3.8183135986328125,1,"(33.230499267578125, 14.654052734375, 603.2322387695312)",1
33859743883,18846614126,"(0.3715018033981323, 0.14252781867980957)","(-70.01570892333984, 261.045166015625, 88.1756591796875)",1,4.007843017578125,1,"(-34.61744689941406, 11.988194465637207, 603.1514892578125)",1,"(0.3694171607494354, 0.15366190671920776)","(-71.16917419433594, 257.7889099121094, 86.99042510986328)",1,3.79010009765625,1,"(33.264244079589844, 14.660358428955078, 603.2978515625)",1
33859760648,18846630891,"(0.37260738015174866, 0.14035359025001526)","(-69.40401458740234, 261.6810607910156, 88.4070816040039)",1,3.9716033935546875,1,"(-34.582908630371094, 11.989977836608887, 603.2089233398438)",1,"(0.37084800004959106, 0.15088677406311035)","(-70.37747192382812, 258.6004943847656, 87.28585052490234)",1,3.739410400390625,1,"(33.31484603881836, 14.667838096618652, 603.3516235351562)",1
33859777228,18846647471,"(0.37411603331565857, 0.1435970664024353)","(-68.56925964355469, 260.73248291015625, 88.06183624267578)",1,3.9374237060546875,1,"(-34.543426513671875, 11.98723316192627, 603.1521606445312)",1,"(0.3739139437675476, 0.14912670850753784)","(-68.68110656738281, 259.1152648925781, 87.47317504882812)",1,3.6994171142578125,1,"(33.34370803833008, 14.668244361877441, 603.2946166992188)",1
33859793849,18846664092,"(0.3739207684993744, 0.14492358267307281)","(-68.67733764648438, 260.3445129394531, 87.9206314086914)",1,3.92578125,1,"(-34.52790451049805, 11.990593910217285, 603.1295776367188)",1,"(0.3720330595970154, 0.15152651071548462)","(-69.72179412841797, 258.4134216308594, 87.21772766113281)",1,3.68682861328125,1,"(33.36262512207031, 14.672289848327637, 603.2586059570312)",1
33859810563,18846680806,"(0.3755420744419098, 0.13952527940273285)","(-67.7802734375, 261.9233093261719, 88.49525451660156)",1,3.8970489501953125,1,"(-34.46393585205078, 12.043375968933105, 603.18798828125)",1,"(0.37340429425239563, 0.14258036017417908)","(-68.96308898925781, 261.02984619140625, 88.17008209228516)",1,3.657806396484375,1,"(33.39687728881836, 14.71988296508789, 603.3094482421875)",1
33859827148,18846697391,"(0.37760603427886963, 0.1111375167965889)","(-66.6382827758789, 270.2256774902344, 91.51707458496094)",1,3.868621826171875,1,"(-34.42610549926758, 12.075424194335938, 603.1318969726562)",1,"(0.3771064579486847, 0.12646260857582092)","(-66.9146728515625, 265.7436828613281, 89.88573455810547)",1,3.650421142578125,1,"(33.408145904541016, 14.741009712219238, 603.2529907226562)",1
33859843719,18846713963,"(0.37685105204582214, 0.11147546023130417)","(-67.05599975585938, 270.1268310546875, 91.48110961914062)",1,3.860107421875,1,"(-34.430809020996094, 12.08815860748291, 603.2100219726562)",1,"(0.37657251954078674, 0.12302344292402267)","(-67.21012115478516, 266.7494812011719, 90.25181579589844)",1,3.63555908203125,1,"(33.43208312988281, 14.735328674316406, 603.3352661132812)",1
33859860478,18846730722,"(0.3751853108406067, 0.11321576684713364)","(-67.97764587402344, 269.6178283691406, 91.29585266113281)",1,3.8520965576171875,1,"(-34.418155670166016, 12.104024887084961, 603.5794067382812)",1,"(0.3732489347457886, 0.1235688328742981)","(-69.0490493774414, 266.5899353027344, 90.19380950927734)",1,3.6179046630859375,1,"(33.50742721557617, 14.728111267089844, 603.7125854492188)",1
33859877068,18846747312,"(0.3771321177482605, 0.1147465780377388)","(-66.90048217773438, 269.1701354980469, 91.13286590576172)",1,3.840423583984375,1,"(-34.379268646240234, 12.1397705078125, 603.6785888671875)",1,"(0.377025306224823, 0.12691111862659454)","(-66.95958709716797, 265.61248779296875, 89.83798217773438)",1,3.5997161865234375,1,"(33.56050491333008, 14.7241849899292, 603.7928466796875)",1
33859893685,18846763929,"(0.37649163603782654, 0.11958364397287369)","(-67.25486755371094, 267.7554931640625, 90.61796569824219)",1,3.8282623291015625,1,"(-34.316768646240234, 12.162160873413086, 603.3975830078125)",1,"(0.3739055395126343, 0.1291826367378235)","(-68.68572998046875, 264.9481506347656, 89.59619903564453)",1,3.5975341796875,1,"(33.601707458496094, 14.724466323852539, 603.4966430664062)",1
33859910394,18846780638,"(0.3783407211303711, 0.12246500700712204)","(-66.23175811767578, 266.9128112792969, 90.311279296875)",1,3.813323974609375,1,"(-34.223663330078125, 12.185761451721191, 602.8145751953125)",1,"(0.3753368556499481, 0.1300845444202423)","(-67.89379119873047, 264.68438720703125, 89.50015258789062)",1,3.5942840576171875,1,"(33.649925231933594, 14.715946197509766, 602.9000244140625)",1
33859926988,18846797232,"(0.3780842423439026, 0.1264514923095703)","(-66.37366485595703, 265.7469482421875, 89.88690948486328)",1,3.814697265625,1,"(-34.14570236206055, 12.189861297607422, 602.62646484375)",1,"(0.3786083161830902, 0.12735141813755035)","(-66.08369445800781, 265.48370361328125, 89.79116821289062)",1,3.58978271484375,1,"(33.69157409667969, 14.70410442352295, 602.7249145507812)",1
33859943651,18846813895,"(0.3776460289955139, 0.12618672847747803)","(-66.61612701416016, 265.8243408203125, 89.91509246826172)",1,3.809173583984375,1,"(-34.110801696777344, 12.179198265075684, 602.5159301757812)",1,"(0.3763717710971832, 0.1258593052625656)","(-67.32117462158203, 265.92010498046875, 89.94999694824219)",1,3.5868988037109375,1,"(33.71636199951172, 14.686206817626953, 602.5969848632812)",1
33859960309,18846830553,"(0.37720632553100586, 0.12309931963682175)","(-66.85941314697266, 266.7272644042969, 90.2437744140625)",1,3.80548095703125,1,"(-34.07565689086914, 12.14541244506836, 602.3717041015625)",1,"(0.3777090311050415, 0.12748754024505615)","(-66.58123779296875, 265.4438781738281, 89.776611328125)",1,3.57659912109375,1,"(33.732051849365234, 14.653480529785156, 602.44873046875)",1
33859976908,18846847152,"(0.37794527411460876, 0.1222623959183693)","(-66.45055389404297, 266.9720458984375, 90.33283996582031)",1,3.813140869140625,1,"(-34.07938766479492, 12.10767936706543, 602.416748046875)",1,"(0.37609583139419556, 0.1271018236875534)","(-67.47386169433594, 265.55670166015625, 89.81769561767578)",1,3.5832977294921875,1,"(33.746620178222656, 14.604996681213379, 602.49169921875)",1
33859993520,18846863764,"(0.3967026174068451, 0.14907628297805786)","(-56.0721321105957, 259.1300354003906, 87.47856903076172)",1,3.8114471435546875,1,"(-33.847740173339844, 11.953615188598633, 602.1918334960938)",1,"(0.3901238441467285, 0.15540438890457153)","(-59.712154388427734, 257.279296875, 86.80496978759766)",1,3.5943756103515625,1,"(33.86565017700195, 14.443275451660156, 602.2890625)",1
33860010225,18846880469,"(0.5119476914405823, 0.3182581067085266)","(7.6930413246154785, 209.6508026123047, 69.46961975097656)",1,3.856231689453125,1,"(-33.11065673828125, 11.475781440734863, 603.3816528320312)",1,"(0.511669397354126, 0.34386366605758667)","(7.539035320281982, 202.16213989257812, 66.74398040771484)",1,3.5855865478515625,1,"(34.51662063598633, 13.862367630004883, 603.4266357421875)",1
33860026828,18846897072,"(0.61809903383255, 0.5597063899040222)","(66.42662811279297, 139.03639221191406, 43.76804733276367)",1,3.8608245849609375,1,"(-32.76124954223633, 11.106104850769043, 603.4231567382812)",1,"(0.6069049835205078, 0.5779708623886108)","(60.232913970947266, 133.69471740722656, 41.82388687133789)",1,3.5963897705078125,1,"(34.90327453613281, 13.492976188659668, 603.330810546875)",1
33860043486,18846913730,"(0.6159959435462952, 0.5903005003929138)","(65.26293182373047, 130.08880615234375, 40.51139450073242)",1,3.8392791748046875,1,"(-32.789424896240234, 11.04559326171875, 603.4532470703125)",1,"(0.615265429019928, 0.6265640258789062)","(64.85868072509766, 119.48310089111328, 36.651248931884766)",1,3.5839385986328125,1,"(34.98931121826172, 13.435518264770508, 603.3496704101562)",1
33860060140,18846930384,"(0.5986418128013611, 0.5543997287750244)","(55.660892486572266, 140.58839416503906, 44.33292007446289)",1,3.8283843994140625,1,"(-32.877296447753906, 11.048736572265625, 604.184814453125)",1,"(0.5981065630912781, 0.5822386741638184)","(55.36471939086914, 132.44656372070312, 41.36956024169922)",1,3.5513916015625,1,"(35.10492706298828, 13.470709800720215, 604.1218872070312)",1
33860076739,18846946983,"(0.5946496725082397, 0.5381209850311279)","(53.45207595825195, 145.3492889404297, 46.0657958984375)",1,3.834991455078125,1,"(-32.89060592651367, 11.08165454864502, 604.2448120117188)",1,"(0.5963788032531738, 0.5578702688217163)","(54.40877151489258, 139.57337951660156, 43.963478088378906)",1,3.559661865234375,1,"(35.14848709106445, 13.489025115966797, 604.1768188476562)",1
33860093356,18846963600,"(0.5917969346046448, 0.5353842377662659)","(51.87361526489258, 146.1497039794922, 46.35710525512695)",1,3.8394927978515625,1,"(-32.89433288574219, 11.106609344482422, 604.090087890625)",1,"(0.5949808359146118, 0.5525320768356323)","(53.635284423828125, 141.1346435546875, 44.53173828125)",1,3.56561279296875,1,"(35.15654373168945, 13.512917518615723, 604.0107421875)",1
33860110055,18846980299,"(0.5900856256484985, 0.537105917930603)","(50.926780700683594, 145.64614868164062, 46.17386245727539)",1,3.844390869140625,1,"(-32.89946746826172, 11.17058277130127, 603.7214965820312)",1,"(0.5920354127883911, 0.5533807277679443)","(52.00557327270508, 140.8863983154297, 44.44141387939453)",1,3.5687103271484375,1,"(35.14836502075195, 13.557849884033203, 603.6201171875)",1
33860126663,18846996907,"(0.5880383253097534, 0.5357078313827515)","(49.793949127197266, 146.05506896972656, 46.32267761230469)",1,3.841766357421875,1,"(-32.90601348876953, 11.215110778808594, 603.1844482421875)",1,"(0.5913232564926147, 0.5538620352745056)","(51.61149597167969, 140.74566650390625, 44.390193939208984)",1,3.561676025390625,1,"(35.11434555053711, 13.598937034606934, 603.13134765625)",1
33860143322,18847013566,"(0.5886572003364563, 0.538672149181366)","(50.136451721191406, 145.18807983398438, 46.00711441040039)",1,3.8599700927734375,1,"(-32.90750503540039, 11.234540939331055, 602.78662109375)",1,"(0.5894500017166138, 0.5553260445594788)","(50.5750846862793, 140.31747436523438, 44.234336853027344)",1,3.56610107421875,1,"(35.0826530456543, 13.609671592712402, 602.726806640625)",1
33860159971,18847030215,"(0.5872101187705994, 0.5386722087860107)","(49.33572769165039, 145.18809509277344, 46.007080078125)",1,3.8644256591796875,1,"(-32.90665054321289, 11.248833656311035, 602.1609497070312)",1,"(0.5901514887809753, 0.5548666715621948)","(50.96318817138672, 140.4518280029297, 44.283241271972656)",1,3.5662994384765625,1,"(35.02227783203125, 13.632078170776367, 602.05712890625)",1
33860176579,18847046823,"(0.5847943425178528, 0.5399662852287292)","(47.999061584472656, 144.8096466064453, 45.869361877441406)",1,3.8670654296875,1,"(-32.89303207397461, 11.249592781066895, 601.4862670898438)",1,"(0.5920383930206299, 0.551524817943573)","(52.007225036621094, 141.42918395996094, 44.639007568359375)",1,3.558837890625,1,"(34.978424072265625, 13.632224082946777, 601.4349365234375)",1
33860193191,18847063435,"(0.5855628252029419, 0.5328235030174255)","(48.42424011230469, 146.89862060546875, 46.62968444824219)",1,3.8771820068359375,1,"(-32.91272735595703, 11.187175750732422, 601.3308715820312)",1,"(0.5934145450592041, 0.5495983362197876)","(52.76866149902344, 141.99261474609375, 44.844085693359375)",1,3.581939697265625,1,"(34.91444396972656, 13.581209182739258, 601.2594604492188)",1
33860209886,18847080130,"(0.5526373982429504, 0.6075415015220642)","(30.206642150878906, 125.04646301269531, 38.676124572753906)",1,3.9042816162109375,1,"(-33.038429260253906, 10.925926208496094, 600.6354370117188)",1,"(0.5476487874984741, 0.6189941167831421)","(27.446441650390625, 121.69702911376953, 37.457035064697266)",1,3.6053314208984375,1,"(34.46121597290039, 13.295309066772461, 600.4835205078125)",1
33860226503,18847096747,"(0.49059638381004333, 0.7232536673545837)","(-4.120655059814453, 91.20503234863281, 26.35891342163086)",1,3.9041748046875,1,"(-33.14543533325195, 10.808701515197754, 599.3977661132812)",1,"(0.49131956696510315, 0.7254722714424133)","(-3.7205216884613037, 90.55620574951172, 26.12272834777832)",1,3.6202239990234375,1,"(34.303245544433594, 13.213210105895996, 599.3785400390625)",1
33860243157,18847113401,"(0.49544504284858704, 0.7123304605484009)","(-1.4379032850265503, 94.3996810913086, 27.52165985107422)",1,3.89874267578125,1,"(-33.17967987060547, 10.812494277954102, 599.7349853515625)",1,"(0.4938580393791199, 0.7191537618637085)","(-2.3159754276275635, 92.40411376953125, 26.795299530029297)",1,3.6247711181640625,1,"(34.374717712402344, 13.21111011505127, 599.7442626953125)",1
33860259802,18847130046,"(0.5034312009811401, 0.6939444541931152)","(2.980844259262085, 99.77690887451172, 29.47876739501953)",1,3.912689208984375,1,"(-33.186134338378906, 10.801684379577637, 599.5958862304688)",1,"(0.5072540640830994, 0.6949968934059143)","(5.096024990081787, 99.46907806396484, 29.36676788330078)",1,3.6338043212890625,1,"(34.37979507446289, 13.1956205368042, 599.5673217773438)",1
33860276419,18847146663,"(0.5026808381080627, 0.6935738921165466)","(2.5656254291534424, 99.88529968261719, 29.51818084716797)",1,3.9114227294921875,1,"(-33.20248794555664, 10.794146537780762, 599.4697875976562)",1,"(0.5082204341888428, 0.6884840130805969)","(5.63068962097168, 101.37387084960938, 30.06000518798828)",1,3.6272125244140625,1,"(34.38914489746094, 13.183771133422852, 599.451416015625)",1
33860293123,18847163367,"(0.5057228803634644, 0.6985213160514832)","(4.248805522918701, 98.4383544921875, 28.991546630859375)",1,3.911834716796875,1,"(-33.22651672363281, 10.802650451660156, 599.5807495117188)",1,"(0.510070264339447, 0.6874793767929077)","(6.654240608215332, 101.66767120361328, 30.166946411132812)",1,3.6322174072265625,1,"(34.39712142944336, 13.183313369750977, 599.5689086914062)",1
33860309717,18847179961,"(0.5037272572517395, 0.6988673210144043)","(3.144684314727783, 98.33710479736328, 28.954748153686523)",1,3.9061279296875,1,"(-33.26909255981445, 10.81268310546875, 599.900634765625)",1,"(0.5098680853843689, 0.6839893460273743)","(6.542387008666992, 102.68839263916016, 30.538454055786133)",1,3.630523681640625,1,"(34.4113883972168, 13.185569763183594, 599.9035034179688)",1
33860326339,18847196583,"(0.5035046339035034, 0.6997948884963989)","(3.0214383602142334, 98.06584930419922, 28.856014251708984)",1,3.905914306640625,1,"(-33.31175994873047, 10.810507774353027, 600.2189331054688)",1,"(0.5108036398887634, 0.682091474533081)","(7.060002326965332, 103.2434310913086, 30.74050521850586)",1,3.628143310546875,1,"(34.42467498779297, 13.184039115905762, 600.189208984375)",1
33860342992,18847213236,"(0.5049999952316284, 0.6995521187782288)","(3.8488516807556152, 98.13688659667969, 28.88185691833496)",1,3.9113311767578125,1,"(-33.32980728149414, 10.799368858337402, 600.3843994140625)",1,"(0.5111795663833618, 0.68666011095047)","(7.268028259277344, 101.90727233886719, 30.25414276123047)",1,3.6322479248046875,1,"(34.433616638183594, 13.181170463562012, 600.3803100585938)",1
33860359729,18847229973,"(0.5042749047279358, 0.6997458934783936)","(3.4477031230926514, 98.08016967773438, 28.861242294311523)",1,3.904510498046875,1,"(-33.3493766784668, 10.786124229431152, 600.708984375)",1,"(0.5131457448005676, 0.6908364295959473)","(8.355877876281738, 100.68586730957031, 29.809627532958984)",1,3.647369384765625,1,"(34.455604553222656, 13.171635627746582, 600.7145385742188)",1
33860376254,18847246498,"(0.5034604072570801, 0.6950858235359192)","(2.9970061779022217, 99.44304656982422, 29.357311248779297)",1,3.9027252197265625,1,"(-33.36922073364258, 10.771611213684082, 601.0497436523438)",1,"(0.5146605372428894, 0.6892887353897095)","(9.194036483764648, 101.13851928710938, 29.974355697631836)",1,3.6440582275390625,1,"(34.48631286621094, 13.16497802734375, 601.0106201171875)",1
33860392862,18847263106,"(0.5033444166183472, 0.6958433389663696)","(2.932821273803711, 99.22152709960938, 29.27667999267578)",1,3.9057464599609375,1,"(-33.37984848022461, 10.771597862243652, 601.2750244140625)",1,"(0.5132881999015808, 0.688776969909668)","(8.43471908569336, 101.28816223144531, 30.028825759887695)",1,3.6396484375,1,"(34.51334762573242, 13.163756370544434, 601.2767333984375)",1
33860409644,18847279888,"(0.5016458630561829, 0.6946923732757568)","(1.9930306673049927, 99.55811309814453, 29.399187088012695)",1,3.8981475830078125,1,"(-33.38963317871094, 10.776853561401367, 601.6365356445312)",1,"(0.5136061906814575, 0.6902884840965271)","(8.610695838928223, 100.84610748291016, 29.867942810058594)",1,3.640045166015625,1,"(34.54985046386719, 13.159612655639648, 601.64306640625)",1
33860426174,18847296419,"(0.5066202282905579, 0.6937327980995178)","(4.745368957519531, 99.83878326416016, 29.501317977905273)",1,3.8974456787109375,1,"(-33.41910934448242, 10.788825988769531, 601.9403076171875)",1,"(0.5112744569778442, 0.6912994980812073)","(7.320500373840332, 100.5504379272461, 29.760316848754883)",1,3.6495513916015625,1,"(34.56499099731445, 13.15778923034668, 601.9114379882812)",1
33860442828,18847313073,"(0.5013073086738586, 0.6990052461624146)","(1.8056910037994385, 98.29680633544922, 28.940080642700195)",1,3.9001007080078125,1,"(-33.497249603271484, 10.78048324584961, 602.2150268554688)",1,"(0.5044869184494019, 0.6861612200737)","(3.5649526119232178, 102.05318450927734, 30.307281494140625)",1,3.64208984375,1,"(34.493263244628906, 13.133206367492676, 602.201904296875)",1
33860459560,18847329805,"(0.4641311764717102, 0.7100899815559387)","(-18.763893127441406, 95.05494689941406, 27.760141372680664)",1,3.89910888671875,1,"(-33.628536224365234, 10.769222259521484, 602.5203247070312)",1,"(0.4646230936050415, 0.701137900352478)","(-18.49169158935547, 97.67306518554688, 28.713090896606445)",1,3.6486968994140625,1,"(34.37074279785156, 13.118571281433105, 602.51513671875)",1
33860476094,18847346339,"(0.46196144819259644, 0.7049572467803955)","(-19.964399337768555, 96.55606079101562, 28.30652618408203)",1,3.900482177734375,1,"(-33.618614196777344, 10.776580810546875, 602.31640625)",1,"(0.46214762330055237, 0.7040024995803833)","(-19.861385345458984, 96.83527374267578, 28.408187866210938)",1,3.645538330078125,1,"(34.380916595458984, 13.116841316223145, 602.3464965820312)",1
33860492794,18847363039,"(0.4666592478752136, 0.705693244934082)","(-17.365110397338867, 96.34082794189453, 28.228174209594727)",1,3.8966064453125,1,"(-33.62564468383789, 10.782773971557617, 602.377197265625)",1,"(0.4662759602069855, 0.7007260918617249)","(-17.577167510986328, 97.79346466064453, 28.756929397583008)",1,3.6363525390625,1,"(34.388031005859375, 13.118094444274902, 602.3826904296875)",1
33860509475,18847379720,"(0.4678422212600708, 0.705551028251648)","(-16.710529327392578, 96.38240814208984, 28.243263244628906)",1,3.8966064453125,1,"(-33.628997802734375, 10.787903785705566, 602.3389282226562)",1,"(0.4673803746700287, 0.6989006996154785)","(-16.966075897216797, 98.32735443115234, 28.95119857788086)",1,3.6333770751953125,1,"(34.391624450683594, 13.12787914276123, 602.340576171875)",1
33860526014,18847396259,"(0.4680071473121643, 0.7069740295410156)","(-16.619312286376953, 95.96624755859375, 28.091758728027344)",1,3.8962554931640625,1,"(-33.63409423828125, 10.792080879211426, 602.2163696289062)",1,"(0.4697364568710327, 0.6983609795570374)","(-15.662456512451172, 98.48519134521484, 29.008665084838867)",1,3.6339569091796875,1,"(34.37855911254883, 13.131855010986328, 602.2266235351562)",1
33860542663,18847412908,"(0.4692384600639343, 0.7091225385665894)","(-15.938028335571289, 95.337890625, 27.863067626953125)",1,3.89825439453125,1,"(-33.64227294921875, 10.785991668701172, 602.0867919921875)",1,"(0.47121956944465637, 0.7035342454910278)","(-14.841850280761719, 96.97223663330078, 28.45795440673828)",1,3.636077880859375,1,"(34.3586540222168, 13.13987922668457, 602.097412109375)",1
33860559391,18847429636,"(0.46873828768730164, 0.7117611765861511)","(-16.214763641357422, 94.56620025634766, 27.582233428955078)",1,3.90185546875,1,"(-33.65849685668945, 10.773238182067871, 601.7971801757812)",1,"(0.46949100494384766, 0.7020475268363953)","(-15.7982759475708, 97.40704345703125, 28.616252899169922)",1,3.633331298828125,1,"(34.31496810913086, 13.154589653015137, 601.7866821289062)",1
33860575934,18847446179,"(0.46799513697624207, 0.7106687426567078)","(-16.62593650817871, 94.88565826416016, 27.698530197143555)",1,3.9113311767578125,1,"(-33.67828369140625, 10.799064636230469, 601.3578491210938)",1,"(0.4716002643108368, 0.7026187181472778)","(-14.631217002868652, 97.24000549316406, 28.55544090270996)",1,3.6448822021484375,1,"(34.283424377441406, 13.202813148498535, 601.3848876953125)",1
33860592629,18847462874,"(0.45956695079803467, 0.7204727530479431)","(-21.289255142211914, 92.01839447021484, 26.654909133911133)",1,3.8951416015625,1,"(-33.767189025878906, 10.975444793701172, 601.3507080078125)",1,"(0.47364673018455505, 0.704971432685852)","(-13.498913764953613, 96.55193328857422, 28.304977416992188)",1,3.6783294677734375,1,"(34.2081184387207, 13.376628875732422, 601.349365234375)",1
33860609306,18847479551,"(nan, nan)","(nan, nan, nan)",0,nan,0,"(nan, nan, nan)",0,"(nan, nan)","(nan, nan, nan)",0,nan,0,"(nan, nan, nan)",0
33860625978,18847496223,"(nan, nan)","(nan, nan, nan)",0,nan,0,"(nan, nan, nan)",0,"(nan, nan)","(nan, nan, nan)",0,nan,0,"(nan, nan, nan)",0
33860642499,18847512744,"(nan, nan)","(nan, nan, nan)",0,nan,0,"(nan, nan, nan)",0,"(nan, nan)","(nan, nan, nan)",0,nan,0,"(nan, nan, nan)",0
33860659313,18847529558,"(nan, nan)","(nan, nan, nan)",0,nan,0,"(nan, nan, nan)",0,"(nan, nan)","(nan, nan, nan)",0,nan,0,"(nan, nan, nan)",0
33860675774,18847546019,"(0.30049917101860046, 0.2955668270587921)","(-109.30149841308594, 216.2871551513672, 71.88494873046875)",1,3.338134765625,1,"(-34.282875061035156, 12.421030044555664, 600.4067993164062)",1,"(0.37208715081214905, 0.4148312211036682)","(-69.69184875488281, 181.4068145751953, 59.18968200683594)",1,3.4676666259765625,1,"(33.33625030517578, 14.873557090759277, 600.5051879882812)",1
33860692465,18847562710,"(nan, nan)","(nan, nan, nan)",0,nan,0,"(nan, nan, nan)",0,"(0.38580238819122314, 0.2753845751285553)","(-62.10323715209961, 222.18968200683594, 74.03340148925781)",1,3.5322418212890625,1,"(33.32518005371094, 14.886022567749023, 600.2166748046875)",1
33860709178,18847579423,"(0.3666650056838989, 0.13420209288597107)","(-72.69192504882812, 263.4801330566406, 89.06190490722656)",1,4.0220489501953125,1,"(-34.228675842285156, 12.378973007202148, 599.7003173828125)",1,"(0.37725114822387695, 0.14254418015480042)","(-66.83460235595703, 261.0404052734375, 88.17384338378906)",1,3.836700439453125,1,"(33.29991912841797, 14.865266799926758, 599.7259521484375)",1
33860725703,18847595948,"(0.36902692914009094, 0.14355742931365967)","(-71.38507080078125, 260.7440490722656, 88.06604766845703)",1,4.0519561767578125,1,"(-34.175376892089844, 12.325225830078125, 598.872314453125)",1,"(0.37430572509765625, 0.17372669279575348)","(-68.46430206298828, 251.9207000732422, 84.85458374023438)",1,3.809814453125,1,"(33.24333190917969, 14.811851501464844, 599.0011596679688)",1
33860742431,18847612675,"(0.37500038743019104, 0.14576496183872223)","(-68.07994079589844, 260.0984191894531, 87.83106231689453)",1,4.0525360107421875,1,"(-34.17457580566406, 12.278534889221191, 598.587158203125)",1,"(0.3705860674381256, 0.17114900052547455)","(-70.52240753173828, 252.67459106445312, 85.12899780273438)",1,3.8176727294921875,1,"(33.226993560791016, 14.769707679748535, 598.6997680664062)",1
33860758997,18847629241,"(0.37635624408721924, 0.15068010985851288)","(-67.32977294921875, 258.66094970703125, 87.307861328125)",1,4.0600738525390625,1,"(-34.1729621887207, 12.230786323547363, 598.1923217773438)",1,"(0.3693445920944214, 0.16929443180561066)","(-71.20932006835938, 253.21697998046875, 85.326416015625)",1,3.8316650390625,1,"(33.21028137207031, 14.701064109802246, 598.2547607421875)",1
33860775623,18847645867,"(0.3751317262649536, 0.1614159196615219)","(-68.0073013305664, 255.52114868164062, 86.16504669189453)",1,4.07391357421875,1,"(-34.134281158447266, 12.190725326538086, 597.3889770507812)",1,"(0.3692557215690613, 0.17365866899490356)","(-71.25847625732422, 251.9405975341797, 84.86185455322266)",1,3.8438568115234375,1,"(33.17934036254883, 14.658061027526855, 597.5233764648438)",1
33860792300,18847662544,"(0.375855028629303, 0.16803771257400513)","(-67.60709381103516, 253.5845184326172, 85.46017456054688)",1,4.0782928466796875,1,"(-34.11813735961914, 12.17259407043457, 597.04638671875)",1,"(0.3702310621738434, 0.18162751197814941)","(-70.7188491821289, 249.6100311279297, 84.0135726928711)",1,3.854827880859375,1,"(33.16160202026367, 14.63416576385498, 597.153564453125)",1
33860808912,18847679156,"(0.37713322043418884, 0.1714283525943756)","(-66.89987182617188, 252.59288024902344, 85.09927368164062)",1,4.091552734375,1,"(-34.10477828979492, 12.1392822265625, 596.6670532226562)",1,"(0.37146642804145813, 0.1801372915506363)","(-70.0353012084961, 250.04583740234375, 84.17221069335938)",1,3.8671722412109375,1,"(33.13991928100586, 14.597138404846191, 596.7532348632812)",1
33860825543,18847695787,"(0.3776751458644867, 0.16984444856643677)","(-66.60001373291016, 253.0561065673828, 85.26786804199219)",1,4.107025146484375,1,"(-34.09552001953125, 12.103802680969238, 596.31884765625)",1,"(0.3727245032787323, 0.1778065711259842)","(-69.33919525146484, 250.7274932861328, 84.42030334472656)",1,3.8839263916015625,1,"(33.11928939819336, 14.562315940856934, 596.440185546875)",1
33860842169,18847712413,"(0.3796828091144562, 0.16667810082435608)","(-65.48917388916016, 253.98216247558594, 85.60490417480469)",1,4.119110107421875,1,"(-34.104305267333984, 12.088376998901367, 596.22509765625)",1,"(0.37235793471336365, 0.17821328341960907)","(-69.54203033447266, 250.6085662841797, 84.37701416015625)",1,3.8885345458984375,1,"(33.111507415771484, 14.553913116455078, 596.33837890625)",1
33860858828,18847729072,"(0.37966933846473694, 0.1643771529197693)","(-65.49662017822266, 254.65509033203125, 85.84980010986328)",1,4.1352386474609375,1,"(-34.126224517822266, 12.072443962097168, 596.1625366210938)",1,"(0.37182047963142395, 0.18066920340061188)","(-69.83939361572266, 249.89031982421875, 84.11557006835938)",1,3.8978729248046875,1,"(33.08481216430664, 14.54955768585205, 596.2779541015625)",1
33860875463,18847745707,"(0.3790672719478607, 0.1678265929222107)","(-65.82976531982422, 253.64627075195312, 85.482666015625)",1,4.150177001953125,1,"(-34.160736083984375, 12.07442569732666, 596.2050170898438)",1,"(0.37273314595222473, 0.17906154692173004)","(-69.33445739746094, 250.3605194091797, 84.28666687011719)",1,3.9125823974609375,1,"(33.05891036987305, 14.543950080871582, 596.3213500976562)",1
33860892039,18847762283,"(0.3781639337539673, 0.16966168582439423)","(-66.32957458496094, 253.10955810546875, 85.28730773925781)",1,4.1591339111328125,1,"(-34.16931915283203, 12.076332092285156, 596.2080078125)",1,"(0.37254273891448975, 0.1820649355649948)","(-69.43975830078125, 249.4821014404297, 83.96696472167969)",1,3.924835205078125,1,"(33.037166595458984, 14.549180030822754, 596.3292236328125)",1
33860908743,18847778987,"(0.3782941699028015, 0.16232167184352875)","(-66.25752258300781, 255.2562255859375, 86.06865692138672)",1,4.1708221435546875,1,"(-34.166656494140625, 12.139632225036621, 596.1920166015625)",1,"(0.3800145089626312, 0.17163962125778198)","(-65.30562591552734, 252.53111267089844, 85.07676696777344)",1,3.9304962158203125,1,"(32.96250915527344, 14.61098575592041, 596.3159790039062)",1
33860925383,18847795627,"(0.3765467703342438, 0.1253638118505478)","(-67.22438049316406, 266.0650329589844, 90.002685546875)",1,4.1982879638671875,1,"(-34.16281509399414, 12.18794059753418, 596.3079833984375)",1,"(0.3794758915901184, 0.1427725851535797)","(-65.6036605834961, 260.9736328125, 88.14955139160156)",1,3.947998046875,1,"(32.92685317993164, 14.671612739562988, 596.4296264648438)",1
33860942005,18847812249,"(0.37907883524894714, 0.1183604821562767)","(-65.82334899902344, 268.11322021484375, 90.7481689453125)",1,4.2204132080078125,1,"(-34.20171356201172, 12.193235397338867, 596.612548828125)",1,"(0.37718304991722107, 0.12996062636375427)","(-66.87228393554688, 264.7206115722656, 89.51334381103516)",1,3.9682769775390625,1,"(32.936317443847656, 14.687918663024902, 596.7418823242188)",1
33860958659,18847828903,"(0.37808993458747864, 0.12198571115732193)","(-66.37052154541016, 267.052978515625, 90.3622817993164)",1,4.2328338623046875,1,"(-34.255584716796875, 12.202289581298828, 597.20361328125)",1,"(0.37700265645980835, 0.13125447928905487)","(-66.97212219238281, 264.3421936035156, 89.37567901611328)",1,3.9768524169921875,1,"(32.962440490722656, 14.714140892028809, 597.3622436523438)",1
33860975303,18847845547,"(0.3782115876674652, 0.12520550191402435)","(-66.30323028564453, 266.111328125, 90.01952362060547)",1,4.2437744140625,1,"(-34.30229568481445, 12.215129852294922, 597.702880859375)",1,"(0.3784959316253662, 0.13332685828208923)","(-66.1458511352539, 263.7361145019531, 89.15506744384766)",1,3.989776611328125,1,"(32.97330093383789, 14.735231399536133, 597.8197631835938)",1
33860991971,18847862215,"(0.37783676385879517, 0.12238678336143494)","(-66.51058197021484, 266.9356689453125, 90.31954193115234)",1,4.2484893798828125,1,"(-34.33086395263672, 12.220368385314941, 597.953369140625)",1,"(0.3770142197608948, 0.13347741961479187)","(-66.9656982421875, 263.69207763671875, 89.1390151977539)",1,3.9943389892578125,1,"(32.98140335083008, 14.743639945983887, 598.0914916992188)",1
33861008574,18847878818,"(0.3775440752506256, 0.12139442563056946)","(-66.67254638671875, 267.2259216308594, 90.42521667480469)",1,4.2629547119140625,1,"(-34.368648529052734, 12.225452423095703, 598.2876586914062)",1,"(0.3775094449520111, 0.13509520888328552)","(-66.69168090820312, 263.21893310546875, 88.96680450439453)",1,4.0083160400390625,1,"(32.98792266845703, 14.752431869506836, 598.443603515625)",1
33861025223,18847895468,"(0.3792477548122406, 0.12641361355781555)","(-65.7298812866211, 265.75799560546875, 89.89092254638672)",1,4.265777587890625,1,"(-34.40596008300781, 12.23746395111084, 598.4955444335938)",1,"(0.376692533493042, 0.13450086116790771)","(-67.1436996459961, 263.39276123046875, 89.03005981445312)",1,4.019256591796875,1,"(32.98270797729492, 14.748806953430176, 598.6356201171875)",1
33861041840,18847912085,"(0.3792637586593628, 0.1279250979423523)","(-65.72105407714844, 265.31597900390625, 89.73003387451172)",1,4.273956298828125,1,"(-34.4123420715332, 12.237865447998047, 598.5988159179688)",1,"(0.37842658162117004, 0.1315797120332718)","(-66.18424224853516, 264.24713134765625, 89.34098815917969)",1,4.0179290771484375,1,"(32.9831657409668, 14.749856948852539, 598.7509765625)",1
33861058489,18847928734,"(0.3795473277568817, 0.12750732898712158)","(-65.56414031982422, 265.4381408691406, 89.7745132446289)",1,4.2806549072265625,1,"(-34.42747116088867, 12.244460105895996, 598.8416137695312)",1,"(0.37670275568962097, 0.1334795206785202)","(-67.13802337646484, 263.69146728515625, 89.1387939453125)",1,4.01531982421875,1,"(33.003238677978516, 14.753728866577148, 599.0115966796875)",1
33861075143,18847945388,"(0.3793957233428955, 0.1309123933315277)","(-65.64802551269531, 264.4422607421875, 89.41204833984375)",1,4.28955078125,1,"(-34.43302917480469, 12.250842094421387, 599.1574096679688)",1,"(0.3763713836669922, 0.1341165453195572)","(-67.32139587402344, 263.5051574707031, 89.0710220336914)",1,4.024322509765625,1,"(33.027801513671875, 14.752811431884766, 599.2970581054688)",1
33861091806,18847962051,"(0.3796273171901703, 0.12964321672916412)","(-65.51988220214844, 264.8134765625, 89.5471420288086)",1,4.294708251953125,1,"(-34.43471145629883, 12.250904083251953, 599.3164672851562)",1,"(0.3757901191711426, 0.13375872373580933)","(-67.64299011230469, 263.6098327636719, 89.10910034179688)",1,4.023406982421875,1,"(33.043235778808594, 14.75220012664795, 599.4671020507812)",1
33861108405,18847978650,"(0.38057270646095276, 0.12695226073265076)","(-64.9968032836914, 265.6004638671875, 89.83358764648438)",1,4.301025390625,1,"(-34.43280029296875, 12.247045516967773, 599.5106811523438)",1,"(0.37678763270378113, 0.13584692776203156)","(-67.09109497070312, 262.9991149902344, 88.88677215576172)",1,4.0077362060546875,1,"(33.06782150268555, 14.753506660461426, 599.6655883789062)",1
33861125063,18847995308,"(0.37946584820747375, 0.1250682771205902)","(-65.60923767089844, 266.1514587402344, 90.03414916992188)",1,4.2951812744140625,1,"(-34.43267059326172, 12.242053031921387, 599.667236328125)",1,"(0.37752923369407654, 0.13586121797561646)","(-66.68075561523438, 262.9949035644531, 88.88528442382812)",1,4.000030517578125,1,"(33.08041000366211, 14.75159740447998, 599.8057861328125)",1
33861141676,18848011921,"(0.3802753686904907, 0.12207317352294922)","(-65.16132354736328, 267.02740478515625, 90.35298156738281)",1,4.29644775390625,1,"(-34.439971923828125, 12.231684684753418, 599.7720947265625)",1,"(0.3782135844230652, 0.13540826737880707)","(-66.30207061767578, 263.12738037109375, 88.93350982666016)",1,3.994354248046875,1,"(33.08549499511719, 14.750900268554688, 599.9161376953125)",1
33861158320,18848028565,"(0.3790847957134247, 0.12379990518093109)","(-65.82005310058594, 266.5223693847656, 90.16918182373047)",1,4.29095458984375,1,"(-34.46465301513672, 12.225005149841309, 599.9688720703125)",1,"(0.37786853313446045, 0.13775837421417236)","(-66.49300384521484, 262.4400634765625, 88.68329620361328)",1,3.971832275390625,1,"(33.07963943481445, 14.747800827026367, 600.1237182617188)",1
33861174983,18848045228,"(0.3809467554092407, 0.1256721168756485)","(-64.78983306884766, 265.974853515625, 89.96987915039062)",1,4.2783660888671875,1,"(-34.51250076293945, 12.227065086364746, 600.1631469726562)",1,"(0.37724655866622925, 0.13539904356002808)","(-66.837158203125, 263.13006591796875, 88.93445587158203)",1,3.954833984375,1,"(33.0673713684082, 14.742198944091797, 600.3036499023438)",1
33861191642,18848061887,"(0.38048499822616577, 0.12679414451122284)","(-65.0453109741211, 265.64666748046875, 89.85045623779297)",1,4.2887725830078125,1,"(-34.52371597290039, 12.228641510009766, 600.1841430664062)",1,"(0.37701138854026794, 0.13701413571834564)","(-66.96726989746094, 262.65771484375, 88.76254272460938)",1,3.94891357421875,1,"(33.05832290649414, 14.741683006286621, 600.3323364257812)",1
33861208236,18848078481,"(0.3813537359237671, 0.12566015124320984)","(-64.56462097167969, 265.97833251953125, 89.9711685180664)",1,4.276763916015625,1,"(-34.549835205078125, 12.237176895141602, 600.279052734375)",1,"(0.3771553337574005, 0.1349039375782013)","(-66.88764190673828, 263.27490234375, 88.98719024658203)",1,3.9332275390625,1,"(33.04669189453125, 14.74039363861084, 600.4486083984375)",1
33861224903,18848095148,"(0.3800825774669647, 0.12588107585906982)","(-65.26799774169922, 265.9137268066406, 89.94766235351562)",1,4.2675323486328125,1,"(-34.568485260009766, 12.252571105957031, 600.590576171875)",1,"(0.377790629863739, 0.13394436240196228)","(-66.53612518310547, 263.5555114746094, 89.08930206298828)",1,3.92279052734375,1,"(33.05793762207031, 14.75287914276123, 600.7332763671875)",1
33861241608,18848111853,"(0.38136550784111023, 0.12654747068881989)","(-64.55814361572266, 265.71881103515625, 89.8767318725586)",1,4.270416259765625,1,"(-34.57577896118164, 12.260664939880371, 600.7691040039062)",1,"(0.3792199194431305, 0.13259337842464447)","(-65.74530029296875, 263.95062255859375, 89.23313903808594)",1,3.923248291015625,1,"(33.072208404541016, 14.75890827178955, 600.927490234375)",1
33861258151,18848128396,"(0.38221949338912964, 0.12212260067462921)","(-64.08563232421875, 267.012939453125, 90.34770202636719)",1,4.263824462890625,1,"(-34.55402755737305, 12.245829582214355, 601.0066528320312)",1,"(0.3810010254383087, 0.1353807896375656)","(-64.75980377197266, 263.1354064941406, 88.93641662597656)",1,3.9255828857421875,1,"(33.12007522583008, 14.748679161071777, 601.1707763671875)",1
33861274823,18848145068,"(0.45408564805984497, 0.18644294142723083)","(-24.322071075439453, 248.20169067382812, 83.5009765625)",1,4.292877197265625,1,"(-33.94743347167969, 11.965201377868652, 601.9598999023438)",1,"(0.4499061107635498, 0.20862068235874176)","(-26.63460922241211, 241.71556091308594, 81.14022064208984)",1,3.93499755859375,1,"(33.59805679321289, 14.489190101623535, 602.0498046875)",1
33861291477,18848161722,"(0.5267195701599121, 0.27351394295692444)","(15.866275787353516, 222.73675537109375, 74.23249053955078)",1,4.3058624267578125,1,"(-33.646915435791016, 11.813777923583984, 602.76611328125)",1,"(0.5202093124389648, 0.29752275347709656)","(12.264142990112305, 215.715087890625, 71.67684936523438)",1,3.92767333984375,1,"(33.98193359375, 14.297762870788574, 602.759765625)",1
33861308163,18848178408,"(0.585562527179718, 0.37514135241508484)","(48.42411422729492, 193.0146484375, 63.4145393371582)",1,4.262451171875,1,"(-33.44144058227539, 11.711268424987793, 602.313232421875)",1,"(0.5924564599990845, 0.4078921377658844)","(52.2385139465332, 183.43624877929688, 59.9283332824707)",1,3.9115447998046875,1,"(34.21391296386719, 14.136641502380371, 602.291259765625)",1
33861324743,18848194988,"(0.5825587511062622, 0.3646242022514343)","(46.76213455200195, 196.0904998779297, 64.53401947021484)",1,4.227783203125,1,"(-33.56294631958008, 11.729826927185059, 602.7827758789062)",1,"(0.5837630033493042, 0.3945687413215637)","(47.42841339111328, 187.33282470703125, 61.346519470214844)",1,3.8876953125,1,"(34.236328125, 14.182439804077148, 602.74658203125)",1
33861341346,18848211591,"(0.5777970552444458, 0.35762274265289307)","(44.12751770019531, 198.1381378173828, 65.27930450439453)",1,4.227294921875,1,"(-33.60919952392578, 11.745539665222168, 602.7844848632812)",1,"(0.5796033143997192, 0.38256627321243286)","(45.126888275146484, 190.84312438964844, 62.62416076660156)",1,3.887176513671875,1,"(34.22799301147461, 14.209464073181152, 602.8054809570312)",1
33861358078,18848228323,"(0.5732719302177429, 0.35239294171333313)","(41.62375259399414, 199.6676483154297, 65.83602142333984)",1,4.2239532470703125,1,"(-33.674598693847656, 11.769035339355469, 602.6906127929688)",1,"(0.5753557682037354, 0.37445393204689026)","(42.77668380737305, 193.2156524658203, 63.48774337768555)",1,3.86700439453125,1,"(34.189170837402344, 14.260791778564453, 602.7040405273438)",1
33861374663,18848244908,"(0.5663273334503174, 0.3510919213294983)","(37.78129577636719, 200.04815673828125, 65.97457885742188)",1,4.21649169921875,1,"(-33.727264404296875, 11.805073738098145, 602.3656005859375)",1,"(0.5712068676948547, 0.37034815549850464)","(40.481109619140625, 194.4164581298828, 63.92475128173828)",1,3.8584442138671875,1,"(34.13744354248047, 14.315083503723145, 602.4097290039062)",1
33861391312,18848261557,"(0.5679477453231812, 0.35324493050575256)","(38.67783737182617, 199.41848754882812, 65.74540710449219)",1,4.21160888671875,1,"(-33.766963958740234, 11.836679458618164, 602.1468505859375)",1,"(0.5710379481315613, 0.36825987696647644)","(40.38768005371094, 195.0271759033203, 64.14701080322266)",1,3.8578643798828125,1,"(34.105003356933594, 14.3400297164917, 602.1817626953125)",1
33861407994,18848278239,"(0.5667999982833862, 0.349631667137146)","(38.04279327392578, 200.47525024414062, 66.12998962402344)",1,4.1988983154296875,1,"(-33.81599807739258, 11.860292434692383, 601.8960571289062)",1,"(0.5699924826622009, 0.3699290156364441)","(39.809173583984375, 194.53903198242188, 63.96940994262695)",1,3.855987548828125,1,"(34.06158447265625, 14.37446403503418, 601.9293212890625)",1
33861424583,18848294828,"(0.5652372241020203, 0.3569496273994446)","(37.178123474121094, 198.3350372314453, 65.35096740722656)",1,4.181732177734375,1,"(-33.855796813964844, 11.871623992919922, 601.5266723632812)",1,"(0.5682289600372314, 0.36558184027671814)","(38.833465576171875, 195.8104248046875, 64.43214416503906)",1,3.840118408203125,1,"(34.004398345947266, 14.391597747802734, 601.5923461914062)",1
33861441182,18848311427,"(0.5640304684638977, 0.35773488879203796)","(36.51039123535156, 198.1053924560547, 65.26738739013672)",1,4.1748809814453125,1,"(-33.881526947021484, 11.859990119934082, 601.1851806640625)",1,"(0.5674968957901001, 0.3612425923347473)","(38.42843246459961, 197.0794677734375, 64.89400482177734)",1,3.831512451171875,1,"(33.949493408203125, 14.389408111572266, 601.2361450195312)",1
33861457909,18848328154,"(0.5648767352104187, 0.356588751077652)","(36.97866439819336, 198.44052124023438, 65.38943481445312)",1,4.163482666015625,1,"(-33.92910385131836, 11.814314842224121, 600.8267822265625)",1,"(0.5677480697631836, 0.36455821990966797)","(38.567344665527344, 196.10975646972656, 64.54106903076172)",1,3.829681396484375,1,"(33.86555099487305, 14.374261856079102, 600.8722534179688)",1
33861474503,18848344748,"(0.5617486238479614, 0.3532779812812805)","(35.247867584228516, 199.4088134765625, 65.74185180664062)",1,4.1475067138671875,1,"(-33.98606491088867, 11.748802185058594, 600.569091796875)",1,"(0.5699363350868225, 0.3624144196510315)","(39.778141021728516, 196.7367706298828, 64.76922607421875)",1,3.8075103759765625,1,"(33.78371047973633, 14.335001945495605, 600.6446533203125)",1
33861491148,18848361393,"(0.5647533535957336, 0.35432133078575134)","(36.91039276123047, 199.10366821289062, 65.63076782226562)",1,4.1370849609375,1,"(-34.030250549316406, 11.710859298706055, 600.38134765625)",1,"(0.5678424835205078, 0.36363136768341064)","(38.61959457397461, 196.380859375, 64.63969421386719)",1,3.8014068603515625,1,"(33.73746109008789, 14.301276206970215, 600.4557495117188)",1
33861507825,18848378070,"(0.5647808909416199, 0.3557961881160736)","(36.925628662109375, 198.67233276367188, 65.47371673583984)",1,4.1286468505859375,1,"(-34.074703216552734, 11.652763366699219, 600.1236572265625)",1,"(0.567943811416626, 0.3605795204639435)","(38.6756591796875, 197.27337646484375, 64.96459197998047)",1,3.791595458984375,1,"(33.66716003417969, 14.260737419128418, 600.1953735351562)",1
33861524423,18848394668,"(0.5484228730201721, 0.39105355739593506)","(27.8747501373291, 188.36087036132812, 61.72074890136719)",1,4.1250457763671875,1,"(-34.15410232543945, 11.403743743896484, 599.88818359375)",1,"(0.5512622594833374, 0.3964359760284424)","(29.44574737548828, 186.78675842285156, 61.147796630859375)",1,3.8103790283203125,1,"(33.4330940246582, 14.054327964782715, 599.986328125)",1
33861541017,18848411262,"(0.5273351669311523, 0.45519864559173584)","(16.206880569458008, 169.6009063720703, 54.892677307128906)",1,4.0995635986328125,1,"(-34.18878936767578, 11.288983345031738, 599.2172241210938)",1,"(0.5297456979751587, 0.45900747179985046)","(17.54060173034668, 168.4869842529297, 54.48722457885742)",1,3.806304931640625,1,"(33.28321838378906, 13.938857078552246, 599.33837890625)",1
33861557740,18848427985,"(0.5183712244033813, 0.49515002965927124)","(11.247153282165527, 157.91664123535156, 50.63993453979492)",1,4.0590362548828125,1,"(-34.21433639526367, 11.254704475402832, 598.7401123046875)",1,"(0.5229423642158508, 0.512623131275177)","(13.776366233825684, 152.8064727783203, 48.77996063232422)",1,3.7779693603515625,1,"(33.31208038330078, 13.894221305847168, 598.872314453125)",1
33861574339,18848444584,"(0.5222328305244446, 0.4774594306945801)","(13.383770942687988, 163.09048461914062, 52.523048400878906)",1,4.058349609375,1,"(-34.2042350769043, 11.252830505371094, 599.05078125)",1,"(0.5295570492744446, 0.49490827322006226)","(17.436264038085938, 157.98736572265625, 50.66566467285156)",1,3.75677490234375,1,"(33.38167190551758, 13.886886596679688, 599.1491088867188)",1
33861590983,18848461228,"(0.5226114392280579, 0.47513338923454285)","(13.593242645263672, 163.77078247070312, 52.77063751220703)",1,4.04351806640625,1,"(-34.18888854980469, 11.247151374816895, 599.1296997070312)",1,"(0.5296613574028015, 0.4830832779407501)","(17.493989944458008, 161.44569396972656, 51.924407958984375)",1,3.750762939453125,1,"(33.426815032958984, 13.866814613342285, 599.2374877929688)",1
33861607655,18848477901,"(0.52216637134552, 0.4747457802295685)","(13.346978187561035, 163.88412475585938, 52.81191635131836)",1,4.0246429443359375,1,"(-34.16170120239258, 11.236305236816406, 599.1322021484375)",1,"(0.5307825207710266, 0.48260021209716797)","(18.11431121826172, 161.58700561523438, 51.97582244873047)",1,3.73809814453125,1,"(33.475677490234375, 13.848764419555664, 599.2291870117188)",1
33861624259,18848494505,"(0.5218905210494995, 0.4749646782875061)","(13.19438362121582, 163.82009887695312, 52.788604736328125)",1,4.01690673828125,1,"(-34.14750289916992, 11.22762680053711, 599.1422119140625)",1,"(0.5315229892730713, 0.4816942811012268)","(18.524002075195312, 161.8519744873047, 52.072261810302734)",1,3.7273406982421875,1,"(33.50149154663086, 13.827264785766602, 599.236083984375)",1
33861640853,18848511099,"(0.5210112929344177, 0.4733287990093231)","(12.707923889160156, 164.29852294921875, 52.96271514892578)",1,4.004425048828125,1,"(-34.15528106689453, 11.227348327636719, 599.2100219726562)",1,"(0.5286281108856201, 0.48310744762420654)","(16.922290802001953, 161.4386444091797, 51.92182540893555)",1,3.723175048828125,1,"(33.51237487792969, 13.817102432250977, 599.3020629882812)",1
33861657571,18848527817,"(0.5223665833473206, 0.47125139832496643)","(13.457812309265137, 164.9060821533203, 53.183895111083984)",1,3.988189697265625,1,"(-34.17535400390625, 11.225370407104492, 599.3211669921875)",1,"(0.5290881991386414, 0.48000141978263855)","(17.176837921142578, 162.3470458984375, 52.2524528503418)",1,3.7147674560546875,1,"(33.52191925048828, 13.8087739944458, 599.42138671875)",1
33861674179,18848544425,"(0.5204057693481445, 0.47019097208976746)","(12.372855186462402, 165.2162322998047, 53.2967414855957)",1,3.9759979248046875,1,"(-34.193572998046875, 11.225683212280273, 599.4235229492188)",1,"(0.529559850692749, 0.4791359603404999)","(17.437822341918945, 162.60015869140625, 52.34459686279297)",1,3.6994781494140625,1,"(33.513797760009766, 13.817489624023438, 599.5165405273438)",1
33861690819,18848561065,"(0.5214610695838928, 0.4689851403236389)","(12.956732749938965, 165.5688934326172, 53.425086975097656)",1,3.97216796875,1,"(-34.20241165161133, 11.2275972366333, 599.492431640625)",1,"(0.5299873352050781, 0.47984209656715393)","(17.67435646057129, 162.39364624023438, 52.2694206237793)",1,3.689117431640625,1,"(33.50910949707031, 13.831604957580566, 599.5859985351562)",1
33861707486,18848577732,"(0.5234513282775879, 0.4673546850681305)","(14.057950019836426, 166.04576110839844, 53.598636627197266)",1,3.96917724609375,1,"(-34.260711669921875, 11.177597999572754, 599.6356201171875)",1,"(0.5324158072471619, 0.47898951172828674)","(19.01801109313965, 162.6430206298828, 52.36015319824219)",1,3.6910247802734375,1,"(33.40938186645508, 13.806716918945312, 599.74951171875)",1
33861724099,18848594345,"(0.46910035610198975, 0.5521379709243774)","(-16.014423370361328, 141.24986267089844, 44.5737190246582)",1,3.96533203125,1,"(-34.490020751953125, 10.942071914672852, 600.6007080078125)",1,"(0.4796392023563385, 0.5416589975357056)","(-10.18328857421875, 144.31455993652344, 45.68918991088867)",1,3.69903564453125,1,"(33.09122848510742, 13.625532150268555, 600.6616821289062)",1
33861740785,18848611031,"(0.45250204205513, 0.6253557801246643)","(-25.198280334472656, 119.83646392822266, 36.779876708984375)",1,3.9496307373046875,1,"(-34.56137466430664, 10.891514778137207, 600.699462890625)",1,"(0.4497743844985962, 0.6168375611305237)","(-26.70748519897461, 122.32770538330078, 37.68659973144531)",1,3.6968841552734375,1,"(33.04726028442383, 13.592026710510254, 600.8899536132812)",1
33861757498,18848627744,"(0.45930999517440796, 0.6484442949295044)","(-21.431427001953125, 113.08394622802734, 34.32212448120117)",1,3.9263153076171875,1,"(-34.61040115356445, 10.8949556350708, 600.6311645507812)",1,"(0.45745736360549927, 0.6445091962814331)","(-22.456499099731445, 114.23480987548828, 34.74100875854492)",1,3.649932861328125,1,"(33.08381652832031, 13.602531433105469, 600.79833984375)",1
33861774014,18848644260,"(0.4598701596260071, 0.6267330646514893)","(-21.121477127075195, 119.43363189697266, 36.63318634033203)",1,3.9183502197265625,1,"(-34.66971969604492, 10.910974502563477, 600.9158935546875)",1,"(0.46345168352127075, 0.6247512698173523)","(-19.13982391357422, 120.01325225830078, 36.84421920776367)",1,3.640472412109375,1,"(33.07737350463867, 13.627190589904785, 601.0490112304688)",1
33861790654,18848660900,"(0.4599975645542145, 0.6269007325172424)","(-21.051023483276367, 119.38463592529297, 36.615360260009766)",1,3.907745361328125,1,"(-34.69205093383789, 10.921601295471191, 600.9544677734375)",1,"(0.46560296416282654, 0.6226135492324829)","(-17.949535369873047, 120.63844299316406, 37.071773529052734)",1,3.6469573974609375,1,"(33.077392578125, 13.633285522460938, 601.1034545898438)",1
33861807414,18848677660,"(0.46194154024124146, 0.623531699180603)","(-19.975427627563477, 120.36993408203125, 36.974002838134766)",1,3.904998779296875,1,"(-34.72190475463867, 10.939273834228516, 601.0623779296875)",1,"(0.4663826823234558, 0.6205862164497375)","(-17.51812744140625, 121.23137664794922, 37.2875862121582)",1,3.645233154296875,1,"(33.090816497802734, 13.645853042602539, 601.2223510742188)",1
33861823934,18848694180,"(0.4593079686164856, 0.6219193339347839)","(-21.43254852294922, 120.84147644042969, 37.145660400390625)",1,3.885955810546875,1,"(-34.72724533081055, 10.961616516113281, 601.2950439453125)",1,"(0.46783435344696045, 0.6150720715522766)","(-16.714914321899414, 122.84404754638672, 37.874542236328125)",1,3.6399688720703125,1,"(33.120548248291016, 13.649759292602539, 601.435546875)",1
33861840620,18848710866,"(0.45999497175216675, 0.620347261428833)","(-21.052446365356445, 121.30123901367188, 37.31298828125)",1,3.8859405517578125,1,"(-34.722408294677734, 10.976240158081055, 601.421142578125)",1,"(0.46967512369155884, 0.612242579460144)","(-15.696420669555664, 123.67155456542969, 38.175716400146484)",1,3.6295166015625,1,"(33.14772033691406, 13.65221881866455, 601.5651245117188)",1
33861857329,18848727575,"(0.45861321687698364, 0.6190980076789856)","(-21.81698226928711, 121.6666259765625, 37.44599151611328)",1,3.89117431640625,1,"(-34.683311462402344, 10.996306419372559, 601.5318603515625)",1,"(0.4700406789779663, 0.6118427515029907)","(-15.494126319885254, 123.78852081298828, 38.218284606933594)",1,3.62969970703125,1,"(33.20444869995117, 13.65971565246582, 601.6741333007812)",1
33861873855,18848744101,"(0.4612857401371002, 0.6220980882644653)","(-20.338258743286133, 120.78919982910156, 37.12661361694336)",1,3.8819122314453125,1,"(-34.641319274902344, 11.006637573242188, 601.4832763671875)",1,"(0.46939319372177124, 0.6145755052566528)","(-15.852418899536133, 122.9892807006836, 37.92741012573242)",1,3.6290435791015625,1,"(33.25798034667969, 13.660749435424805, 601.6170654296875)",1
33861890489,18848760735,"(0.46276578307151794, 0.617518424987793)","(-19.51936149597168, 122.12857055664062, 37.614139556884766)",1,3.8722991943359375,1,"(-34.6069450378418, 11.000264167785645, 601.3922729492188)",1,"(0.4692745804786682, 0.6124672889709473)","(-15.918036460876465, 123.60588073730469, 38.15180206298828)",1,3.627593994140625,1,"(33.2882080078125, 13.652765274047852, 601.52294921875)",1
33861907244,18848777490,"(0.4642922282218933, 0.6186509728431702)","(-18.674795150756836, 121.79737091064453, 37.49356460571289)",1,3.87744140625,1,"(-34.57158660888672, 10.98279094696045, 601.2296752929688)",1,"(0.4706079363822937, 0.6134569048881531)","(-15.180275917053223, 123.3164291381836, 38.04647445678711)",1,3.6362152099609375,1,"(33.31385040283203, 13.634760856628418, 601.3466186523438)",1
33861923774,18848794020,"(0.4622989594936371, 0.6190460920333862)","(-19.77763557434082, 121.68179321289062, 37.45151901245117)",1,3.8843231201171875,1,"(-34.55337905883789, 10.961393356323242, 601.1212158203125)",1,"(0.46993374824523926, 0.6127502918243408)","(-15.553339004516602, 123.52307891845703, 38.12167739868164)",1,3.6385498046875,1,"(33.32450485229492, 13.618159294128418, 601.2485961914062)",1
33861940455,18848810701,"(0.46201035380363464, 0.6195444464683533)","(-19.937341690063477, 121.53604888916016, 37.39846420288086)",1,3.8974761962890625,1,"(-34.53895950317383, 10.933422088623047, 601.1812133789062)",1,"(0.4705234467983246, 0.608951985836029)","(-15.227029800415039, 124.63394165039062, 38.5259895324707)",1,3.650421142578125,1,"(33.31910705566406, 13.574299812316895, 601.2979125976562)",1
33861957160,18848827406,"(0.4787827432155609, 0.6487393975257874)","(-10.657161712646484, 112.9976577758789, 34.29072570800781)",1,3.91815185546875,1,"(-34.38774871826172, 10.776432037353516, 601.5386352539062)",1,"(0.4832227826118469, 0.6411949396133423)","(-8.200501441955566, 115.20411682128906, 35.09383010864258)",1,3.6668243408203125,1,"(33.406532287597656, 13.397401809692383, 601.6594848632812)",1
33861973694,18848843940,"(0.5134643912315369, 0.7406020164489746)","(8.532196044921875, 86.13130950927734, 24.512222290039062)",1,3.9080657958984375,1,"(-34.3040771484375, 10.685502052307129, 601.1430053710938)",1,"(0.5134573578834534, 0.7343599200248718)","(8.528294563293457, 87.95692443847656, 25.17667007446289)",1,3.6636962890625,1,"(33.45734405517578, 13.306689262390137, 601.262939453125)",1
33861990325,18848860571,"(0.5140883326530457, 0.7494049668312073)","(8.877431869506836, 83.55680084228516, 23.575204849243164)",1,3.914459228515625,1,"(-34.29975128173828, 10.671709060668945, 600.8239135742188)",1,"(0.5203683376312256, 0.7518859505653381)","(12.352156639099121, 82.83121490478516, 23.31104850769043)",1,3.6607666015625,1,"(33.456443786621094, 13.289166450500488, 600.9254150390625)",1
33862007075,18848877321,"(0.5076552033424377, 0.7322766184806824)","(5.317976951599121, 88.56620788574219, 25.39842987060547)",1,3.919921875,1,"(-34.29208755493164, 10.681511878967285, 600.8355712890625)",1,"(0.5117680430412292, 0.7309612035751343)","(7.593595027923584, 88.9509048461914, 25.538402557373047)",1,3.65863037109375,1,"(33.497066497802734, 13.294228553771973, 600.9348754882812)",1
33862023614,18848893860,"(0.5070961117744446, 0.7270697951316833)","(5.008599758148193, 90.08897399902344, 25.952709197998047)",1,3.9185943603515625,1,"(-34.25478744506836, 10.69621753692627, 600.7823486328125)",1,"(0.5106812119483948, 0.7245767116546631)","(6.992258548736572, 90.81814575195312, 26.21803855895996)",1,3.656280517578125,1,"(33.5366325378418, 13.3069429397583, 600.8797607421875)",1
33862040291,18848910537,"(0.5067320466041565, 0.7280410528182983)","(4.807188034057617, 89.80494689941406, 25.84933090209961)",1,3.9265899658203125,1,"(-34.22571563720703, 10.707723617553711, 600.7041625976562)",1,"(0.5099092721939087, 0.7235017418861389)","(6.565156936645508, 91.13253021240234, 26.332469940185547)",1,3.6615753173828125,1,"(33.56316375732422, 13.314617156982422, 600.7988891601562)",1
33862056991,18848927237,"(0.5053821802139282, 0.7273842096328735)","(4.060317516326904, 89.99702453613281, 25.91921615600586)",1,3.9383697509765625,1,"(-34.179969787597656, 10.72060489654541, 600.4905395507812)",1,"(0.5118541717529297, 0.7213340401649475)","(7.641232490539551, 91.76647186279297, 26.56321144104004)",1,3.667755126953125,1,"(33.59619140625, 13.320854187011719, 600.5629272460938)",1
33862073534,18848943780,"(0.5060855746269226, 0.7233903408050537)","(4.449557781219482, 91.16505432128906, 26.344375610351562)",1,3.9438018798828125,1,"(-34.15272521972656, 10.728462219238281, 600.2141723632812)",1,"(0.5111837983131409, 0.7225814461708069)","(7.270309925079346, 91.40167236328125, 26.43044662475586)",1,3.6773223876953125,1,"(33.61293029785156, 13.317781448364258, 600.3076171875)",1
33862090160,18848960406,"(0.5072081089019775, 0.7211689352989197)","(5.070598125457764, 91.81475830078125, 26.580835342407227)",1,3.9540863037109375,1,"(-34.13869857788086, 10.730509757995605, 600.0132446289062)",1,"(0.5100972652435303, 0.7218354940414429)","(6.669195652008057, 91.61981201171875, 26.509859085083008)",1,3.685028076171875,1,"(33.60755157470703, 13.315987586975098, 600.0966186523438)",1
33862106906,18848977152,"(0.5075798034667969, 0.7210171222686768)","(5.276253700256348, 91.859130859375, 26.59697914123535)",1,3.9732513427734375,1,"(-34.12723159790039, 10.72225284576416, 599.742431640625)",1,"(0.5091952681541443, 0.7195635437965393)","(6.170102119445801, 92.2843017578125, 26.751680374145508)",1,3.6973419189453125,1,"(33.592041015625, 13.308107376098633, 599.8132934570312)",1
33862123454,18848993700,"(0.5055020451545715, 0.7213313579559326)","(4.126649379730225, 91.76726531982422, 26.563528060913086)",1,3.9809112548828125,1,"(-34.113311767578125, 10.714140892028809, 599.5695190429688)",1,"(0.5108370184898376, 0.7198494076728821)","(7.078477382659912, 92.20071411132812, 26.721229553222656)",1,3.6933441162109375,1,"(33.59128952026367, 13.30308723449707, 599.6572265625)",1
33862140126,18849010372,"(0.5060198307037354, 0.7252498865127563)","(4.413113117218018, 90.62126922607422, 26.146390914916992)",1,3.9886322021484375,1,"(-34.09662628173828, 10.719568252563477, 599.5090942382812)",1,"(0.5105936527252197, 0.7225129008293152)","(6.943816184997559, 91.42173767089844, 26.437732696533203)",1,3.6991729736328125,1,"(33.60213851928711, 13.30797004699707, 599.5910034179688)",1
33862156821,18849027067,"(0.50667405128479, 0.7212107181549072)","(4.775094032287598, 91.80257415771484, 26.576366424560547)",1,3.99951171875,1,"(-34.06859588623047, 10.743748664855957, 599.5220947265625)",1,"(0.5090751051902771, 0.720543384552002)","(6.103609561920166, 91.99769592285156, 26.64736557006836)",1,3.7259368896484375,1,"(33.65110397338867, 13.324267387390137, 599.6077270507812)",1
33862173374,18849043620,"(0.5056543946266174, 0.7197715044021606)","(4.210914134979248, 92.22344970703125, 26.72956085205078)",1,4.0169830322265625,1,"(-34.0069465637207, 10.78918743133545, 599.5507202148438)",1,"(0.5114213824272156, 0.7175542712211609)","(7.401803016662598, 92.87191009521484, 26.965560913085938)",1,3.744384765625,1,"(33.70829772949219, 13.346356391906738, 599.6256713867188)",1
33862190092,18849060338,"(0.5050140023231506, 0.7169701457023621)","(3.856562614440918, 93.0427474975586, 27.027748107910156)",1,4.0318603515625,1,"(-33.965240478515625, 10.811885833740234, 599.5631103515625)",1,"(0.508192241191864, 0.7179493308067322)","(5.615132808685303, 92.7563705444336, 26.923507690429688)",1,3.74798583984375,1,"(33.76261520385742, 13.360560417175293, 599.6260375976562)",1
33862206737,18849076984,"(0.5047783851623535, 0.7161681652069092)","(3.726193904876709, 93.27732849121094, 27.11312484741211)",1,4.0517578125,1,"(-33.878761291503906, 10.831779479980469, 599.65283203125)",1,"(0.5065380334854126, 0.7167134881019592)","(4.699864864349365, 93.1177978515625, 27.055028915405273)",1,3.7705841064453125,1,"(33.872215270996094, 13.36506175994873, 599.7119140625)",1
33862223294,18849093541,"(0.570081889629364, 0.7401574850082397)","(39.8586540222168, 86.26133728027344, 24.559511184692383)",1,4.0994110107421875,1,"(-33.31733703613281, 10.78378677368164, 600.3784790039062)",1,"(0.5729247331619263, 0.7381765246391296)","(41.431663513183594, 86.84066772460938, 24.770376205444336)",1,3.8125,1,"(34.37617111206055, 13.266514778137207, 600.3865966796875)",1
33862239962,18849110209,"(0.6494608521461487, 0.7479369044303894)","(83.77906799316406, 83.98614501953125, 23.731401443481445)",1,4.130889892578125,1,"(-33.07118225097656, 10.804880142211914, 601.7866821289062)",1,"(0.6530590653419495, 0.7659050822257996)","(85.76995086669922, 78.73112487792969, 21.818729400634766)",1,3.80963134765625,1,"(34.7907600402832, 13.254213333129883, 601.678955078125)",1
33862256652,18849126899,"(0.7061651945114136, 0.7486406564712524)","(115.15357971191406, 83.78031158447266, 23.65648078918457)",1,4.1618194580078125,1,"(-32.939056396484375, 10.810379028320312, 601.8156127929688)",1,"(0.7076002955436707, 0.7757946252822876)","(115.94767761230469, 75.83883666992188, 20.766016006469727)",1,3.8619537353515625,1,"(34.93254470825195, 13.257144927978516, 601.5716552734375)",1
33862273209,18849143456,"(0.6949154138565063, 0.748719334602356)","(108.9291000366211, 83.75733184814453, 23.648136138916016)",1,4.150909423828125,1,"(-32.925514221191406, 10.762556076049805, 600.7988891601562)",1,"(0.6910715699195862, 0.7658079266548157)","(106.80226135253906, 78.75959014892578, 21.8290958404541)",1,3.869171142578125,1,"(34.86412811279297, 13.21872615814209, 600.6958618164062)",1
33862289831,18849160078,"(0.6915689706802368, 0.7484369874000549)","(107.07743835449219, 83.83988189697266, 23.678159713745117)",1,4.1588897705078125,1,"(-32.95882797241211, 10.75786018371582, 601.0275268554688)",1,"(0.6873927712440491, 0.7670447826385498)","(104.76681518554688, 78.3978271484375, 21.697433471679688)",1,3.86456298828125,1,"(34.87992477416992, 13.20718002319336, 600.9739990234375)",1
33862306568,18849176815,"(0.687706470489502, 0.7488921880722046)","(104.94036102294922, 83.70679473876953, 23.629684448242188)",1,4.16796875,1,"(-32.989742279052734, 10.734650611877441, 601.0953979492188)",1,"(0.6877371668815613, 0.7661467790603638)","(104.95732116699219, 78.66047668457031, 21.793048858642578)",1,3.8677978515625,1,"(34.875694274902344, 13.189513206481934, 601.0326538085938)",1
33862323129,18849193376,"(0.6863953471183777, 0.7506847381591797)","(104.21495819091797, 83.18255615234375, 23.438899993896484)",1,4.18402099609375,1,"(-32.99652099609375, 10.715312957763672, 600.9525146484375)",1,"(0.6838388442993164, 0.761421263217926)","(102.8004150390625, 80.04251098632812, 22.296037673950195)",1,3.8774261474609375,1,"(34.8754997253418, 13.17847728729248, 600.9029541015625)",1
33862339797,18849210044,"(0.6836501359939575, 0.7494045495986938)","(102.69600677490234, 83.55696105957031, 23.575159072875977)",1,4.1859893798828125,1,"(-32.988861083984375, 10.7068452835083, 600.8711547851562)",1,"(0.6806436777114868, 0.7622290849685669)","(101.03255462646484, 79.80622863769531, 22.210025787353516)",1,3.88470458984375,1,"(34.8869743347168, 13.175628662109375, 600.8226318359375)",1
33862356483,18849226730,"(0.6824758052825928, 0.7505365610122681)","(102.04624938964844, 83.22588348388672, 23.45465087890625)",1,4.194488525390625,1,"(-32.968528747558594, 10.694454193115234, 600.652099609375)",1,"(0.6800678968429565, 0.7656830549240112)","(100.7139663696289, 78.79609680175781, 21.842365264892578)",1,3.885528564453125,1,"(34.896644592285156, 13.16960620880127, 600.5789794921875)",1
33862373049,18849243296,"(0.6818239092826843, 0.7503227591514587)","(101.685546875, 83.28841400146484, 23.477447509765625)",1,4.2107086181640625,1,"(-32.93867874145508, 10.669838905334473, 600.2400512695312)",1,"(0.6802700757980347, 0.7673279047012329)","(100.82581329345703, 78.3150863647461, 21.66730499267578)",1,3.898162841796875,1,"(34.88887405395508, 13.155518531799316, 600.1978149414062)",1
33862389763,18849260010,"(0.6813866496086121, 0.751350998878479)","(101.44364166259766, 82.98771667480469, 23.367996215820312)",1,4.2125396728515625,1,"(-32.92540740966797, 10.663616180419922, 599.96484375)",1,"(0.6785867214202881, 0.7657778859138489)","(99.89444732666016, 78.76837158203125, 21.832275390625)",1,3.9036102294921875,1,"(34.874488830566406, 13.148653984069824, 599.9135131835938)",1
33862406398,18849276644,"(0.6796370148658752, 0.7540704607963562)","(100.4755630493164, 82.19230651855469, 23.078519821166992)",1,4.2244720458984375,1,"(-32.91621780395508, 10.673657417297363, 599.576904296875)",1,"(0.678986132144928, 0.7683823108673096)","(100.11540222167969, 78.00666809082031, 21.555070877075195)",1,3.90728759765625,1,"(34.834930419921875, 13.155233383178711, 599.4961547851562)",1
33862422969,18849293215,"(0.6786893606185913, 0.7524264454841614)","(99.95121765136719, 82.6731185913086, 23.25353240966797)",1,4.23529052734375,1,"(-32.91413497924805, 10.6907320022583, 599.2288818359375)",1,"(0.6773295402526855, 0.7707282304763794)","(99.19880676269531, 77.32056427001953, 21.30533218383789)",1,3.9259033203125,1,"(34.80149841308594, 13.164224624633789, 599.1815795898438)",1
33862439632,18849309878,"(0.679964542388916, 0.752211332321167)","(100.6567611694336, 82.73605346679688, 23.27642250061035)",1,4.240814208984375,1,"(-32.92356872558594, 10.705870628356934, 599.1369018554688)",1,"(0.6788135170936584, 0.769325852394104)","(100.01986694335938, 77.73070526123047, 21.454626083374023)",1,3.9377593994140625,1,"(34.7794189453125, 13.171687126159668, 599.0817260742188)",1
33862456314,18849326560,"(0.6782312393188477, 0.7520665526390076)","(99.69771575927734, 82.77838897705078, 23.291807174682617)",1,4.2414703369140625,1,"(-32.93144226074219, 10.758380889892578, 599.0375366210938)",1,"(0.6787328720092773, 0.7742030024528503)","(99.97528076171875, 76.30435180664062, 20.93543243408203)",1,3.9504241943359375,1,"(34.74689865112305, 13.238508224487305, 598.9837036132812)",1
33862472889,18849343135,"(0.6491250991821289, 0.6489282846450806)","(83.59327697753906, 112.94237518310547, 34.2706298828125)",1,4.2520294189453125,1,"(-32.95359420776367, 11.16240406036377, 599.0510864257812)",1,"(0.6676751375198364, 0.6841144561767578)","(93.85700225830078, 102.65179443359375, 30.52511215209961)",1,3.984771728515625,1,"(34.57506561279297, 13.623176574707031, 598.9986572265625)",1
33862489502,18849359748,"(0.6297686696052551, 0.5405696630477905)","(72.88336944580078, 144.63314819335938, 45.80514144897461)",1,4.2455902099609375,1,"(-32.939876556396484, 11.41666030883789, 598.8361206054688)",1,"(0.6535265445709229, 0.5784702897071838)","(86.0285873413086, 133.54869079589844, 41.77068328857422)",1,3.9858245849609375,1,"(34.43810272216797, 13.913898468017578, 598.8009643554688)",1
33862506229,18849376475,"(0.6112263202667236, 0.37721431255340576)","(62.62386703491211, 192.4083709716797, 63.19388198852539)",1,4.2715911865234375,1,"(-32.93907165527344, 11.645249366760254, 598.8428344726562)",1,"(0.63013756275177, 0.4057510197162628)","(73.08747100830078, 184.06246948242188, 60.156192779541016)",1,4.0086669921875,1,"(34.355682373046875, 14.168959617614746, 598.8488159179688)",1
33862522814,18849393060,"(0.6188816428184509, 0.3513835072517395)","(66.85960388183594, 199.96287536621094, 65.94351196289062)",1,4.296142578125,1,"(-32.997928619384766, 11.628043174743652, 599.1489868164062)",1,"(0.6240299344062805, 0.37870311737060547)","(69.70809936523438, 191.9729461669922, 63.0354118347168)",1,4.026947021484375,1,"(34.38926696777344, 14.170345306396484, 599.123046875)",1
33862539468,18849409714,"(0.6223543286323547, 0.36531153321266174)","(68.78105926513672, 195.8894500732422, 64.46089172363281)",1,4.2835540771484375,1,"(-33.039268493652344, 11.623404502868652, 599.2819213867188)",1,"(0.624699056148529, 0.39433348178863525)","(70.07832336425781, 187.4016571044922, 61.37162780761719)",1,4.0123443603515625,1,"(34.40127182006836, 14.16443920135498, 599.2454833984375)",1
33862556048,18849426294,"(0.625115156173706, 0.3794076144695282)","(70.3086166381836, 191.7668914794922, 62.960357666015625)",1,4.25994873046875,1,"(-33.11293411254883, 11.615837097167969, 599.593994140625)",1,"(0.6245709657669067, 0.41520655155181885)","(70.00745391845703, 181.29708862304688, 59.149696350097656)",1,4.00439453125,1,"(34.41315460205078, 14.162541389465332, 599.5891723632812)",1
33862572739,18849442985,"(0.6253029704093933, 0.38532397150993347)","(70.41254425048828, 190.03660583496094, 62.33061599731445)",1,4.2397003173828125,1,"(-33.1978645324707, 11.592867851257324, 599.9078369140625)",1,"(0.6252678632736206, 0.4224596619606018)","(70.39308166503906, 179.17581176757812, 58.377647399902344)",1,3.995941162109375,1,"(34.4112434387207, 14.147279739379883, 599.8803100585938)",1
33862589337,18849459583,"(0.6218041181564331, 0.3894897401332855)","(68.47661590576172, 188.81826782226562, 61.88719940185547)",1,4.239349365234375,1,"(-33.23055648803711, 11.589512825012207, 600.0841674804688)",1,"(0.6262741088867188, 0.430143266916275)","(70.9498291015625, 176.9286651611328, 57.55972671508789)",1,3.9875640869140625,1,"(34.409698486328125, 14.139967918395996, 600.0606689453125)",1
33862606060,18849476306,"(0.6241486072540283, 0.3939533531665802)","(69.7738037109375, 187.5128173828125, 61.41205596923828)",1,4.2261810302734375,1,"(-33.288997650146484, 11.588027954101562, 600.48486328125)",1,"(0.6272009015083313, 0.4353499412536621)","(71.46265411376953, 175.4058837890625, 57.00548553466797)",1,3.9747314453125,1,"(34.4302864074707, 14.132721900939941, 600.504638671875)",1
33862622659,18849492905,"(0.624964714050293, 0.39811185002326965)","(70.22535705566406, 186.29666137695312, 60.96939468383789)",1,4.20721435546875,1,"(-33.32228088378906, 11.599348068237305, 600.9262084960938)",1,"(0.6303796768188477, 0.43201348185539246)","(73.22142791748047, 176.38168334960938, 57.360633850097656)",1,3.93768310546875,1,"(34.47042465209961, 14.131044387817383, 600.905029296875)",1
33862639303,18849509549,"(0.6268333196640015, 0.40101543068885803)","(71.25923156738281, 185.4474334716797, 60.66029357910156)",1,4.2010040283203125,1,"(-33.325740814208984, 11.601360321044922, 601.138671875)",1,"(0.628983199596405, 0.43333297967910767)","(72.44882202148438, 175.9958038330078, 57.22019958496094)",1,3.92657470703125,1,"(34.50181579589844, 14.125514030456543, 601.1243896484375)",1
33862655975,18849526221,"(0.6241878867149353, 0.39878401160240173)","(69.79551696777344, 186.1000518798828, 60.89783477783203)",1,4.1703033447265625,1,"(-33.320701599121094, 11.603410720825195, 601.46044921875)",1,"(0.6263173222541809, 0.4379824697971344)","(70.97376251220703, 174.635986328125, 56.72523880004883)",1,3.92620849609375,1,"(34.563819885253906, 14.1214017868042, 601.4651489257812)",1
33862672579,18849542825,"(0.6188791990280151, 0.4072406589984894)","(66.8582534790039, 183.6267852783203, 59.99763488769531)",1,4.1622772216796875,1,"(-33.47588348388672, 11.65874195098877, 601.6077880859375)",1,"(0.6228129863739014, 0.4416384696960449)","(69.03479766845703, 173.5667266845703, 56.3360481262207)",1,3.9180908203125,1,"(34.43165969848633, 14.179794311523438, 601.6025390625)",1
33862689173,18849559419,"(0.564542293548584, 0.3637546896934509)","(36.79359817504883, 196.34475708007812, 64.62662506103516)",1,4.1314697265625,1,"(-33.706932067871094, 11.787720680236816, 601.3336181640625)",1,"(0.5833575129508972, 0.39822113513946533)","(47.20411682128906, 186.26463317871094, 60.95772933959961)",1,3.90399169921875,1,"(34.05110168457031, 14.346949577331543, 601.28271484375)",1
33862705891,18849576137,"(0.44309648871421814, 0.23390409350395203)","(-30.402374267578125, 234.3211212158203, 78.44886779785156)",1,4.096893310546875,1,"(-34.15525436401367, 12.11619758605957, 601.1887817382812)",1,"(0.4609791934490204, 0.2277415692806244)","(-20.507863998413086, 236.1234130859375, 79.10489654541016)",1,3.8796539306640625,1,"(33.231021881103516, 14.716714859008789, 601.2545166015625)",1
33862722499,18849592745,"(0.3624565899372101, 0.09817612171173096)","(-75.02043914794922, 274.016357421875, 92.89677429199219)",1,4.14422607421875,1,"(-34.49679183959961, 12.273776054382324, 601.48486328125)",1,"(0.36910611391067505, 0.10037990659475327)","(-71.34125518798828, 273.3718566894531, 92.66215515136719)",1,3.918975830078125,1,"(32.859344482421875, 14.86807632446289, 601.6141357421875)",1
33862739139,18849609385,"(0.3636420965194702, 0.07960429042577744)","(-74.36448669433594, 279.4479064941406, 94.87369537353516)",1,4.1320953369140625,1,"(-34.570316314697266, 12.268060684204102, 601.7257690429688)",1,"(0.35525745153427124, 0.08071891218423843)","(-79.00373840332031, 279.1219482421875, 94.75502014160156)",1,3.915985107421875,1,"(32.85533142089844, 14.873004913330078, 601.901123046875)",1
33862755806,18849626052,"(0.37481772899627686, 0.09779773652553558)","(-68.18104553222656, 274.12701416015625, 92.93709564208984)",1,4.118804931640625,1,"(-34.595699310302734, 12.228007316589355, 601.4937744140625)",1,"(0.370406836271286, 0.10553907603025436)","(-70.62158966064453, 271.8629455566406, 92.1130142211914)",1,3.8869781494140625,1,"(32.896888732910156, 14.815464973449707, 601.6788940429688)",1
33862772423,18849642669,"(0.37768277525901794, 0.11101946979761124)","(-66.5958023071289, 270.2601623535156, 91.52963256835938)",1,4.088958740234375,1,"(-34.6243896484375, 12.211479187011719, 601.5138549804688)",1,"(0.3770187795162201, 0.1154317706823349)","(-66.96317291259766, 268.9697570800781, 91.05994415283203)",1,3.860748291015625,1,"(32.93312454223633, 14.800500869750977, 601.6942749023438)",1
33862789008,18849659255,"(0.37939950823783875, 0.11674153059720993)","(-65.64592742919922, 268.5867004394531, 90.92052459716797)",1,4.07037353515625,1,"(-34.62062072753906, 12.204802513122559, 601.4299926757812)",1,"(0.37829598784446716, 0.11989167332649231)","(-66.25650787353516, 267.6654052734375, 90.5851821899414)",1,3.855072021484375,1,"(32.96220779418945, 14.797738075256348, 601.6174926757812)",1
33862805722,18849675969,"(0.3813416659832001, 0.11916197091341019)","(-64.5713119506836, 267.8787841796875, 90.66287231445312)",1,4.042999267578125,1,"(-34.603271484375, 12.198646545410156, 601.2232666015625)",1,"(0.38242122530937195, 0.1265946328639984)","(-63.97402572631836, 265.70501708984375, 89.8717041015625)",1,3.8404388427734375,1,"(32.99829864501953, 14.79167366027832, 601.4002075195312)",1
33862822343,18849692590,"(0.3823186755180359, 0.12063177675008774)","(-64.03073120117188, 267.44891357421875, 90.50642395019531)",1,4.028839111328125,1,"(-34.57473373413086, 12.199761390686035, 601.103271484375)",1,"(0.38393792510032654, 0.12833921611309052)","(-63.134822845458984, 265.1947937011719, 89.68600463867188)",1,3.8233489990234375,1,"(33.03860092163086, 14.78891658782959, 601.2854614257812)",1
33862838974,18849709221,"(0.38416245579719543, 0.12338440865278244)","(-63.01060485839844, 266.6438903808594, 90.21343231201172)",1,4.0301513671875,1,"(-34.5664176940918, 12.200518608093262, 601.0523681640625)",1,"(0.3831069767475128, 0.12894046306610107)","(-63.59459686279297, 265.01898193359375, 89.62200164794922)",1,3.8187713623046875,1,"(33.06145095825195, 14.782841682434082, 601.2200317382812)",1
33862855637,18849725884,"(0.3826935291290283, 0.12388987094163895)","(-63.82329559326172, 266.4960632324219, 90.15960693359375)",1,4.016937255859375,1,"(-34.55694580078125, 12.19041919708252, 600.9222412109375)",1,"(0.3819386065006256, 0.13002711534500122)","(-64.24105834960938, 264.7012023925781, 89.50628662109375)",1,3.8029327392578125,1,"(33.07928466796875, 14.769207000732422, 601.08056640625)",1
33862872263,18849742510,"(0.3845895230770111, 0.1271616518497467)","(-62.774295806884766, 265.5391845703125, 89.81130981445312)",1,4.003326416015625,1,"(-34.57021713256836, 12.171992301940918, 600.847412109375)",1,"(0.38265180587768555, 0.13192066550254822)","(-63.846435546875, 264.1473693847656, 89.30473327636719)",1,3.795806884765625,1,"(33.077545166015625, 14.754228591918945, 601.011962890625)",1
33862888940,18849759187,"(0.3841741383075714, 0.1327342391014099)","(-63.004112243652344, 263.909423828125, 89.2181396484375)",1,3.9995880126953125,1,"(-34.5688591003418, 12.16207504272461, 600.734375)",1,"(0.38365042209625244, 0.1351323127746582)","(-63.293888092041016, 263.20806884765625, 88.9628677368164)",1,3.79290771484375,1,"(33.06928253173828, 14.744597434997559, 600.9072875976562)",1
33862905552,18849775799,"(0.3841204047203064, 0.13253405690193176)","(-63.033870697021484, 263.96795654296875, 89.23947143554688)",1,3.9921417236328125,1,"(-34.57781219482422, 12.158753395080566, 600.5682983398438)",1,"(0.3835379481315613, 0.13613946735858917)","(-63.356136322021484, 262.9135437011719, 88.85567474365234)",1,3.77752685546875,1,"(33.05534744262695, 14.736681938171387, 600.7303466796875)",1
33862922188,18849792435,"(0.38447561860084534, 0.13364410400390625)","(-62.83730697631836, 263.6433410644531, 89.12129974365234)",1,3.9837799072265625,1,"(-34.58473587036133, 12.174638748168945, 600.638916015625)",1,"(0.3841383457183838, 0.13682332634925842)","(-63.023929595947266, 262.71356201171875, 88.78288269042969)",1,3.766693115234375,1,"(33.07118606567383, 14.742408752441406, 600.7958374023438)",1
33862938809,18849809056,"(0.385069876909256, 0.13038240373134613)","(-62.50851821899414, 264.5972900390625, 89.46849060058594)",1,3.966522216796875,1,"(-34.587913513183594, 12.186832427978516, 600.69580078125)",1,"(0.38397306203842163, 0.13404075801372528)","(-63.11537170410156, 263.52734375, 89.07908630371094)",1,3.7590179443359375,1,"(33.0922966003418, 14.744526863098145, 600.8500366210938)",1
33862955468,18849825715,"(0.3845694065093994, 0.1276809573173523)","(-62.785430908203125, 265.3873596191406, 89.75601959228516)",1,3.956207275390625,1,"(-34.57024002075195, 12.204944610595703, 600.7823486328125)",1,"(0.3843977749347687, 0.13489499688148499)","(-62.8803596496582, 263.2774963378906, 88.98814392089844)",1,3.7494049072265625,1,"(33.133304595947266, 14.754169464111328, 600.9344482421875)",1
33862972103,18849842350,"(0.3842434883117676, 0.1272023320198059)","(-62.96574783325195, 265.5273132324219, 89.8070068359375)",1,3.9453277587890625,1,"(-34.53174591064453, 12.2191801071167, 600.6634521484375)",1,"(0.3857865035533905, 0.13460975885391235)","(-62.112003326416016, 263.36090087890625, 89.01851654052734)",1,3.7401275634765625,1,"(33.163883209228516, 14.758559226989746, 600.8199462890625)",1
33862988775,18849859022,"(0.3838701844215393, 0.1257292628288269)","(-63.17230224609375, 265.9581604003906, 89.96377563476562)",1,3.954986572265625,1,"(-34.52470779418945, 12.222800254821777, 600.7374877929688)",1,"(0.38456305861473083, 0.13349555432796478)","(-62.78894805908203, 263.6867980957031, 89.13709259033203)",1,3.7335662841796875,1,"(33.18563461303711, 14.761954307556152, 600.8718872070312)",1
33863005383,18849875630,"(0.38196688890457153, 0.12369901686906815)","(-64.22538757324219, 266.5519104003906, 90.17988586425781)",1,3.957305908203125,1,"(-34.56867218017578, 12.228007316589355, 601.0635986328125)",1,"(0.38383135199546814, 0.1320052444934845)","(-63.19377136230469, 264.12261962890625, 89.29576873779297)",1,3.72509765625,1,"(33.16204071044922, 14.773688316345215, 601.2593994140625)",1
33863022023,18849892270,"(0.3635011315345764, 0.11341580748558044)","(-74.44252014160156, 269.559326171875, 91.2745361328125)",1,3.9589691162109375,1,"(-34.66919708251953, 12.268073081970215, 601.6400146484375)",1,"(0.36683133244514465, 0.10845199972391129)","(-72.59992218017578, 271.0111083984375, 91.80292510986328)",1,3.729034423828125,1,"(33.08799362182617, 14.805190086364746, 601.7976684570312)",1
33863038645,18849908892,"(0.3617337942123413, 0.10397730022668839)","(-75.42034912109375, 272.3197021484375, 92.27922821044922)",1,3.964996337890625,1,"(-34.67936325073242, 12.261612892150879, 601.5679321289062)",1,"(0.3620111644268036, 0.09850037097930908)","(-75.26691436767578, 273.9215393066406, 92.86224365234375)",1,3.733795166015625,1,"(33.076683044433594, 14.80030345916748, 601.7258911132812)",1
33863055299,18849925546,"(0.3679538667201996, 0.104660764336586)","(-71.97876739501953, 272.1198425292969, 92.20648193359375)",1,3.970123291015625,1,"(-34.70813751220703, 12.2304048538208, 601.4363403320312)",1,"(0.3655890226364136, 0.102446548640728)","(-73.28726196289062, 272.7674255371094, 92.44216918945312)",1,3.7253875732421875,1,"(33.058128356933594, 14.763388633728027, 601.619140625)",1
33863071948,18849942195,"(0.3683184087276459, 0.11033396422863007)","(-71.77709197998047, 270.4606628417969, 91.6025619506836)",1,3.966217041015625,1,"(-34.726993560791016, 12.198385238647461, 601.2061157226562)",1,"(0.36733922362327576, 0.10700266808271408)","(-72.3188705444336, 271.4349060058594, 91.95721435546875)",1,3.7273712158203125,1,"(33.02827453613281, 14.732885360717773, 601.413330078125)",1
33863088611,18849958858,"(0.36728858947753906, 0.11092433333396912)","(-72.346923828125, 270.2880554199219, 91.53971862792969)",1,3.9654083251953125,1,"(-34.73038101196289, 12.180249214172363, 601.0361938476562)",1,"(0.3695763945579529, 0.10754281282424927)","(-71.08106231689453, 271.2769470214844, 91.89972686767578)",1,3.7324981689453125,1,"(33.01167297363281, 14.71834945678711, 601.2332153320312)",1
33863105214,18849975461,"(0.368362694978714, 0.11318543553352356)","(-71.75260162353516, 269.626708984375, 91.299072265625)",1,3.97174072265625,1,"(-34.72750473022461, 12.160589218139648, 600.8038940429688)",1,"(0.369942307472229, 0.10775410383939743)","(-70.87861633300781, 271.2151794433594, 91.87721252441406)",1,3.7342071533203125,1,"(32.99579620361328, 14.702122688293457, 600.9847412109375)",1
33863121868,18849992115,"(0.36925455927848816, 0.11337003111839294)","(-71.2591323852539, 269.5727233886719, 91.2794189453125)",1,3.976806640625,1,"(-34.70841979980469, 12.125567436218262, 600.4576416015625)",1,"(0.3689168691635132, 0.10686056315898895)","(-71.44598388671875, 271.47650146484375, 91.97232818603516)",1,3.7434539794921875,1,"(32.9798469543457, 14.677057266235352, 600.6658325195312)",1
33863138480,18850008727,"(0.3658055365085602, 0.11464299261569977)","(-73.16748046875, 269.200439453125, 91.14390563964844)",1,3.99285888671875,1,"(-34.70797348022461, 12.109258651733398, 600.4192504882812)",1,"(0.3684612810611725, 0.1083245500922203)","(-71.69805145263672, 271.0483703613281, 91.81646728515625)",1,3.7468719482421875,1,"(32.9722785949707, 14.666328430175781, 600.5917358398438)",1
33863155129,18850025376,"(0.3656908869743347, 0.11296901851892471)","(-73.23091888427734, 269.6900329589844, 91.32209777832031)",1,4.0012359619140625,1,"(-34.73159408569336, 12.091669082641602, 600.453369140625)",1,"(0.3671654760837555, 0.10989154875278473)","(-72.4150161743164, 270.59002685546875, 91.6496810913086)",1,3.756439208984375,1,"(32.960350036621094, 14.660908699035645, 600.63427734375)",1
33863171783,18850042030,"(0.36804845929145813, 0.11225246638059616)","(-71.92647552490234, 269.8995666503906, 91.3984146118164)",1,4.0121002197265625,1,"(-34.762027740478516, 12.082406044006348, 600.1505126953125)",1,"(0.36645886301994324, 0.11133361607789993)","(-72.80597686767578, 270.1683044433594, 91.49617767333984)",1,3.768035888671875,1,"(32.91531753540039, 14.654878616333008, 600.3622436523438)",1
33863188446,18850058693,"(0.3674539625644684, 0.11339608579874039)","(-72.25537872314453, 269.5650939941406, 91.27667236328125)",1,4.0282745361328125,1,"(-34.788875579833984, 12.08548355102539, 600.1000366210938)",1,"(0.37000858783721924, 0.11246185749769211)","(-70.84192657470703, 269.8383483886719, 91.37606048583984)",1,3.7725677490234375,1,"(32.873348236083984, 14.657342910766602, 600.302978515625)",1
33863205045,18850075292,"(0.366853803396225, 0.10906480252742767)","(-72.58749389648438, 270.83184814453125, 91.73770141601562)",1,4.0475311279296875,1,"(-34.827816009521484, 12.08348274230957, 600.1145629882812)",1,"(0.37048667669296265, 0.11139040440320969)","(-70.57740020751953, 270.15167236328125, 91.49015808105469)",1,3.7899322509765625,1,"(32.825984954833984, 14.663321495056152, 600.3134155273438)",1
33863221703,18850091950,"(0.3674671947956085, 0.11588487029075623)","(-72.24808502197266, 268.83721923828125, 91.01171112060547)",1,4.06903076171875,1,"(-34.88554763793945, 12.108201026916504, 600.3391723632812)",1,"(0.3706304430961609, 0.1116911992430687)","(-70.49784088134766, 270.063720703125, 91.4581298828125)",1,3.81646728515625,1,"(32.79792022705078, 14.682960510253906, 600.5205688476562)",1
33863238412,18850108659,"(0.36686959862709045, 0.11372213810682297)","(-72.57872009277344, 269.4697265625, 91.241943359375)",1,4.0768585205078125,1,"(-34.9066276550293, 12.112564086914062, 600.3848266601562)",1,"(0.3697848618030548, 0.11131958663463593)","(-70.96570587158203, 270.1723937988281, 91.49766540527344)",1,3.8220367431640625,1,"(32.792625427246094, 14.69308853149414, 600.5741577148438)",1
33863254960,18850125207,"(0.3671146035194397, 0.11580578237771988)","(-72.44316101074219, 268.8603210449219, 91.02015686035156)",1,4.0914764404296875,1,"(-34.92418670654297, 12.118204116821289, 600.4775390625)",1,"(0.37086021900177, 0.11386047303676605)","(-70.3707275390625, 269.4292907714844, 91.22720336914062)",1,3.828704833984375,1,"(32.78207015991211, 14.710225105285645, 600.67578125)",1
33863271623,18850141870,"(0.36769357323646545, 0.11787925660610199)","(-72.1228256225586, 268.25396728515625, 90.7994155883789)",1,4.1207733154296875,1,"(-34.918033599853516, 12.115198135375977, 600.558837890625)",1,"(0.3700062930583954, 0.11663677543401718)","(-70.84321594238281, 268.6173095703125, 90.93167877197266)",1,3.8358612060546875,1,"(32.79795455932617, 14.7306489944458, 600.748779296875)",1
33863288282,18850158529,"(0.3744266927242279, 0.11532936245203018)","(-68.39739990234375, 268.99969482421875, 91.07086944580078)",1,4.1121063232421875,1,"(-34.857208251953125, 12.111895561218262, 600.4035034179688)",1,"(0.3748778998851776, 0.11750344932079315)","(-68.14773559570312, 268.3638610839844, 90.83943939208984)",1,3.8451385498046875,1,"(32.83016586303711, 14.737822532653809, 600.5982666015625)",1
33863304972,18850175219,"(0.38681015372276306, 0.10874244570732117)","(-61.54561233520508, 270.92608642578125, 91.77204132080078)",1,4.13763427734375,1,"(-34.80754852294922, 12.092531204223633, 600.2432861328125)",1,"(0.3900969624519348, 0.11649703234434128)","(-59.7270393371582, 268.6582336425781, 90.94657135009766)",1,3.8640594482421875,1,"(32.84648895263672, 14.73709487915039, 600.470458984375)",1
33863321543,18850191790,"(0.3843168616294861, 0.11058878153562546)","(-62.925148010253906, 270.3861389160156, 91.57545471191406)",1,4.1574859619140625,1,"(-34.87746047973633, 12.098871231079102, 600.8208618164062)",1,"(0.39039862155914307, 0.1131555587053299)","(-59.56013870239258, 269.6354675292969, 91.30223846435547)",1,3.872589111328125,1,"(32.85205078125, 14.750731468200684, 600.99609375)",1
33863338151,18850208398,"(0.3839632570743561, 0.10875663161277771)","(-63.12081527709961, 270.9219665527344, 91.7704849243164)",1,4.1530303955078125,1,"(-34.90013885498047, 12.10401725769043, 600.9002685546875)",1,"(0.38910606503486633, 0.11063969880342484)","(-60.27527618408203, 270.3712463378906, 91.57006072998047)",1,3.868560791015625,1,"(32.8387565612793, 14.748360633850098, 601.0858764648438)",1
33863354888,18850225135,"(0.38321277499198914, 0.10878036916255951)","(-63.53605270385742, 270.9150085449219, 91.7679672241211)",1,4.1639862060546875,1,"(-34.94417953491211, 12.100930213928223, 601.066162109375)",1,"(0.38867390155792236, 0.11520010232925415)","(-60.514404296875, 269.0374755859375, 91.08462524414062)",1,3.87860107421875,1,"(32.81507110595703, 14.748322486877441, 601.2761840820312)",1
33863371463,18850241710,"(0.3810082674026489, 0.10920879244804382)","(-64.75582122802734, 270.78973388671875, 91.72235107421875)",1,4.180267333984375,1,"(-34.991310119628906, 12.103608131408691, 601.3541259765625)",1,"(0.38737571239471436, 0.11180222034454346)","(-61.23268508911133, 270.03125, 91.4463119506836)",1,3.88421630859375,1,"(32.803897857666016, 14.73735237121582, 601.539794921875)",1
33863388117,18850258364,"(0.38114115595817566, 0.10950425267219543)","(-64.68226623535156, 270.7033386230469, 91.6908950805664)",1,4.183502197265625,1,"(-35.006900787353516, 12.101045608520508, 601.4332275390625)",1,"(0.38618364930152893, 0.1110447570681572)","(-61.89225769042969, 270.2527770996094, 91.52694702148438)",1,3.8881378173828125,1,"(32.79951477050781, 14.731854438781738, 601.6278076171875)",1
33863404706,18850274953,"(0.3827011287212372, 0.10914114862680435)","(-63.81915283203125, 270.8095397949219, 91.72953796386719)",1,4.1839599609375,1,"(-35.02790832519531, 12.096797943115234, 601.541015625)",1,"(0.38710421323776245, 0.11097374558448792)","(-61.38291931152344, 270.2735290527344, 91.53450775146484)",1,3.896636962890625,1,"(32.79960250854492, 14.724259376525879, 601.7495727539062)",1
33863421383,18850291630,"(0.38182997703552246, 0.10795218497514725)","(-64.30116271972656, 271.1572570800781, 91.8560791015625)",1,4.1988525390625,1,"(-35.04267883300781, 12.087691307067871, 601.7841186523438)",1,"(0.3883933126926422, 0.11073854565620422)","(-60.669654846191406, 270.3423156738281, 91.55951690673828)",1,3.90673828125,1,"(32.811302185058594, 14.728697776794434, 601.9743041992188)",1
33863437986,18850308233,"(0.38279104232788086, 0.10570818185806274)","(-63.76940155029297, 271.8135681152344, 92.09493255615234)",1,4.2055206298828125,1,"(-35.056087493896484, 12.085018157958984, 601.9473876953125)",1,"(0.38729754090309143, 0.11168741434812546)","(-61.27595138549805, 270.0648498535156, 91.45851135253906)",1,3.9118499755859375,1,"(32.8202018737793, 14.733880996704102, 602.1475219726562)",1
33863454718,18850324965,"(0.3844369351863861, 0.10915914922952652)","(-62.858699798583984, 270.8042297363281, 91.72766876220703)",1,4.2021636962890625,1,"(-35.081878662109375, 12.094439506530762, 602.1322631835938)",1,"(0.38657185435295105, 0.11176493018865585)","(-61.67747116088867, 270.0421447753906, 91.45030212402344)",1,3.922332763671875,1,"(32.82461929321289, 14.741436004638672, 602.3492431640625)",1
33863471303,18850341550,"(0.38172638416290283, 0.10633900761604309)","(-64.35846710205078, 271.6290283203125, 92.0278091430664)",1,4.2103118896484375,1,"(-35.08938217163086, 12.081323623657227, 602.0565795898438)",1,"(0.38615766167640686, 0.11341481655836105)","(-61.90662384033203, 269.55963134765625, 91.27467346191406)",1,3.9207916259765625,1,"(32.80118942260742, 14.742444038391113, 602.2813720703125)",1
33863487952,18850358199,"(0.38196998834609985, 0.10644581913948059)","(-64.22366333007812, 271.5978088378906, 92.01643371582031)",1,4.2129974365234375,1,"(-35.11207962036133, 12.088004112243652, 602.1669921875)",1,"(0.38690081238746643, 0.11224549263715744)","(-61.49543762207031, 269.901611328125, 91.39910888671875)",1,3.914947509765625,1,"(32.784141540527344, 14.751117706298828, 602.3710327148438)",1
33863504634,18850374881,"(0.38149741291999817, 0.10298177599906921)","(-64.48516082763672, 272.61090087890625, 92.38520050048828)",1,4.2046356201171875,1,"(-35.15567398071289, 12.10456657409668, 602.3941650390625)",1,"(0.38571804761886597, 0.11037468910217285)","(-62.149898529052734, 270.44873046875, 91.59825897216797)",1,3.9158782958984375,1,"(32.770687103271484, 14.764141082763672, 602.6056518554688)",1
33863521223,18850391470,"(0.38035351037979126, 0.10712888836860657)","(-65.11808776855469, 271.39801025390625, 91.9437484741211)",1,4.1982879638671875,1,"(-35.18700408935547, 12.149255752563477, 602.422119140625)",1,"(0.38788947463035583, 0.11219219863414764)","(-60.948429107666016, 269.9172058105469, 91.4047622680664)",1,3.9120330810546875,1,"(32.73314666748047, 14.790022850036621, 602.6312255859375)",1
33863537918,18850408165,"(0.3814670741558075, 0.10743601620197296)","(-64.50193786621094, 271.3082275390625, 91.91106414794922)",1,4.198822021484375,1,"(-35.19981002807617, 12.166059494018555, 602.400634765625)",1,"(0.388342946767807, 0.1126198023557663)","(-60.697547912597656, 269.79217529296875, 91.35923767089844)",1,3.91998291015625,1,"(32.71965026855469, 14.802013397216797, 602.6143188476562)",1
33863554549,18850424796,"(0.3820706605911255, 0.11150901764631271)","(-64.16798400878906, 270.1170349121094, 91.47750854492188)",1,4.200714111328125,1,"(-35.2185173034668, 12.205046653747559, 602.4981689453125)",1,"(0.38591793179512024, 0.11263827234506607)","(-62.03929901123047, 269.7867431640625, 91.35729217529297)",1,3.9139556884765625,1,"(32.71564865112305, 14.832571983337402, 602.7246704101562)",1
33863571143,18850441391,"(0.3871069550514221, 0.13327661156654358)","(-61.38138198852539, 263.75079345703125, 89.16040802001953)",1,4.2037200927734375,1,"(-35.1167106628418, 12.074873924255371, 602.5720825195312)",1,"(0.3897033631801605, 0.12688814103603363)","(-59.944828033447266, 265.61920166015625, 89.84042358398438)",1,3.93280029296875,1,"(32.732994079589844, 14.712230682373047, 602.786865234375)",1
33863587788,18850458036,"(0.40711432695388794, 0.21736778318881989)","(-50.31129455566406, 239.15736389160156, 80.20909881591797)",1,4.208221435546875,1,"(-34.94512176513672, 11.866070747375488, 602.4349975585938)",1,"(0.4050801694393158, 0.19728884100914001)","(-51.43683624267578, 245.02969360351562, 82.34642028808594)",1,3.9459381103515625,1,"(32.782958984375, 14.491541862487793, 602.6363525390625)",1
33863604465,18850474713,"(0.45596763491630554, 0.36031675338745117)","(-23.280773162841797, 197.35028076171875, 64.99250793457031)",1,4.194061279296875,1,"(-34.551395416259766, 11.472230911254883, 602.2931518554688)",1,"(0.4609084725379944, 0.3727721869945526)","(-20.547027587890625, 193.70753479003906, 63.66668701171875)",1,3.9127044677734375,1,"(33.09695053100586, 14.104646682739258, 602.4159545898438)",1
33863621063,18850491311,"(0.5067099928855896, 0.46134963631629944)","(4.795013427734375, 167.80197143554688, 54.237884521484375)",1,4.1764984130859375,1,"(-34.4161376953125, 11.353301048278809, 601.5746459960938)",1,"(0.5180668830871582, 0.4819595515727997)","(11.078754425048828, 161.7743682861328, 52.04401779174805)",1,3.9112548828125,1,"(33.25576400756836, 13.98977279663086, 601.6844482421875)",1
33863637657,18850507905,"(0.5059410929679871, 0.4674379527568817)","(4.369551181793213, 166.02137756347656, 53.58984375)",1,4.1674346923828125,1,"(-34.43843078613281, 11.336923599243164, 601.11669921875)",1,"(0.5217337012290955, 0.4843326807022095)","(13.107613563537598, 161.080322265625, 51.791419982910156)",1,3.90301513671875,1,"(33.241188049316406, 13.979599952697754, 601.238037109375)",1
33863654380,18850524628,"(0.5040943622589111, 0.4513207972049713)","(3.3477284908294678, 170.73504638671875, 55.305419921875)",1,4.167144775390625,1,"(-34.49309539794922, 11.326555252075195, 600.900390625)",1,"(0.5121749639511108, 0.46569550037384033)","(7.81874942779541, 166.53099060058594, 53.775264739990234)",1,3.8837127685546875,1,"(33.213138580322266, 13.99074935913086, 601.0182495117188)",1
33863670979,18850541227,"(0.5007826089859009, 0.44713094830513)","(1.515346884727478, 171.96041870117188, 55.75143814086914)",1,4.1623382568359375,1,"(-34.53425216674805, 11.30539608001709, 600.5518798828125)",1,"(0.5118722915649414, 0.4552227854728699)","(7.651311874389648, 169.59384155273438, 54.89008712768555)",1,3.8830108642578125,1,"(33.185916900634766, 13.983657836914062, 600.6995239257812)",1
33863687623,18850557871,"(0.4982820749282837, 0.44332653284072876)","(0.1318119764328003, 173.07305908203125, 56.15639114379883)",1,4.1591033935546875,1,"(-34.53947448730469, 11.300705909729004, 600.2407836914062)",1,"(0.5122040510177612, 0.4525020122528076)","(7.834885120391846, 170.3895721435547, 55.17973327636719)",1,3.8904266357421875,1,"(33.16078186035156, 13.980774879455566, 600.3937377929688)",1
33863704341,18850574589,"(0.49586021900177, 0.43774837255477905)","(-1.208182692527771, 174.70445251464844, 56.75017547607422)",1,4.1572418212890625,1,"(-34.5326042175293, 11.30115032196045, 599.710205078125)",1,"(0.5090420246124268, 0.44935598969459534)","(6.085310459136963, 171.3096923828125, 55.514564514160156)",1,3.8935546875,1,"(33.13658905029297, 13.970399856567383, 599.8233642578125)",1
33863720899,18850591147,"(0.4964141845703125, 0.43964287638664246)","(-0.9016719460487366, 174.15040588378906, 56.548519134521484)",1,4.157623291015625,1,"(-34.504798889160156, 11.299367904663086, 599.1456298828125)",1,"(0.5095439553260803, 0.44636210799217224)","(6.363008975982666, 172.18528747558594, 55.83327865600586)",1,3.897369384765625,1,"(33.13128662109375, 13.951215744018555, 599.3070678710938)",1
33863737493,18850607741,"(0.4982658624649048, 0.4403191804885864)","(0.122859425842762, 173.95260620117188, 56.47652053833008)",1,4.155120849609375,1,"(-34.48644256591797, 11.294607162475586, 598.8677368164062)",1,"(0.5095648765563965, 0.45015865564346313)","(6.374601364135742, 171.07493591308594, 55.42914962768555)",1,3.894287109375,1,"(33.130794525146484, 13.936097145080566, 599.0125732421875)",1
33863754257,18850624505,"(0.49698877334594727, 0.44195958971977234)","(-0.5837558507919312, 173.4728240966797, 56.30191421508789)",1,4.1591796875,1,"(-34.45448303222656, 11.274985313415527, 598.560546875)",1,"(0.5091647505760193, 0.4508402943611145)","(6.153206825256348, 170.87557983398438, 55.35661697387695)",1,3.897705078125,1,"(33.150413513183594, 13.901236534118652, 598.6867065429688)",1
33863770819,18850641067,"(0.49682557582855225, 0.43955978751182556)","(-0.6740655303001404, 174.17469787597656, 56.557350158691406)",1,4.161865234375,1,"(-34.43398666381836, 11.244803428649902, 598.5328979492188)",1,"(0.5089321732521057, 0.44959965348243713)","(6.0244879722595215, 171.23841857910156, 55.4886474609375)",1,3.90057373046875,1,"(33.1772575378418, 13.867185592651367, 598.6587524414062)",1
33863787459,18850657707,"(0.49784183502197266, 0.44240444898605347)","(-0.11177492141723633, 173.3427276611328, 56.254554748535156)",1,4.1611328125,1,"(-34.43246841430664, 11.2337646484375, 598.6256103515625)",1,"(0.5086594223976135, 0.44858211278915405)","(5.873601913452148, 171.53598022460938, 55.59694290161133)",1,3.9110870361328125,1,"(33.203277587890625, 13.843733787536621, 598.75341796875)",1
33863804172,18850674420,"(0.4974149763584137, 0.43866121768951416)","(-0.3479418456554413, 174.43748474121094, 56.653011322021484)",1,4.163238525390625,1,"(-34.43777847290039, 11.211725234985352, 598.85498046875)",1,"(0.5057396292686462, 0.4503628611564636)","(4.2580976486206055, 171.01519775390625, 55.40739822387695)",1,3.9070587158203125,1,"(33.24088668823242, 13.825770378112793, 598.9896240234375)",1
33863820739,18850690987,"(0.4988315999507904, 0.4395579695701599)","(0.43586936593055725, 174.1752166748047, 56.55756378173828)",1,4.1596527099609375,1,"(-34.44148254394531, 11.19424819946289, 598.9271240234375)",1,"(0.5050354599952698, 0.4499344229698181)","(3.868460178375244, 171.14051818847656, 55.4530029296875)",1,3.906951904296875,1,"(33.2590446472168, 13.799692153930664, 599.0511474609375)",1
33863837328,18850707576,"(0.4924568235874176, 0.4367353618144989)","(-3.0912983417510986, 175.00071716308594, 56.8580322265625)",1,4.155548095703125,1,"(-34.51026153564453, 11.199713706970215, 599.0647583007812)",1,"(0.5019738674163818, 0.44937461614608765)","(2.174509048461914, 171.30422973632812, 55.5125846862793)",1,3.9046478271484375,1,"(33.19757843017578, 13.813000679016113, 599.1692504882812)",1
33863854088,18850724336,"(0.4498675763607025, 0.4177834391593933)","(-26.65595054626465, 180.54345703125, 58.87542724609375)",1,4.137298583984375,1,"(-34.663055419921875, 11.287351608276367, 598.8068237304688)",1,"(0.46200087666511536, 0.4159901738166809)","(-19.942577362060547, 181.06790161132812, 59.06630325317383)",1,3.9051361083984375,1,"(32.88169479370117, 13.920412063598633, 598.8939208984375)",1
33863870654,18850740902,"(0.42584261298179626, 0.3630078434944153)","(-39.94894027709961, 196.56320190429688, 64.70613861083984)",1,4.1339569091796875,1,"(-34.66611099243164, 11.331536293029785, 598.3389892578125)",1,"(0.4319571256637573, 0.36992356181144714)","(-36.56578826904297, 194.54061889648438, 63.96995162963867)",1,3.8935546875,1,"(32.82093048095703, 13.949295997619629, 598.5204467773438)",1
33863887294,18850757542,"(0.4282453954219818, 0.3556381165981293)","(-38.6195068359375, 198.71856689453125, 65.49061584472656)",1,4.1242523193359375,1,"(-34.67289352416992, 11.334961891174316, 598.528564453125)",1,"(0.42904239892959595, 0.3615621030330658)","(-38.178504943847656, 196.98602294921875, 64.86003112792969)",1,3.894317626953125,1,"(32.868778228759766, 13.944604873657227, 598.6927490234375)",1
33863904003,18850774251,"(0.4317741096019745, 0.3688722252845764)","(-36.667022705078125, 194.8480682373047, 64.08187866210938)",1,4.092376708984375,1,"(-34.647274017333984, 11.321715354919434, 598.0936279296875)",1,"(0.4370096027851105, 0.37384864687919617)","(-33.770240783691406, 193.39266967773438, 63.552146911621094)",1,3.8622589111328125,1,"(32.87135696411133, 13.930002212524414, 598.2161865234375)",1
33863920579,18850790827,"(0.43405285477638245, 0.37875688076019287)","(-35.406227111816406, 191.95718383789062, 63.0296516418457)",1,4.0665130615234375,1,"(-34.62162399291992, 11.31656551361084, 597.5390014648438)",1,"(0.4393196403980255, 0.37859389185905457)","(-32.49211120605469, 192.0048828125, 63.047027587890625)",1,3.830902099609375,1,"(32.859012603759766, 13.92414665222168, 597.7113037109375)",1
33863937163,18850807411,"(0.43401485681533813, 0.3776306211948395)","(-35.427268981933594, 192.28660583496094, 63.14956283569336)",1,4.05474853515625,1,"(-34.61420822143555, 11.31806755065918, 597.3106689453125)",1,"(0.44073083996772766, 0.3804294764995575)","(-31.711284637451172, 191.46803283691406, 62.85160446166992)",1,3.8215789794921875,1,"(32.845333099365234, 13.922432899475098, 597.4707641601562)",1
33863953918,18850824166,"(0.4353950619697571, 0.3781289756298065)","(-34.66356658935547, 192.14083862304688, 63.09652328491211)",1,4.0370330810546875,1,"(-34.61863708496094, 11.335220336914062, 597.0638427734375)",1,"(0.44237273931503296, 0.3791584372520447)","(-30.80281639099121, 191.83975219726562, 62.9869384765625)",1,3.8023834228515625,1,"(32.822940826416016, 13.932161331176758, 597.2136840820312)",1
33863970499,18850840747,"(0.43614575266838074, 0.3814358711242676)","(-34.248191833496094, 191.17369079589844, 62.7444953918457)",1,4.029510498046875,1,"(-34.632781982421875, 11.367498397827148, 597.0238647460938)",1,"(0.4399023950099945, 0.38348886370658875)","(-32.169639587402344, 190.57327270507812, 62.525962829589844)",1,3.8070220947265625,1,"(32.82024002075195, 13.951937675476074, 597.1832885742188)",1
33863987129,18850857377,"(0.42855849862098694, 0.3712916374206543)","(-38.446250915527344, 194.14047241210938, 63.82434844970703)",1,4.012542724609375,1,"(-34.674434661865234, 11.480337142944336, 597.2593383789062)",1,"(0.43778857588768005, 0.3832709491252899)","(-33.3392333984375, 190.63702392578125, 62.54916000366211)",1,3.7974395751953125,1,"(32.75421142578125, 14.064693450927734, 597.3969116210938)",1
33864003834,18850874082,"(0.40218403935432434, 0.2832314670085907)","(-53.03924560546875, 219.89474487304688, 73.19807434082031)",1,3.9954986572265625,1,"(-34.713809967041016, 11.844461441040039, 597.5538330078125)",1,"(0.4214039444923401, 0.2959153354167938)","(-42.40487289428711, 216.18521118164062, 71.84796905517578)",1,3.7890167236328125,1,"(32.507137298583984, 14.468682289123535, 597.7357177734375)",1
33864020414,18850890662,"(0.3763169050216675, 0.12724311649799347)","(-67.3515396118164, 265.5154113769531, 89.80261993408203)",1,4.04559326171875,1,"(-34.784915924072266, 12.129660606384277, 598.1203002929688)",1,"(0.39309608936309814, 0.14216548204421997)","(-58.06760787963867, 261.1511535644531, 88.21422576904297)",1,3.8048248291015625,1,"(32.366275787353516, 14.71911334991455, 598.2901000976562)",1
33864037095,18850907343,"(0.373680055141449, 0.09665936231613159)","(-68.81049346923828, 274.4599914550781, 93.05821228027344)",1,4.0597686767578125,1,"(-34.83391571044922, 12.180973052978516, 598.5478515625)",1,"(0.3817806839942932, 0.08953063189983368)","(-64.32843017578125, 276.5448303222656, 93.8170394897461)",1,3.8233642578125,1,"(32.379966735839844, 14.778104782104492, 598.7582397460938)",1
33864053653,18850923901,"(0.38076990842819214, 0.101999431848526)","(-64.88768768310547, 272.898193359375, 92.48978424072266)",1,4.055938720703125,1,"(-34.908233642578125, 12.16828727722168, 599.2203369140625)",1,"(0.3775484263896942, 0.09990350902080536)","(-66.67012786865234, 273.51116943359375, 92.71287536621094)",1,3.8175506591796875,1,"(32.46411895751953, 14.78320026397705, 599.4768676757812)",1
33864070343,18850940591,"(0.3797346353530884, 0.11575883626937866)","(-65.46053314208984, 268.87408447265625, 91.02513885498047)",1,4.049530029296875,1,"(-34.97349548339844, 12.15063190460205, 599.6610717773438)",1,"(0.3812766671180725, 0.11809390783309937)","(-64.60730743408203, 268.19122314453125, 90.77657318115234)",1,3.8012542724609375,1,"(32.48556137084961, 14.777877807617188, 599.87841796875)",1
33864086965,18850957213,"(0.37995463609695435, 0.11801636964082718)","(-65.33879852294922, 268.2138671875, 90.78484344482422)",1,4.0433197021484375,1,"(-35.01392364501953, 12.136969566345215, 599.89306640625)",1,"(0.38269180059432983, 0.12145061790943146)","(-63.824275970458984, 267.2094421386719, 90.41925048828125)",1,3.803436279296875,1,"(32.489418029785156, 14.7679443359375, 600.1060180664062)",1
33864103665,18850973913,"(0.3813212811946869, 0.1212088018655777)","(-64.58261108398438, 267.28021240234375, 90.44503021240234)",1,4.0447998046875,1,"(-35.08504104614258, 12.117636680603027, 600.2385864257812)",1,"(0.38403671979904175, 0.1263727843761444)","(-63.08016586303711, 265.7698974609375, 89.89530944824219)",1,3.789215087890625,1,"(32.48918533325195, 14.761053085327148, 600.470947265625)",1
33864120263,18850990511,"(0.3809022605419159, 0.1238248348236084)","(-64.81446075439453, 266.5151062011719, 90.16651153564453)",1,4.041412353515625,1,"(-35.128990173339844, 12.10556411743164, 600.1842651367188)",1,"(0.38469401001930237, 0.1270451545715332)","(-62.71648406982422, 265.57330322265625, 89.82373809814453)",1,3.7943572998046875,1,"(32.467525482177734, 14.748764991760254, 600.4269409179688)",1
33864136931,18851007179,"(0.38232123851776123, 0.12616701424121857)","(-64.02934265136719, 265.8301086425781, 89.91719818115234)",1,4.0378570556640625,1,"(-35.14860153198242, 12.106300354003906, 600.2223510742188)",1,"(0.3837277591228485, 0.12842537462711334)","(-63.251121520996094, 265.1695861816406, 89.67682647705078)",1,3.7836151123046875,1,"(32.462486267089844, 14.748237609863281, 600.4417114257812)",1
33864153580,18851023828,"(0.3808749318122864, 0.12749186158180237)","(-64.82958984375, 265.442626953125, 89.77619171142578)",1,4.0432281494140625,1,"(-35.16818618774414, 12.113719940185547, 600.4342651367188)",1,"(0.38469651341438293, 0.131842702627182)","(-62.7150993347168, 264.1701965332031, 89.31304931640625)",1,3.7834014892578125,1,"(32.479331970214844, 14.752634048461914, 600.6675415039062)",1
33864170183,18851040431,"(0.3808514475822449, 0.12874595820903778)","(-64.84257507324219, 265.0758361816406, 89.6427230834961)",1,4.0581512451171875,1,"(-35.17544937133789, 12.131107330322266, 600.65771484375)",1,"(0.3853459358215332, 0.12927192449569702)","(-62.35576629638672, 264.9220275878906, 89.58668518066406)",1,3.7899017333984375,1,"(32.504974365234375, 14.761086463928223, 600.8709106445312)",1
33864186800,18851057048,"(0.3805024027824402, 0.12657146155834198)","(-65.03569030761719, 265.7117919921875, 89.87419128417969)",1,4.0616912841796875,1,"(-35.18090057373047, 12.141024589538574, 600.8355712890625)",1,"(0.38462233543395996, 0.12866614758968353)","(-62.75613784790039, 265.0992126464844, 89.65118408203125)",1,3.7934417724609375,1,"(32.52663803100586, 14.771492958068848, 601.0531005859375)",1
33864203491,18851073739,"(0.3803583085536957, 0.12995178997516632)","(-65.11541748046875, 264.7231750488281, 89.51436614990234)",1,4.0675506591796875,1,"(-35.193145751953125, 12.158012390136719, 601.132568359375)",1,"(0.38507065176963806, 0.12765638530254364)","(-62.508079528808594, 265.3945007324219, 89.75869750976562)",1,3.8016510009765625,1,"(32.55173110961914, 14.786846160888672, 601.3726196289062)",1
33864220103,18851090351,"(0.3803267478942871, 0.12900090217590332)","(-65.13289642333984, 265.00128173828125, 89.61558532714844)",1,4.0692138671875,1,"(-35.22648620605469, 12.161056518554688, 601.4418334960938)",1,"(0.3846361041069031, 0.1255187690258026)","(-62.748512268066406, 266.0196838378906, 89.98622131347656)",1,3.8021392822265625,1,"(32.55606460571289, 14.792606353759766, 601.6541137695312)",1
33864236766,18851107014,"(0.38050004839897156, 0.12731799483299255)","(-65.03701782226562, 265.49346923828125, 89.79471588134766)",1,4.0797119140625,1,"(-35.25944900512695, 12.156708717346191, 601.627197265625)",1,"(0.38507080078125, 0.12763194739818573)","(-62.50797653198242, 265.4016418457031, 89.76129150390625)",1,3.803680419921875,1,"(32.5502815246582, 14.791403770446777, 601.8499755859375)",1
33864253406,18851123654,"(0.37684038281440735, 0.12164925038814545)","(-67.06188201904297, 267.1513671875, 90.3980941772461)",1,4.0904693603515625,1,"(-35.299381256103516, 12.090916633605957, 601.83837890625)",1,"(0.38445326685905457, 0.1309792399406433)","(-62.84969711303711, 264.4226989746094, 89.40499877929688)",1,3.8038482666015625,1,"(32.49256134033203, 14.741812705993652, 602.0712890625)",1
33864270023,18851140271,"(0.366603821516037, 0.20900282263755798)","(-72.72578430175781, 241.60379028320312, 81.09952545166016)",1,4.083953857421875,1,"(-35.345130920410156, 11.812904357910156, 602.0054931640625)",1,"(0.37026453018188477, 0.20817570388317108)","(-70.70030212402344, 241.845703125, 81.18756103515625)",1,3.808868408203125,1,"(32.343841552734375, 14.493378639221191, 602.2230834960938)",1
33864286636,18851156884,"(0.3682854175567627, 0.2739573121070862)","(-71.79534149169922, 222.60708618164062, 74.1853256225586)",1,4.072601318359375,1,"(-35.352500915527344, 11.733281135559082, 601.5474243164062)",1,"(0.36807015538215637, 0.2807004749774933)","(-71.91448211669922, 220.63497924804688, 73.46749114990234)",1,3.800140380859375,1,"(32.331298828125, 14.39923095703125, 601.7962646484375)",1
33864303322,18851173570,"(0.3729616403579712, 0.2912154495716095)","(-69.2080078125, 217.55975341796875, 72.34819793701172)",1,4.051849365234375,1,"(-35.360450744628906, 11.709567070007324, 601.0855712890625)",1,"(0.3760111629962921, 0.2975594699382782)","(-67.52070617675781, 215.70436096191406, 71.6729507446289)",1,3.772613525390625,1,"(32.36314392089844, 14.365521430969238, 601.3319702148438)",1
33864319943,18851190191,"(0.37196841835975647, 0.27329525351524353)","(-69.7575454711914, 222.8007049560547, 74.25577545166016)",1,4.06170654296875,1,"(-35.37104797363281, 11.726088523864746, 601.266845703125)",1,"(0.37481021881103516, 0.2776561975479126)","(-68.18518829345703, 221.5253143310547, 73.79161071777344)",1,3.776824951171875,1,"(32.39310836791992, 14.384797096252441, 601.4932861328125)",1
33864336602,18851206850,"(0.3709426820278168, 0.26756346225738525)","(-70.32508850097656, 224.47705078125, 74.86589050292969)",1,4.053436279296875,1,"(-35.36448669433594, 11.732839584350586, 601.2723999023438)",1,"(0.3774869740009308, 0.2715245187282562)","(-66.70413208007812, 223.31857299804688, 74.44430541992188)",1,3.7767791748046875,1,"(32.415035247802734, 14.391410827636719, 601.5017700195312)",1
33864353237,18851223485,"(0.3714722990989685, 0.26463937759399414)","(-70.03206634521484, 225.3321990966797, 75.1772232055664)",1,4.04730224609375,1,"(-35.33785629272461, 11.73853874206543, 601.1350708007812)",1,"(0.37739354372024536, 0.2684757113456726)","(-66.75582885742188, 224.2102508544922, 74.76879119873047)",1,3.7622528076171875,1,"(32.4410285949707, 14.40425968170166, 601.3419189453125)",1
33864369863,18851240111,"(0.37109270691871643, 0.26442191004753113)","(-70.24207305908203, 225.39581298828125, 75.20030212402344)",1,4.047821044921875,1,"(-35.296539306640625, 11.717357635498047, 600.6141357421875)",1,"(0.37529540061950684, 0.270034521818161)","(-67.91670227050781, 223.75433349609375, 74.60286712646484)",1,3.76470947265625,1,"(32.44440841674805, 14.38866901397705, 600.8591918945312)",1
33864386568,18851256816,"(0.37108129262924194, 0.26690953969955444)","(-70.2483901977539, 224.6682891845703, 74.93550872802734)",1,4.0512237548828125,1,"(-35.284244537353516, 11.704903602600098, 600.3897094726562)",1,"(0.3770058751106262, 0.2704249620437622)","(-66.97032928466797, 223.64016723632812, 74.56131744384766)",1,3.7759552001953125,1,"(32.43113327026367, 14.374695777893066, 600.6138916015625)",1
33864403152,18851273400,"(0.3725716769695282, 0.26842835545539856)","(-69.42375946044922, 224.22409057617188, 74.77385711669922)",1,4.0578765869140625,1,"(-35.28596115112305, 11.679564476013184, 600.1015625)",1,"(0.3765505254268646, 0.2694985270500183)","(-67.2222900390625, 223.91110229492188, 74.65992736816406)",1,3.7869415283203125,1,"(32.40810012817383, 14.355485916137695, 600.3103637695312)",1
33864419783,18851290031,"(0.37142693996429443, 0.2717262804508209)","(-70.05713653564453, 223.2595672607422, 74.42279052734375)",1,4.061126708984375,1,"(-35.298309326171875, 11.663446426391602, 599.85400390625)",1,"(0.3784638047218323, 0.27386969327926636)","(-66.16365051269531, 222.6326904296875, 74.19466400146484)",1,3.7922515869140625,1,"(32.35702133178711, 14.34634780883789, 600.089599609375)",1
33864436437,18851306685,"(0.3722808361053467, 0.27052682638168335)","(-69.5846939086914, 223.6103973388672, 74.55047607421875)",1,4.0667877197265625,1,"(-35.305213928222656, 11.65156078338623, 599.7033081054688)",1,"(0.37956199049949646, 0.27159231901168823)","(-65.55604553222656, 223.29876708984375, 74.43707275390625)",1,3.7929840087890625,1,"(32.33981704711914, 14.341681480407715, 599.9346313476562)",1
33864453068,18851323316,"(0.372778058052063, 0.27097487449645996)","(-69.30957794189453, 223.47933959960938, 74.50277709960938)",1,4.0762786865234375,1,"(-35.306095123291016, 11.641687393188477, 599.5798950195312)",1,"(0.3780599534511566, 0.27411457896232605)","(-66.3871078491211, 222.5610809326172, 74.1685791015625)",1,3.80487060546875,1,"(32.32986068725586, 14.349442481994629, 599.8063354492188)",1
33864469703,18851339951,"(0.372497022151947, 0.2761251926422119)","(-69.46508026123047, 221.97303771972656, 73.95455169677734)",1,4.0868682861328125,1,"(-35.27654266357422, 11.672621726989746, 599.4669799804688)",1,"(0.377297043800354, 0.2757999002933502)","(-66.80918884277344, 222.06817626953125, 73.9891357421875)",1,3.8148040771484375,1,"(32.3474235534668, 14.378609657287598, 599.7037963867188)",1
33864486404,18851356652,"(0.37398725748062134, 0.2565390467643738)","(-68.64051818847656, 227.70126342773438, 76.03944396972656)",1,4.091156005859375,1,"(-35.201847076416016, 11.776202201843262, 599.349365234375)",1,"(0.38091492652893066, 0.26840704679489136)","(-64.80742645263672, 224.2303009033203, 74.77611541748047)",1,3.8320465087890625,1,"(32.34934997558594, 14.481926918029785, 599.5795288085938)",1
33864503080,18851373328,"(0.37583985924720764, 0.1736823469400406)","(-67.61549377441406, 251.9336700439453, 84.85933685302734)",1,4.1020660400390625,1,"(-35.04003143310547, 12.024739265441895, 599.2434692382812)",1,"(0.3923606872558594, 0.1798841953277588)","(-58.474517822265625, 250.119873046875, 84.19917297363281)",1,3.853790283203125,1,"(32.327552795410156, 14.723146438598633, 599.468505859375)",1
33864519623,18851389871,"(0.3773621618747711, 0.12145107239484787)","(-66.77320098876953, 267.2093505859375, 90.41918182373047)",1,4.1570587158203125,1,"(-34.982364654541016, 12.119315147399902, 599.2279663085938)",1,"(0.3878002464771271, 0.11300963163375854)","(-60.99782180786133, 269.6781311035156, 91.31778717041016)",1,3.887725830078125,1,"(32.37678146362305, 14.790716171264648, 599.4442749023438)",1
33864536272,18851406520,"(0.37950193881988525, 0.12473998218774796)","(-65.58927154541016, 266.2474670410156, 90.069091796875)",1,4.168304443359375,1,"(-34.97314453125, 12.11562442779541, 599.2615356445312)",1,"(0.3833509087562561, 0.11360473185777664)","(-63.45964050292969, 269.50408935546875, 91.25445556640625)",1,3.900909423828125,1,"(32.43450164794922, 14.789921760559082, 599.4760131835938)",1
33864552899,18851423147,"(0.38151276111602783, 0.13222412765026093)","(-64.47667694091797, 264.05865478515625, 89.27244567871094)",1,4.1670074462890625,1,"(-34.96897888183594, 12.11263656616211, 599.5428466796875)",1,"(0.3829822838306427, 0.1300722062587738)","(-63.6635856628418, 264.68798828125, 89.50151824951172)",1,3.888946533203125,1,"(32.51205825805664, 14.778059959411621, 599.7822875976562)",1
33864569543,18851439791,"(0.3794092833995819, 0.12974293529987335)","(-65.64051055908203, 264.7843017578125, 89.53655242919922)",1,4.1870880126953125,1,"(-34.96125030517578, 12.101588249206543, 600.0078735351562)",1,"(0.3838319480419159, 0.134903222322464)","(-63.193485260009766, 263.2751159667969, 88.98729705810547)",1,3.8964996337890625,1,"(32.592411041259766, 14.752214431762695, 600.2041625976562)",1
33864586142,18851456390,"(0.38041597604751587, 0.1342817097902298)","(-65.0835189819336, 263.4568786621094, 89.05341339111328)",1,4.188079833984375,1,"(-34.95947265625, 12.088257789611816, 600.2714233398438)",1,"(0.3821589946746826, 0.13419361412525177)","(-64.11908721923828, 263.48260498046875, 89.06281280517578)",1,3.896697998046875,1,"(32.64646530151367, 14.732799530029297, 600.470947265625)",1
33864602814,18851473062,"(0.379517525434494, 0.13341836631298065)","(-65.58060455322266, 263.7093505859375, 89.1452865600586)",1,4.194488525390625,1,"(-34.934600830078125, 12.074234962463379, 600.6644897460938)",1,"(0.3828275501728058, 0.13566426932811737)","(-63.74918746948242, 263.052490234375, 88.90625)",1,3.8950653076171875,1,"(32.724761962890625, 14.700980186462402, 600.8817749023438)",1
33864619463,18851489711,"(0.3768599331378937, 0.12522204220294952)","(-67.05107879638672, 266.1064758300781, 90.01779174804688)",1,4.20166015625,1,"(-34.88100051879883, 12.063665390014648, 601.07080078125)",1,"(0.3843159079551697, 0.13534684479236603)","(-62.92567443847656, 263.1453552246094, 88.94003295898438)",1,3.911773681640625,1,"(32.812320709228516, 14.681714057922363, 601.2427368164062)",1
33864636108,18851506356,"(0.37784624099731445, 0.12751345336437225)","(-66.50537109375, 265.436279296875, 89.7739028930664)",1,4.214691162109375,1,"(-34.85202407836914, 12.054622650146484, 601.221923828125)",1,"(0.38375985622406006, 0.13436131179332733)","(-63.23337173461914, 263.43359375, 89.04495239257812)",1,3.916015625,1,"(32.87636947631836, 14.669357299804688, 601.3932495117188)",1
33864652729,18851522977,"(0.37947648763656616, 0.1322380155324936)","(-65.60331726074219, 264.0545654296875, 89.27099609375)",1,4.2193756103515625,1,"(-34.80879211425781, 12.050965309143066, 601.4011840820312)",1,"(0.3800453543663025, 0.13206854462623596)","(-65.2885971069336, 264.1041564941406, 89.28903198242188)",1,3.9162750244140625,1,"(32.97495651245117, 14.648560523986816, 601.5963134765625)",1
33864669383,18851539631,"(0.3774801194667816, 0.12743575870990753)","(-66.70793914794922, 265.4590759277344, 89.78214263916016)",1,4.227691650390625,1,"(-34.7741584777832, 12.029268264770508, 601.9439086914062)",1,"(0.3814414143562317, 0.1363392323255539)","(-64.51612091064453, 262.8551330566406, 88.83440399169922)",1,3.926361083984375,1,"(33.05154800415039, 14.642918586730957, 602.0897827148438)",1
33864685977,18851556225,"(0.377854585647583, 0.13109391927719116)","(-66.500732421875, 264.3891906738281, 89.39274597167969)",1,4.227935791015625,1,"(-34.763118743896484, 12.01517391204834, 602.0383911132812)",1,"(0.38310882449150085, 0.13298484683036804)","(-63.59355545043945, 263.83612060546875, 89.19149017333984)",1,3.9242401123046875,1,"(33.07667541503906, 14.630587577819824, 602.22216796875)",1
33864702645,18851572893,"(0.3778967261314392, 0.13184092938899994)","(-66.47740173339844, 264.1706848144531, 89.3132553100586)",1,4.25408935546875,1,"(-34.7680549621582, 11.863526344299316, 601.8384399414062)",1,"(0.37846702337265015, 0.15100997686386108)","(-66.16187286376953, 258.5644836425781, 87.27275848388672)",1,3.9404296875,1,"(32.98551559448242, 14.520086288452148, 602.0363159179688)",1
33864719303,18851589551,"(0.3501026928424835, 0.26188549399375916)","(-81.85585021972656, 226.13763427734375, 75.47028350830078)",1,4.25274658203125,1,"(-34.90347671508789, 11.520768165588379, 602.299072265625)",1,"(0.3457919955253601, 0.24784263968467712)","(-84.24098205566406, 230.24461364746094, 76.96517944335938)",1,3.9532012939453125,1,"(32.776885986328125, 14.202081680297852, 602.45556640625)",1
33864735943,18851606191,"(0.34281423687934875, 0.3330272436141968)","(-85.88858795166016, 205.33139038085938, 67.8974380493164)",1,4.2414093017578125,1,"(-34.862815856933594, 11.422601699829102, 601.4425048828125)",1,"(0.34017711877822876, 0.33078300952911377)","(-87.34767150878906, 205.98773193359375, 68.13638305664062)",1,3.947357177734375,1,"(32.72899627685547, 14.0697603225708, 601.6384887695312)",1
33864752657,18851622905,"(0.351296991109848, 0.36760351061820984)","(-81.19508361816406, 195.2191619873047, 64.21692657470703)",1,4.21478271484375,1,"(-34.850120544433594, 11.405207633972168, 600.4595947265625)",1,"(0.35761794447898865, 0.3756726384162903)","(-77.6976547241211, 192.85923767089844, 63.357975006103516)",1,3.91961669921875,1,"(32.736846923828125, 14.0382719039917, 600.650390625)",1
33864769219,18851639467,"(0.3501497507095337, 0.3530202805995941)","(-81.829833984375, 199.4842071533203, 65.76924896240234)",1,4.209381103515625,1,"(-34.88336181640625, 11.45574951171875, 600.6837768554688)",1,"(0.355333536863327, 0.3582321107387543)","(-78.96163940429688, 197.95993041992188, 65.21444702148438)",1,3.9204254150390625,1,"(32.75900650024414, 14.090672492980957, 600.8549194335938)",1
