device_time_stamp,system_time_stamp,left_gaze_point_on_display_area,left_gaze_point_in_user_coordinate_system,left_gaze_point_validity,left_pupil_diameter,left_pupil_validity,left_gaze_origin_in_user_coordinate_system,left_gaze_origin_validity,right_gaze_point_on_display_area,right_gaze_point_in_user_coordinate_system,right_gaze_point_validity,right_pupil_diameter,right_pupil_validity,right_gaze_origin_in_user_coordinate_system,right_gaze_origin_validity
2011070196,1970910650,"(0.6990548968315125, 0.32546114921569824)","(111.21945190429688, 207.54415893554688, 68.70289611816406)",1,3.0008697509765625,1,"(-94.12889862060547, -66.19835662841797, 709.6723022460938)",1,"(0.708885133266449, 0.33520686626434326)","(116.65855407714844, 204.69393920898438, 67.66546630859375)",1,3.325836181640625,1,"(-32.27185821533203, -64.3394546508789, 715.06201171875)",1
2011086478,1970926932,"(0.6875270009040833, 0.32676586508750916)","(104.84105682373047, 207.16258239746094, 68.56401824951172)",1,3.00518798828125,1,"(-94.19058990478516, -66.19233703613281, 709.663330078125)",1,"(0.7010672092437744, 0.3263784646987915)","(112.3328628540039, 207.27590942382812, 68.60520935058594)",1,3.3267822265625,1,"(-32.37043380737305, -64.31442260742188, 715.0528564453125)",1
2011103388,1970943842,"(0.5717771649360657, 0.32643115520477295)","(40.796661376953125, 207.260498046875, 68.5995864868164)",1,3.036865234375,1,"(-94.54265594482422, -66.05659484863281, 709.0570068359375)",1,"(0.5917487144470215, 0.28753238916397095)","(51.846927642822266, 218.63690185546875, 72.74027252197266)",1,3.3218231201171875,1,"(-32.807373046875, -64.12905883789062, 714.3762817382812)",1
2011120116,1970960570,"(0.4513757526874542, 0.34209075570106506)","(-25.821434020996094, 202.68063354492188, 66.93272399902344)",1,3.0113372802734375,1,"(-94.98804473876953, -65.96793365478516, 708.0261840820312)",1,"(0.4681316018104553, 0.271414190530777)","(-16.550451278686523, 223.35084533691406, 74.45603942871094)",1,3.2974700927734375,1,"(-33.36307144165039, -63.98929977416992, 713.4329833984375)",1
2011136444,1970976898,"(0.4344014525413513, 0.341083288192749)","(-35.213348388671875, 202.97528076171875, 67.03997039794922)",1,2.99676513671875,1,"(-95.07818603515625, -65.95611572265625, 707.8018798828125)",1,"(0.44373512268066406, 0.2808647155761719)","(-30.049015045166016, 220.5869140625, 73.4500503540039)",1,3.299835205078125,1,"(-33.523380279541016, -63.966983795166016, 713.1564331054688)",1
2011153304,1970993758,"(0.43321290612220764, 0.32814207673072815)","(-35.87096405029297, 206.76010131835938, 68.41752624511719)",1,3.0186004638671875,1,"(-95.17291259765625, -65.99039459228516, 708.070068359375)",1,"(0.44807910919189453, 0.2753545343875885)","(-27.6455020904541, 222.1984405517578, 74.03656768798828)",1,3.2992095947265625,1,"(-33.530269622802734, -63.99424743652344, 713.4165649414062)",1
2011170036,1971010490,"(0.43980205059051514, 0.3359358310699463)","(-32.225189208984375, 204.48074340820312, 67.587890625)",1,3.0203399658203125,1,"(-95.25499725341797, -66.0228042602539, 708.3106079101562)",1,"(0.4430675506591797, 0.27921974658966064)","(-30.418378829956055, 221.06800842285156, 73.62515258789062)",1,3.2807159423828125,1,"(-33.551509857177734, -64.03878021240234, 713.7755737304688)",1
2011186312,1971026766,"(0.4397079348564148, 0.3324156105518341)","(-32.27724075317383, 205.51023864746094, 67.96260833740234)",1,2.9973907470703125,1,"(-95.26964569091797, -66.0149917602539, 708.2650756835938)",1,"(0.4443700909614563, 0.2812676727771759)","(-29.69770050048828, 220.46908569335938, 73.40715789794922)",1,3.28668212890625,1,"(-33.551876068115234, -64.03357696533203, 713.7152099609375)",1
2011203316,1971043770,"(0.43898576498031616, 0.33093100786209106)","(-32.67684555053711, 205.94444274902344, 68.1206283569336)",1,3.00714111328125,1,"(-95.30140686035156, -65.9955825805664, 708.2607421875)",1,"(0.4444367587566376, 0.2772747576236725)","(-29.660825729370117, 221.63687133789062, 73.83220672607422)",1,3.2868804931640625,1,"(-33.554325103759766, -64.0374526977539, 713.7120971679688)",1
2011219956,1971060410,"(0.4380946159362793, 0.33331647515296936)","(-33.1699104309082, 205.2467803955078, 67.86670684814453)",1,3.0050201416015625,1,"(-95.3299331665039, -65.97779846191406, 708.1915283203125)",1,"(0.4426678419113159, 0.2825270891189575)","(-30.639549255371094, 220.1007537841797, 73.2730941772461)",1,3.2900543212890625,1,"(-33.56919479370117, -64.03077697753906, 713.66064453125)",1
2011236278,1971076732,"(0.4366008937358856, 0.33070895075798035)","(-33.99637222290039, 206.0093994140625, 68.14424133300781)",1,3.0003509521484375,1,"(-95.34315490722656, -65.98705291748047, 708.173583984375)",1,"(0.44331473112106323, 0.2743888199329376)","(-30.281641006469727, 222.4808807373047, 74.13938903808594)",1,3.27459716796875,1,"(-33.58611297607422, -64.04388427734375, 713.6375732421875)",1
2011253232,1971093686,"(0.4392909109592438, 0.331744521856308)","(-32.50802230834961, 205.70655822753906, 68.03394317626953)",1,3.009674072265625,1,"(-95.38871765136719, -66.02787780761719, 708.1857299804688)",1,"(0.44284898042678833, 0.27475202083587646)","(-30.53931999206543, 222.37466430664062, 74.10066223144531)",1,3.2772216796875,1,"(-33.62446975708008, -64.06620025634766, 713.65625)",1
2011269876,1971110330,"(0.4386787712574005, 0.3265482187271118)","(-32.84671401977539, 207.2262725830078, 68.58715057373047)",1,3.0008087158203125,1,"(-95.4397964477539, -66.06655883789062, 708.09033203125)",1,"(0.4431780278682709, 0.27402669191360474)","(-30.357254028320312, 222.5867919921875, 74.17790222167969)",1,3.2822113037109375,1,"(-33.670101165771484, -64.09415435791016, 713.57275390625)",1
2011286148,1971126602,"(0.43793785572052, 0.3283889889717102)","(-33.25663375854492, 206.68789672851562, 68.39120483398438)",1,3.005035400390625,1,"(-95.47647857666016, -66.08114624023438, 708.0657958984375)",1,"(0.4441808760166168, 0.268180787563324)","(-29.802377700805664, 224.29647827148438, 74.80021667480469)",1,3.2827301025390625,1,"(-33.707801818847656, -64.12689971923828, 713.5442504882812)",1
2011303051,1971143505,"(0.43898245692253113, 0.328342080116272)","(-32.67866897583008, 206.70159912109375, 68.39623260498047)",1,3.01019287109375,1,"(-95.55951690673828, -66.137939453125, 708.1187744140625)",1,"(0.4413643181324005, 0.2572195827960968)","(-31.360788345336914, 227.5022430419922, 75.96701049804688)",1,3.2807769775390625,1,"(-33.77049255371094, -64.18180847167969, 713.5784301757812)",1
2011319796,1971160250,"(0.4389057457447052, 0.3367540240287781)","(-32.72111129760742, 204.241455078125, 67.50071716308594)",1,3.0145721435546875,1,"(-95.60304260253906, -66.18213653564453, 707.8994750976562)",1,"(0.4407839775085449, 0.2657215893268585)","(-31.68189811706543, 225.01571655273438, 75.06197357177734)",1,3.2795867919921875,1,"(-33.82275390625, -64.20602416992188, 713.3901977539062)",1
2011336114,1971176568,"(0.4388660192489624, 0.3426229655742645)","(-32.74306869506836, 202.52499389648438, 66.87598419189453)",1,3.004852294921875,1,"(-95.59673309326172, -66.22781372070312, 707.8251342773438)",1,"(0.446306973695755, 0.29236891865730286)","(-28.626005172729492, 217.222412109375, 72.22541809082031)",1,3.2851409912109375,1,"(-33.85662078857422, -64.2402572631836, 713.2886962890625)",1
2011353063,1971193517,"(0.44549649953842163, 0.3620813488960266)","(-29.074424743652344, 196.83416748046875, 64.80470275878906)",1,3.00909423828125,1,"(-95.63574981689453, -66.30375671386719, 707.9642944335938)",1,"(0.4522073566913605, 0.3028548061847687)","(-25.361351013183594, 214.1556854248047, 71.10920715332031)",1,3.2841033935546875,1,"(-33.901668548583984, -64.30673217773438, 713.4400024414062)",1
2011369716,1971210170,"(0.4497981369495392, 0.36108359694480896)","(-26.694345474243164, 197.1259765625, 64.91092681884766)",1,3.0164337158203125,1,"(-95.7419204711914, -66.3485336303711, 708.2476806640625)",1,"(0.4536648690700531, 0.30201882123947144)","(-24.554882049560547, 214.40017700195312, 71.19824981689453)",1,3.2899017333984375,1,"(-33.95011901855469, -64.35966491699219, 713.7182006835938)",1
2011385984,1971226438,"(0.45027339458465576, 0.3616357743740082)","(-26.4313907623291, 196.96449279785156, 64.85218048095703)",1,3.016204833984375,1,"(-95.74432373046875, -66.33656311035156, 708.12744140625)",1,"(0.4555087983608246, 0.29843002557754517)","(-23.534626007080078, 215.44972229003906, 71.58027648925781)",1,3.28302001953125,1,"(-33.96086883544922, -64.33848571777344, 713.5592651367188)",1
2011402977,1971243431,"(0.4506222903728485, 0.35941675305366516)","(-26.23834228515625, 197.61346435546875, 65.08837127685547)",1,3.02117919921875,1,"(-95.71978759765625, -66.3055191040039, 707.7828979492188)",1,"(0.45205533504486084, 0.299882173538208)","(-25.445436477661133, 215.0250244140625, 71.42567443847656)",1,3.27630615234375,1,"(-33.95999526977539, -64.29876708984375, 713.2424926757812)",1
2011419636,1971260090,"(0.4505379796028137, 0.3613780438899994)","(-26.28501319885254, 197.03985595703125, 64.87965393066406)",1,3.03045654296875,1,"(-95.68814086914062, -66.27525329589844, 707.4865112304688)",1,"(0.45001208782196045, 0.3075163960456848)","(-26.575960159301758, 212.79234313964844, 70.613037109375)",1,3.2985382080078125,1,"(-33.95756530761719, -64.27005004882812, 712.9857788085938)",1
2011435950,1971276404,"(0.45059844851493835, 0.3594268560409546)","(-26.251537322998047, 197.61048889160156, 65.08734130859375)",1,3.0324859619140625,1,"(-95.6789321899414, -66.26527404785156, 707.3901977539062)",1,"(0.4537825584411621, 0.30819910764694214)","(-24.48977279663086, 212.5926971435547, 70.54034423828125)",1,3.30902099609375,1,"(-33.962158203125, -64.254150390625, 712.8533325195312)",1
2011452893,1971293347,"(0.4500799775123596, 0.36281469464302063)","(-26.53842544555664, 196.6197052001953, 64.72669219970703)",1,3.047393798828125,1,"(-95.67047119140625, -66.26191711425781, 707.2353515625)",1,"(0.45271652936935425, 0.30555129051208496)","(-25.079605102539062, 213.36705017089844, 70.82225036621094)",1,3.3131866455078125,1,"(-33.96942901611328, -64.26251220703125, 712.719970703125)",1
2011469556,1971310010,"(0.4965861141681671, 0.41864413022994995)","(-0.8065616488456726, 180.29171752929688, 58.78377151489258)",1,3.03564453125,1,"(-95.45662689208984, -66.4463882446289, 707.3645629882812)",1,"(0.49409517645835876, 0.3709322512149811)","(-2.18479323387146, 194.24562072753906, 63.86259460449219)",1,3.3295440673828125,1,"(-33.895347595214844, -64.44303894042969, 712.7847290039062)",1
2011485819,1971326273,"(0.5400176048278809, 0.48857423663139343)","(23.224092483520508, 159.83982849121094, 51.33992385864258)",1,3.0714111328125,1,"(-95.26640319824219, -66.59387969970703, 707.3102416992188)",1,"(0.5552226901054382, 0.47752630710601807)","(31.637102127075195, 163.07093811035156, 52.51591110229492)",1,3.335540771484375,1,"(-33.755767822265625, -64.63446044921875, 712.6859741210938)",1
2011502809,1971343263,"(0.5580950379371643, 0.5485499501228333)","(33.22635269165039, 142.29920959472656, 44.955650329589844)",1,3.1007537841796875,1,"(-95.0190200805664, -66.71296691894531, 706.6793212890625)",1,"(0.5717802047729492, 0.5073988437652588)","(40.798343658447266, 154.33432006835938, 49.336055755615234)",1,3.331787109375,1,"(-33.60530090332031, -64.74005126953125, 712.156494140625)",1
2011519476,1971359930,"(0.5643765926361084, 0.5565904378890991)","(36.70191955566406, 139.9476776123047, 44.09974670410156)",1,3.1058349609375,1,"(-95.20406341552734, -66.80826568603516, 707.4450073242188)",1,"(0.5808295607566833, 0.5164034366607666)","(45.80540466308594, 151.7008514404297, 48.37755584716797)",1,3.3401336669921875,1,"(-33.626407623291016, -64.8249740600586, 712.8605346679688)",1
2011535785,1971376239,"(0.5689838528633118, 0.5643044710159302)","(39.25111770629883, 137.69163513183594, 43.27861404418945)",1,3.1022796630859375,1,"(-95.21528625488281, -66.82396697998047, 707.4146118164062)",1,"(0.5819315314292908, 0.5288723111152649)","(46.41508102416992, 148.05418395996094, 47.05025863647461)",1,3.3473968505859375,1,"(-33.62937545776367, -64.83425903320312, 712.8245849609375)",1
2011552821,1971393275,"(0.5640305280685425, 0.5556028485298157)","(36.51046371459961, 140.2365264892578, 44.20488739013672)",1,3.09893798828125,1,"(-95.22472381591797, -66.84241485595703, 707.2461547851562)",1,"(0.5809398293495178, 0.5259485244750977)","(45.86637878417969, 148.90928649902344, 47.36148452758789)",1,3.357696533203125,1,"(-33.62020492553711, -64.83601379394531, 712.69189453125)",1
2011569396,1971409850,"(0.5662496089935303, 0.5592837333679199)","(37.73826217651367, 139.16000366210938, 43.81305694580078)",1,3.1375885009765625,1,"(-95.25859832763672, -66.88679504394531, 707.2950439453125)",1,"(0.5825400352478027, 0.5250229835510254)","(46.75181579589844, 149.1799774169922, 47.459999084472656)",1,3.36517333984375,1,"(-33.63182830810547, -64.85318756103516, 712.7399291992188)",1
2011585655,1971426109,"(0.5650646686553955, 0.5621272325515747)","(37.0826530456543, 138.32838439941406, 43.510353088378906)",1,3.148284912109375,1,"(-95.26838684082031, -66.90692901611328, 707.3231811523438)",1,"(0.5801751017570496, 0.5290011167526245)","(45.44325256347656, 148.01651000976562, 47.03654861450195)",1,3.3817291259765625,1,"(-33.64101791381836, -64.86415100097656, 712.7770385742188)",1
2011602736,1971443190,"(0.5626617670059204, 0.5529660582542419)","(35.75309753417969, 141.00767517089844, 44.485538482666016)",1,3.1428375244140625,1,"(-95.28971862792969, -66.9286880493164, 707.347412109375)",1,"(0.578989565372467, 0.530450701713562)","(44.78731918334961, 147.5925750732422, 46.88228988647461)",1,3.40435791015625,1,"(-33.65732955932617, -64.86860656738281, 712.8004760742188)",1
2011619316,1971459770,"(0.5653109550476074, 0.5557236075401306)","(37.21893310546875, 140.20118713378906, 44.192039489746094)",1,3.1509246826171875,1,"(-95.32218170166016, -66.918701171875, 707.29833984375)",1,"(0.5819934010505676, 0.533080518245697)","(46.44926071166992, 146.8234405517578, 46.60232925415039)",1,3.4073638916015625,1,"(-33.68283462524414, -64.86195373535156, 712.7615966796875)",1
2011635621,1971476075,"(0.5675057768821716, 0.5604684352874756)","(38.43329620361328, 138.8135223388672, 43.686988830566406)",1,3.1613006591796875,1,"(-95.32874298095703, -66.91040802001953, 707.18212890625)",1,"(0.5821948051452637, 0.531951367855072)","(46.560707092285156, 147.1536865234375, 46.722503662109375)",1,3.404266357421875,1,"(-33.68925476074219, -64.84963989257812, 712.6071166992188)",1
2011652652,1971493106,"(0.5686852335929871, 0.5393739342689514)","(39.08586883544922, 144.98284912109375, 45.93245315551758)",1,3.1213836669921875,1,"(-95.32275390625, -66.88900756835938, 706.8757934570312)",1,"(0.5818814039230347, 0.5362483859062195)","(46.387325286865234, 145.89695739746094, 46.265098571777344)",1,3.4251556396484375,1,"(-33.69638442993164, -64.8313217163086, 712.315673828125)",1
2011669236,1971509690,"(0.5717697739601135, 0.5559512376785278)","(40.79256057739258, 140.13462829589844, 44.16781234741211)",1,3.1760101318359375,1,"(-95.29875946044922, -66.86056518554688, 706.4602661132812)",1,"(0.5811415910720825, 0.537102222442627)","(45.97801208496094, 145.64723205566406, 46.17424392700195)",1,3.436126708984375,1,"(-33.69877624511719, -64.80398559570312, 711.9356689453125)",1
2011685490,1971525944,"(0.5686236023902893, 0.558364748954773)","(39.05179214477539, 139.42877197265625, 43.91090774536133)",1,3.1807861328125,1,"(-95.2803726196289, -66.84355926513672, 706.2567749023438)",1,"(0.5792526602745056, 0.5337852835655212)","(44.932865142822266, 146.61732482910156, 46.52732467651367)",1,3.43609619140625,1,"(-33.69619369506836, -64.78268432617188, 711.662353515625)",1
2011702566,1971543020,"(0.5687358379364014, 0.5570570826530457)","(39.1138801574707, 139.8112335205078, 44.05009460449219)",1,3.1781158447265625,1,"(-95.27202606201172, -66.81745910644531, 705.9535522460938)",1,"(0.5749525427818298, 0.5345239043235779)","(42.55363464355469, 146.4013214111328, 46.44871139526367)",1,3.4356231689453125,1,"(-33.70222473144531, -64.75867462158203, 711.4002685546875)",1
2011719156,1971559610,"(0.5677536129951477, 0.5521349310874939)","(38.57041931152344, 141.25076293945312, 44.57402420043945)",1,3.167205810546875,1,"(-95.28514862060547, -66.81122589111328, 705.898681640625)",1,"(0.5746087431907654, 0.5280181765556335)","(42.36336135864258, 148.30398559570312, 47.14118576049805)",1,3.4308624267578125,1,"(-33.715885162353516, -64.75117492675781, 711.330810546875)",1
2011735455,1971575910,"(0.5662936568260193, 0.5640608072280884)","(37.76262664794922, 137.7628631591797, 43.30455017089844)",1,3.201324462890625,1,"(-95.30206298828125, -66.81704711914062, 705.9756469726562)",1,"(0.5758742094039917, 0.5230764150619507)","(43.06357955932617, 149.749267578125, 47.6672248840332)",1,3.4314117431640625,1,"(-33.747032165527344, -64.7607650756836, 711.4339599609375)",1
2011752482,1971592937,"(0.5679552555084229, 0.5646771788597107)","(38.68198776245117, 137.58262634277344, 43.23891067504883)",1,3.2034149169921875,1,"(-95.375732421875, -66.84268951416016, 706.1878051757812)",1,"(0.5781529545783997, 0.5244665741920471)","(44.32441329956055, 149.34271240234375, 47.51930236816406)",1,3.4423828125,1,"(-33.80228042602539, -64.77790069580078, 711.6480102539062)",1
2011769076,1971609531,"(0.5649726390838623, 0.5605549812316895)","(37.03171157836914, 138.78819274902344, 43.677730560302734)",1,3.2001190185546875,1,"(-95.4858627319336, -66.90495300292969, 706.6426391601562)",1,"(0.5787226557731628, 0.5319080352783203)","(44.63957595825195, 147.16632080078125, 46.72713851928711)",1,3.4758148193359375,1,"(-33.8914909362793, -64.81330871582031, 712.0796508789062)",1
2011785421,1971625876,"(0.5676674246788025, 0.5617895722389221)","(38.52274703979492, 138.42715454101562, 43.54631805419922)",1,3.1916961669921875,1,"(-95.53795623779297, -66.91787719726562, 706.7210693359375)",1,"(0.578285813331604, 0.5343422889709473)","(44.397884368896484, 146.4544219970703, 46.4680061340332)",1,3.501739501953125,1,"(-33.9287223815918, -64.8232192993164, 712.1871337890625)",1
2011802398,1971642853,"(0.568665087223053, 0.5707582831382751)","(39.07475662231445, 135.8041534423828, 42.591609954833984)",1,3.214141845703125,1,"(-95.58643341064453, -66.91204833984375, 706.5902099609375)",1,"(0.5730026364326477, 0.5276033282279968)","(41.47469711303711, 148.42530822753906, 47.18540573120117)",1,3.4867095947265625,1,"(-33.97931671142578, -64.8035659790039, 712.0541381835938)",1
2011818996,1971659451,"(0.5618681907653809, 0.5693708658218384)","(35.31401062011719, 136.2099151611328, 42.73931884765625)",1,3.220245361328125,1,"(-95.61946868896484, -66.88592529296875, 706.36279296875)",1,"(0.5760480165481567, 0.5268678665161133)","(43.159767150878906, 148.64039611816406, 47.26365661621094)",1,3.48541259765625,1,"(-34.05060577392578, -64.77244567871094, 711.8367309570312)",1
2011835291,1971675746,"(0.564815878868103, 0.5684759616851807)","(36.94498062133789, 136.4716033935547, 42.83458709716797)",1,3.2136077880859375,1,"(-95.6684799194336, -66.90189361572266, 706.4353637695312)",1,"(0.5778453350067139, 0.5364363193511963)","(44.154239654541016, 145.8419647216797, 46.245121002197266)",1,3.4927215576171875,1,"(-34.10618591308594, -64.78126525878906, 711.9373779296875)",1
2011852313,1971692768,"(0.5807317495346069, 0.670750081539154)","(45.7512321472168, 106.56035614013672, 31.947751998901367)",1,3.2250213623046875,1,"(-95.64961242675781, -67.16026306152344, 706.647216796875)",1,"(0.5835118293762207, 0.6536679267883301)","(47.28943634033203, 111.5562744140625, 33.7661018371582)",1,3.5164031982421875,1,"(-34.2165641784668, -65.03401184082031, 712.0637817382812)",1
2011868916,1971709371,"(0.593155562877655, 0.8920184969902039)","(52.6253662109375, 41.84781265258789, 8.394286155700684)",1,3.19561767578125,1,"(-95.5286636352539, -67.5248031616211, 706.0670166015625)",1,"(0.5968679785728455, 0.8695168495178223)","(54.679439544677734, 48.42864990234375, 10.789514541625977)",1,3.521240234375,1,"(-34.31867980957031, -65.38968658447266, 711.5326538085938)",1
2011885257,1971725712,"(0.5860537886619568, 0.9282053709030151)","(48.6959114074707, 31.2645263671875, 4.5422892570495605)",1,3.21417236328125,1,"(-95.55879211425781, -67.57823944091797, 706.0442504882812)",1,"(0.5997157096862793, 0.9036222100257874)","(56.255088806152344, 38.45412826538086, 7.15909481048584)",1,3.500762939453125,1,"(-34.32413864135742, -65.45635986328125, 711.5011596679688)",1
2011902325,1971742780,"(0.5770346522331238, 0.9250401854515076)","(43.70566940307617, 32.19021987915039, 4.879248142242432)",1,3.2234649658203125,1,"(-95.658935546875, -67.56652069091797, 705.7737426757812)",1,"(0.5997603535652161, 0.8931816220283508)","(56.2797737121582, 41.50762939453125, 8.27051067352295)",1,3.50762939453125,1,"(-34.29745101928711, -65.42633056640625, 711.239013671875)",1
2011918836,1971759291,"(0.5843492746353149, 0.9254871606826782)","(47.752811431884766, 32.05949020385742, 4.83168888092041)",1,3.1792449951171875,1,"(-95.71797943115234, -67.58185577392578, 705.52392578125)",1,"(0.6012243628501892, 0.9106112122535706)","(57.089813232421875, 36.410118103027344, 6.4151930809021)",1,3.48712158203125,1,"(-34.33584213256836, -65.42181396484375, 710.9971923828125)",1
2011935127,1971775582,"(0.5836113095283508, 0.9247406721115112)","(47.34449768066406, 32.277801513671875, 4.911142826080322)",1,3.203277587890625,1,"(-95.75045776367188, -67.61228942871094, 705.4813842773438)",1,"(0.6014658212661743, 0.9155610203742981)","(57.223384857177734, 34.962520599365234, 5.888279438018799)",1,3.4794769287109375,1,"(-34.36988830566406, -65.42691040039062, 710.9436645507812)",1
2011952337,1971792792,"(0.5897390842437744, 0.9260591864585876)","(50.73502731323242, 31.892175674438477, 4.77081823348999)",1,3.21856689453125,1,"(-95.81898498535156, -67.64698791503906, 705.2522583007812)",1,"(0.5979395508766174, 0.9171705842018127)","(55.27232360839844, 34.491722106933594, 5.716946601867676)",1,3.4754180908203125,1,"(-34.40968704223633, -65.43617248535156, 710.7301025390625)",1
2011968756,1971809211,"(0.5873262286186218, 0.9150373339653015)","(49.399959564208984, 35.11568069458008, 5.9440083503723145)",1,3.1797943115234375,1,"(-95.86397552490234, -67.6478042602539, 705.0587158203125)",1,"(0.5971418023109436, 0.913901686668396)","(54.83088302612305, 35.447776794433594, 6.064925193786621)",1,3.467620849609375,1,"(-34.46277618408203, -65.44180297851562, 710.5506591796875)",1
2011985093,1971825548,"(0.5774930715560913, 0.9165540933609009)","(43.95924758911133, 34.672096252441406, 5.782547473907471)",1,3.1612701416015625,1,"(-95.87981414794922, -67.64305114746094, 704.9971923828125)",1,"(0.5993466973304749, 0.9149923920631409)","(56.05086898803711, 35.12882614135742, 5.948805809020996)",1,3.45684814453125,1,"(-34.49519348144531, -65.42284393310547, 710.4672241210938)",1
2012002349,1971842804,"(0.5774461030960083, 0.9171435832977295)","(43.933258056640625, 34.49965286254883, 5.719842433929443)",1,3.1524658203125,1,"(-95.92658233642578, -67.6164779663086, 704.8079833984375)",1,"(0.5997980237007141, 0.9144159555435181)","(56.30065155029297, 35.29740905761719, 6.010152816772461)",1,3.45654296875,1,"(-34.5399284362793, -65.3807373046875, 710.300048828125)",1
2012018676,1971859131,"(0.5794944167137146, 0.9159077405929565)","(45.066627502441406, 34.86111831665039, 5.8513383865356445)",1,3.126861572265625,1,"(-95.94818878173828, -67.58507537841797, 704.5693969726562)",1,"(0.6003024578094482, 0.9173176288604736)","(56.57969284057617, 34.448760986328125, 5.701312065124512)",1,3.438751220703125,1,"(-34.56498336791992, -65.33307647705078, 710.075927734375)",1
2012034962,1971875417,"(0.5815379023551941, 0.9157223701477051)","(46.19728469848633, 34.91533660888672, 5.871089935302734)",1,3.13214111328125,1,"(-95.9453353881836, -67.56804656982422, 704.40869140625)",1,"(0.5991382598876953, 0.9102608561515808)","(55.93558120727539, 36.512611389160156, 6.452459812164307)",1,3.4322509765625,1,"(-34.57243728637695, -65.30940246582031, 709.8609008789062)",1
2012052265,1971892720,"(0.5818699598312378, 0.9184144735336304)","(46.38100051879883, 34.127994537353516, 5.5845441818237305)",1,3.1273193359375,1,"(-95.94418334960938, -67.55097198486328, 704.1256713867188)",1,"(0.5976670980453491, 0.9115689992904663)","(55.12160110473633, 36.13005447387695, 6.313174247741699)",1,3.4281768798828125,1,"(-34.59736633300781, -65.28343200683594, 709.6138305664062)",1
2012068596,1971909051,"(0.5737990736961365, 0.9184466600418091)","(41.915382385253906, 34.118568420410156, 5.581153392791748)",1,3.1322479248046875,1,"(-95.98784637451172, -67.57498168945312, 704.1857299804688)",1,"(0.597607433795929, 0.9139858484268188)","(55.08856964111328, 35.423179626464844, 6.055959701538086)",1,3.415191650390625,1,"(-34.638607025146484, -65.28822326660156, 709.6568603515625)",1
2012084928,1971925383,"(0.5809116363525391, 0.9174167513847351)","(45.850791931152344, 34.41978454589844, 5.6907734870910645)",1,3.1292724609375,1,"(-96.03158569335938, -67.5867691040039, 704.3441772460938)",1,"(0.5992358326911926, 0.9116636514663696)","(55.98957061767578, 36.10231018066406, 6.303138256072998)",1,3.411529541015625,1,"(-34.685054779052734, -65.30343627929688, 709.8711547851562)",1
2012102179,1971942634,"(0.584563672542572, 0.9177293181419373)","(47.871490478515625, 34.32835388183594, 5.657516956329346)",1,3.11083984375,1,"(-96.12093353271484, -67.58892822265625, 704.5093383789062)",1,"(0.6014707684516907, 0.9115769863128662)","(57.226097106933594, 36.127685546875, 6.312370300292969)",1,3.40142822265625,1,"(-34.751861572265625, -65.30980682373047, 710.0079956054688)",1
2012118516,1971958971,"(0.5873556137084961, 0.918506920337677)","(49.41621017456055, 34.100921630859375, 5.574675559997559)",1,3.081695556640625,1,"(-96.14643096923828, -67.5643310546875, 704.26025390625)",1,"(0.5980693101882935, 0.9096077084541321)","(55.34413146972656, 36.70362091064453, 6.5219807624816895)",1,3.394287109375,1,"(-34.780242919921875, -65.28543853759766, 709.7783203125)",1
2012134894,1971975349,"(0.5858135223388672, 0.9216172695159912)","(48.56297302246094, 33.191287994384766, 5.24360466003418)",1,3.0914306640625,1,"(-96.13836669921875, -67.55027770996094, 704.0538940429688)",1,"(0.5973275303840637, 0.9111299514770508)","(54.933719635009766, 36.25838851928711, 6.359928131103516)",1,3.4028778076171875,1,"(-34.79685592651367, -65.2591323852539, 709.5054321289062)",1
2012152095,1971992550,"(0.5814918875694275, 0.9241390228271484)","(46.17182922363281, 32.45376968383789, 4.975132942199707)",1,3.0734405517578125,1,"(-96.13285064697266, -67.5475845336914, 703.8282470703125)",1,"(0.5959552526473999, 0.9086425304412842)","(54.17440414428711, 36.985897064208984, 6.624700546264648)",1,3.3917999267578125,1,"(-34.812896728515625, -65.25382232666016, 709.324462890625)",1
2012168436,1972008891,"(0.6080891489982605, 0.9063236713409424)","(60.88811492919922, 37.664066314697266, 6.871592998504639)",1,3.07598876953125,1,"(-96.08783721923828, -67.57259368896484, 704.0819091796875)",1,"(0.6181947588920593, 0.9043078422546387)","(66.4795150756836, 38.25365447998047, 7.086098670959473)",1,3.4050750732421875,1,"(-34.805633544921875, -65.27882385253906, 709.5343017578125)",1
2012184764,1972025219,"(0.618354856967926, 0.9058989882469177)","(66.56807708740234, 37.78830337524414, 6.916802406311035)",1,3.088531494140625,1,"(-96.04255676269531, -67.58482360839844, 704.2171020507812)",1,"(0.6397004127502441, 0.9033575654029846)","(78.37860107421875, 38.53156661987305, 7.187254428863525)",1,3.38861083984375,1,"(-34.784645080566406, -65.29457092285156, 709.7109375)",1
2012202011,1972042466,"(0.6164014339447021, 0.9202298521995544)","(65.4872817993164, 33.597084045410156, 5.391263961791992)",1,3.092926025390625,1,"(-96.00487518310547, -67.55611419677734, 703.8767700195312)",1,"(0.6365509629249573, 0.9061517119407654)","(76.63599395751953, 37.71437072753906, 6.889904975891113)",1,3.396575927734375,1,"(-34.77091598510742, -65.26611328125, 709.3597412109375)",1
2012218356,1972058811,"(0.6176336407661438, 0.9112793207168579)","(66.16907501220703, 36.214759826660156, 6.344044208526611)",1,3.0699920654296875,1,"(-95.97731018066406, -67.51712799072266, 703.366943359375)",1,"(0.6327511668205261, 0.9077023267745972)","(74.53358459472656, 37.2608757019043, 6.724828243255615)",1,3.4010467529296875,1,"(-34.7589111328125, -65.220947265625, 708.8390502929688)",1
2012234730,1972075185,"(0.6250761151313782, 0.9139429926872253)","(70.28697204589844, 35.43572235107422, 6.060503959655762)",1,3.083526611328125,1,"(-96.00228118896484, -67.52202606201172, 703.3776245117188)",1,"(0.6328884363174438, 0.909963071346283)","(74.60955810546875, 36.59971237182617, 6.48419713973999)",1,3.4021453857421875,1,"(-34.77760314941406, -65.2292251586914, 708.8580322265625)",1
2012251926,1972092381,"(0.6269106864929199, 0.9146537184715271)","(71.30203247070312, 35.227874755859375, 5.984848499298096)",1,3.0674896240234375,1,"(-96.03854370117188, -67.53893280029297, 703.3848876953125)",1,"(0.6294199228286743, 0.9134309887886047)","(72.69042205810547, 35.58548355102539, 6.1150102615356445)",1,3.413421630859375,1,"(-34.800785064697266, -65.24662017822266, 708.8787841796875)",1
2012268276,1972108731,"(0.6278994083404541, 0.910716712474823)","(71.8490982055664, 36.3792724609375, 6.403934955596924)",1,3.071014404296875,1,"(-96.09375762939453, -67.56097412109375, 703.5070190429688)",1,"(0.6338852047920227, 0.9089537262916565)","(75.16107940673828, 36.89487838745117, 6.591562747955322)",1,3.413330078125,1,"(-34.843849182128906, -65.27069091796875, 709.005126953125)",1
2012284598,1972125053,"(0.6264353394508362, 0.9121220707893372)","(71.0390396118164, 35.968223571777344, 6.254327297210693)",1,3.090362548828125,1,"(-96.10582733154297, -67.56127166748047, 703.5291137695312)",1,"(0.635424792766571, 0.9084438681602478)","(76.01290130615234, 37.044029235839844, 6.645857810974121)",1,3.4116363525390625,1,"(-34.869163513183594, -65.2681884765625, 709.0341796875)",1
2012301744,1972142199,"(0.618645191192627, 0.9097598791122437)","(66.72877502441406, 36.659114837646484, 6.505795001983643)",1,3.0764007568359375,1,"(-96.12762451171875, -67.55339813232422, 703.5507202148438)",1,"(0.6382599472999573, 0.9063348174095154)","(77.58161926269531, 37.660831451416016, 6.87036657333374)",1,3.4011077880859375,1,"(-34.9133186340332, -65.2531967163086, 709.0457763671875)",1
2012318196,1972158651,"(0.6165848970413208, 0.9097961187362671)","(65.58882141113281, 36.64855194091797, 6.501946449279785)",1,3.05377197265625,1,"(-96.14950561523438, -67.54631042480469, 703.515380859375)",1,"(0.6394855380058289, 0.9120079278945923)","(78.2597427368164, 36.00167465209961, 6.266485214233398)",1,3.4005279541015625,1,"(-34.95149230957031, -65.2344970703125, 709.0067749023438)",1
2012334564,1972175019,"(0.6193271279335022, 0.9123461246490479)","(67.10606384277344, 35.90275192260742, 6.230481147766113)",1,3.058380126953125,1,"(-96.17346954345703, -67.55361938476562, 703.5482177734375)",1,"(0.635216474533081, 0.9081487655639648)","(75.89764404296875, 37.130340576171875, 6.677245140075684)",1,3.401580810546875,1,"(-34.974822998046875, -65.23868560791016, 709.0548095703125)",1
2012351756,1972192211,"(0.6177278757095337, 0.909686267375946)","(66.22125244140625, 36.68065643310547, 6.513638496398926)",1,3.043548583984375,1,"(-96.22075653076172, -67.57337188720703, 703.4995727539062)",1,"(0.6331121921539307, 0.9073176980018616)","(74.73333740234375, 37.37336730957031, 6.765726089477539)",1,3.3956298828125,1,"(-35.01240158081055, -65.23937225341797, 708.9918823242188)",1
2012368116,1972208571,"(0.6208726763725281, 0.9066678285598755)","(67.9612808227539, 37.56344223022461, 6.834894180297852)",1,3.0405731201171875,1,"(-96.2830810546875, -67.5780258178711, 703.3726196289062)",1,"(0.6334847807884216, 0.9092110991477966)","(74.93951416015625, 36.81960678100586, 6.564203262329102)",1,3.3979034423828125,1,"(-35.06447982788086, -65.23384857177734, 708.8887939453125)",1
2012384434,1972224889,"(0.6200999617576599, 0.9063774347305298)","(67.53370666503906, 37.648372650146484, 6.865799427032471)",1,3.00909423828125,1,"(-96.30743408203125, -67.57905578613281, 703.3477783203125)",1,"(0.6337236166000366, 0.907270073890686)","(75.0716552734375, 37.387325286865234, 6.770823001861572)",1,3.39556884765625,1,"(-35.11811065673828, -65.23062133789062, 708.8554077148438)",1
2012401672,1972242127,"(0.6193466782569885, 0.9071053862571716)","(67.11685180664062, 37.43548583984375, 6.788362503051758)",1,3.0209503173828125,1,"(-96.37606048583984, -67.58238983154297, 703.3417358398438)",1,"(0.6354737281799316, 0.9029064178466797)","(76.04000854492188, 38.66352081298828, 7.235302448272705)",1,3.384735107421875,1,"(-35.19548034667969, -65.22464752197266, 708.8543701171875)",1
2012418036,1972258491,"(0.6184457540512085, 0.9117777943611145)","(66.618408203125, 36.068973541259766, 6.290964603424072)",1,3.0279693603515625,1,"(-96.43390655517578, -67.58016204833984, 703.2610473632812)",1,"(0.6288423538208008, 0.9050745368003845)","(72.3708267211914, 38.029396057128906, 7.004518032073975)",1,3.3854827880859375,1,"(-35.2430419921875, -65.2137680053711, 708.7794799804688)",1
2012434400,1972274855,"(0.6214856505393982, 0.9079307317733765)","(68.30033874511719, 37.19407272338867, 6.700479030609131)",1,3.023193359375,1,"(-96.46411895751953, -67.5816650390625, 703.2427368164062)",1,"(0.6306077241897583, 0.9045617580413818)","(73.34757995605469, 38.17937469482422, 7.059108257293701)",1,3.3849945068359375,1,"(-35.27824783325195, -65.21250915527344, 708.7584228515625)",1
2012451588,1972292043,"(0.6221157312393188, 0.9185608625411987)","(68.64901733398438, 34.08516311645508, 5.568987846374512)",1,3.03240966796875,1,"(-96.50121307373047, -67.5816650390625, 703.1495971679688)",1,"(0.6353297829627991, 0.9026756882667542)","(75.9603500366211, 38.73097610473633, 7.25985860824585)",1,3.3758697509765625,1,"(-35.33393859863281, -65.20275115966797, 708.6716918945312)",1
2012467956,1972308411,"(0.5864318609237671, 0.9402725696563721)","(48.905094146728516, 27.735334396362305, 3.2578160762786865)",1,3.0290069580078125,1,"(-96.5899887084961, -67.61524963378906, 703.0390014648438)",1,"(0.6058861017227173, 0.9183569550514221)","(59.669132232666016, 34.14480972290039, 5.590634822845459)",1,3.3741455078125,1,"(-35.47244644165039, -65.20562744140625, 708.59130859375)",1
2012484270,1972324725,"(0.5786259770393372, 0.9444526433944702)","(44.586097717285156, 26.51280403137207, 2.812859296798706)",1,3.01568603515625,1,"(-96.62470245361328, -67.62179565429688, 702.9252319335938)",1,"(0.5910146832466125, 0.936111330986023)","(51.440773010253906, 28.952335357666016, 3.700735092163086)",1,3.381500244140625,1,"(-35.56301498413086, -65.19348907470703, 708.43359375)",1
2012501503,1972341958,"(0.5835991501808167, 0.9386962056159973)","(47.3377685546875, 28.196346282958984, 3.425555467605591)",1,3.001953125,1,"(-96.6980972290039, -67.61785125732422, 703.1547241210938)",1,"(0.6012340784072876, 0.922767698764801)","(57.0952033996582, 32.854854583740234, 5.121100425720215)",1,3.3793792724609375,1,"(-35.5965461730957, -65.18634033203125, 708.6671752929688)",1
2012517876,1972358331,"(0.5797455906867981, 0.9461178183555603)","(45.20560836791992, 26.02581787109375, 2.6355602741241455)",1,3.0055389404296875,1,"(-96.7991943359375, -67.6404800415039, 703.624755859375)",1,"(0.5975087285041809, 0.925916850566864)","(55.033905029296875, 31.93385124206543, 4.785921096801758)",1,3.3854217529296875,1,"(-35.65058517456055, -65.21941375732422, 709.1557006835938)",1
2012534236,1972374691,"(0.5861027240753174, 0.9496625065803528)","(48.723018646240234, 24.98910140991211, 2.258230686187744)",1,3.0079345703125,1,"(-96.82516479492188, -67.64371490478516, 703.6951293945312)",1,"(0.5991218686103821, 0.9282653331756592)","(55.92649841308594, 31.246976852416992, 4.535943508148193)",1,3.3819732666015625,1,"(-35.66956329345703, -65.227294921875, 709.252197265625)",1
2012551419,1972391874,"(0.5823797583580017, 0.9458262920379639)","(46.6630744934082, 26.111103057861328, 2.6666059494018555)",1,2.998504638671875,1,"(-96.87364959716797, -67.65894317626953, 703.8198852539062)",1,"(0.6008939146995544, 0.9239414930343628)","(56.90691375732422, 32.51155471801758, 4.996201992034912)",1,3.3862762451171875,1,"(-35.6966438293457, -65.24034881591797, 709.3651123046875)",1
2012567796,1972408251,"(0.5848810076713562, 0.9426589608192444)","(48.047035217285156, 27.037351608276367, 3.003772735595703)",1,2.991729736328125,1,"(-96.90935516357422, -67.67313385009766, 703.9232788085938)",1,"(0.5993574857711792, 0.9225716590881348)","(56.05687713623047, 32.91216278076172, 5.142009735107422)",1,3.3944244384765625,1,"(-35.70824432373047, -65.25279998779297, 709.4605712890625)",1
2012584202,1972424657,"(0.5788270831108093, 0.9479074478149414)","(44.69735336303711, 25.502426147460938, 2.4451029300689697)",1,3.0243377685546875,1,"(-96.91625213623047, -67.67277526855469, 703.9573364257812)",1,"(0.5978816151618958, 0.9235701560974121)","(55.24024200439453, 32.62014389038086, 5.035700798034668)",1,3.4017181396484375,1,"(-35.710941314697266, -65.25595092773438, 709.5084228515625)",1
2012601333,1972441788,"(0.581173837184906, 0.9516646265983582)","(45.9958381652832, 24.403593063354492, 2.045137405395508)",1,3.0415496826171875,1,"(-96.92678833007812, -67.6738510131836, 704.0805053710938)",1,"(0.5993828773498535, 0.9230748414993286)","(56.07093048095703, 32.76502990722656, 5.088434219360352)",1,3.408233642578125,1,"(-35.70562744140625, -65.25928497314453, 709.6218872070312)",1
2012617716,1972458171,"(0.5854489803314209, 0.94454425573349)","(48.361244201660156, 26.486019134521484, 2.8030569553375244)",1,3.0117645263671875,1,"(-96.93251037597656, -67.6863784790039, 704.2503662109375)",1,"(0.6007124185562134, 0.9239484071731567)","(56.80651092529297, 32.50950622558594, 4.995464324951172)",1,3.4127960205078125,1,"(-35.690956115722656, -65.26681518554688, 709.783203125)",1
2012634071,1972474526,"(0.5816720128059387, 0.947422444820404)","(46.27143859863281, 25.644243240356445, 2.496671199798584)",1,3.0129547119140625,1,"(-96.93173217773438, -67.69239807128906, 704.3374633789062)",1,"(0.5997188687324524, 0.9247590899467468)","(56.25680923461914, 32.272422790527344, 4.909164905548096)",1,3.41650390625,1,"(-35.68059539794922, -65.27253723144531, 709.9058227539062)",1
2012651249,1972491704,"(0.5847837328910828, 0.9538037776947021)","(47.99320983886719, 23.777942657470703, 1.8174277544021606)",1,3.02508544921875,1,"(-96.93367767333984, -67.70809173583984, 704.5769653320312)",1,"(0.5984919667243958, 0.9273871779441833)","(55.578025817871094, 31.503826141357422, 4.629387855529785)",1,3.423919677734375,1,"(-35.647178649902344, -65.28619384765625, 710.126708984375)",1
2012667636,1972508091,"(0.5817648768424988, 0.9452663660049438)","(46.32284927368164, 26.274858474731445, 2.726236343383789)",1,3.024261474609375,1,"(-96.92218780517578, -67.71847534179688, 704.8325805664062)",1,"(0.5990323424339294, 0.9225639700889587)","(55.877010345458984, 32.91439437866211, 5.142848014831543)",1,3.41796875,1,"(-35.59773635864258, -65.3077163696289, 710.3668212890625)",1
2012683941,1972524396,"(0.5824548602104187, 0.940945565700531)","(46.70467758178711, 27.538496017456055, 3.186162233352661)",1,3.0096893310546875,1,"(-96.91036987304688, -67.7186050415039, 704.9153442382812)",1,"(0.5947962999343872, 0.9202852249145508)","(53.53316879272461, 33.580848693847656, 5.385426044464111)",1,3.424957275390625,1,"(-35.563751220703125, -65.32199096679688, 710.4822998046875)",1
2012701165,1972541620,"(0.5829163789749146, 0.9404718279838562)","(46.959991455078125, 27.677024841308594, 3.236593723297119)",1,2.99945068359375,1,"(-96.8625259399414, -67.7157211303711, 705.0978393554688)",1,"(0.5994633436203003, 0.9228753447532654)","(56.11545181274414, 32.8233528137207, 5.109631061553955)",1,3.4223785400390625,1,"(-35.51335525512695, -65.33726501464844, 710.64208984375)",1
2012717556,1972558011,"(0.6301602721214294, 0.9302481412887573)","(73.10006713867188, 30.667078018188477, 4.324831008911133)",1,3.0164642333984375,1,"(-96.64820098876953, -67.7242431640625, 705.2972412109375)",1,"(0.6383732557296753, 0.9200541377067566)","(77.64431762695312, 33.64845275878906, 5.410019397735596)",1,3.418243408203125,1,"(-35.34593200683594, -65.37300109863281, 710.7434692382812)",1
2012733907,1972574362,"(0.6386041641235352, 0.9327805638313293)","(77.77205657958984, 29.926464080810547, 4.055256366729736)",1,3.027130126953125,1,"(-96.60828399658203, -67.76312255859375, 705.642578125)",1,"(0.6466119885444641, 0.9268122911453247)","(82.2027587890625, 31.67193603515625, 4.69064474105835)",1,3.4255218505859375,1,"(-35.26250457763672, -65.44596862792969, 711.2245483398438)",1
2012751080,1972591535,"(0.6282860636711121, 0.9260303378105164)","(72.06305694580078, 31.900659561157227, 4.7738037109375)",1,2.9941558837890625,1,"(-96.5162124633789, -67.82600402832031, 705.9508666992188)",1,"(0.6385189294815063, 0.9283141493797302)","(77.72489929199219, 31.232709884643555, 4.530704021453857)",1,3.423187255859375,1,"(-35.12393569946289, -65.55301666259766, 711.4602661132812)",1
2012767476,1972607931,"(0.6311554312705994, 0.9250667095184326)","(73.65068817138672, 32.18246841430664, 4.876438617706299)",1,3.002349853515625,1,"(-96.32669067382812, -67.85773468017578, 705.658935546875)",1,"(0.639681875705719, 0.9229257106781006)","(78.36837768554688, 32.8086051940918, 5.104267597198486)",1,3.4212493896484375,1,"(-34.944252014160156, -65.63050079345703, 711.1659545898438)",1
2012783775,1972624230,"(0.631733238697052, 0.918795108795166)","(73.97036743164062, 34.016658782958984, 5.544034004211426)",1,3.0172882080078125,1,"(-96.24052429199219, -67.88800048828125, 705.5730590820312)",1,"(0.6406552195549011, 0.9240016937255859)","(78.90687561035156, 32.49392318725586, 4.989747524261475)",1,3.4174041748046875,1,"(-34.81648635864258, -65.68534851074219, 711.0403442382812)",1
2012800996,1972641451,"(0.6299225091934204, 0.918365478515625)","(72.9684829711914, 34.142303466796875, 5.589783191680908)",1,3.0051422119140625,1,"(-96.0153579711914, -67.90442657470703, 705.2849731445312)",1,"(0.6420652866363525, 0.9195195436477661)","(79.68710327148438, 33.80480194091797, 5.466862678527832)",1,3.4040985107421875,1,"(-34.616153717041016, -65.77790832519531, 710.7537231445312)",1
2012817396,1972657852,"(0.6289503574371338, 0.9138877391815186)","(72.43062591552734, 35.45189666748047, 6.066381931304932)",1,2.9799346923828125,1,"(-95.77313232421875, -67.89924621582031, 704.9178466796875)",1,"(0.640602171421051, 0.9272538423538208)","(78.87755584716797, 31.54281234741211, 4.643560886383057)",1,3.3998870849609375,1,"(-34.406700134277344, -65.83939361572266, 710.3935546875)",1
2012833741,1972674197,"(0.6305312514305115, 0.9208529591560364)","(73.30534362792969, 33.414852142333984, 5.324951648712158)",1,2.9875335693359375,1,"(-95.65767669677734, -67.88446044921875, 704.7158813476562)",1,"(0.6424147486686707, 0.930536687374115)","(79.8804702758789, 30.582700729370117, 4.294125080108643)",1,3.410552978515625,1,"(-34.27470397949219, -65.87317657470703, 710.10205078125)",1
2012851008,1972691464,"(0.6347130537033081, 0.9271482229232788)","(75.61910247802734, 31.57366180419922, 4.654860973358154)",1,2.9974822998046875,1,"(-95.39155578613281, -67.85675048828125, 704.2283935546875)",1,"(0.6435854434967041, 0.9253679513931274)","(80.52819061279297, 32.0943489074707, 4.844333648681641)",1,3.4096221923828125,1,"(-34.057254791259766, -65.91891479492188, 709.6519775390625)",1
2012867316,1972707772,"(0.6337122917175293, 0.9208436608314514)","(75.0654067993164, 33.41752624511719, 5.32593297958374)",1,3.005889892578125,1,"(-95.13189697265625, -67.7969970703125, 703.7850341796875)",1,"(0.6422942280769348, 0.9219117164611816)","(79.81379699707031, 33.10517120361328, 5.212286472320557)",1,3.4080963134765625,1,"(-33.83881759643555, -65.92164611816406, 709.2249755859375)",1
2012883611,1972724067,"(0.6334601640701294, 0.9164578318595886)","(74.92587280273438, 34.700218200683594, 5.792819023132324)",1,3.003143310546875,1,"(-95.014404296875, -67.77075958251953, 703.5594482421875)",1,"(0.6375154852867126, 0.9232193827629089)","(77.16966247558594, 32.722721099853516, 5.0730814933776855)",1,3.4069061279296875,1,"(-33.69206619262695, -65.89253997802734, 708.9077758789062)",1
2012901020,1972741476,"(0.6290405988693237, 0.9124683141708374)","(72.48053741455078, 35.86697769165039, 6.217484474182129)",1,3.0048828125,1,"(-94.72677612304688, -67.66603088378906, 702.8816528320312)",1,"(0.638336718082428, 0.9208313226699829)","(77.62408447265625, 33.42118453979492, 5.3272223472595215)",1,3.4079437255859375,1,"(-33.47114562988281, -65.8261489868164, 708.2830200195312)",1
2012917236,1972757692,"(0.6284834742546082, 0.9259063601493835)","(72.17230224609375, 31.936864852905273, 4.787011623382568)",1,3.0186309814453125,1,"(-94.4715347290039, -67.56201934814453, 702.2064819335938)",1,"(0.6352216005325317, 0.9215230345726013)","(75.9004898071289, 33.21885681152344, 5.2536516189575195)",1,3.404815673828125,1,"(-33.270015716552734, -65.74475860595703, 707.623779296875)",1
2012933577,1972774033,"(0.6247066855430603, 0.9308418035507202)","(70.08259582519531, 30.493432998657227, 4.26166296005249)",1,3.0298919677734375,1,"(-94.36073303222656, -67.50732421875, 701.8898315429688)",1,"(0.6335711479187012, 0.9257969856262207)","(74.98729705810547, 31.968900680541992, 4.798672676086426)",1,3.4150848388671875,1,"(-33.162296295166016, -65.6928482055664, 707.2025146484375)",1
2012951032,1972791488,"(0.5971382856369019, 0.9491934180259705)","(54.82894515991211, 25.126319885253906, 2.308183193206787)",1,2.99786376953125,1,"(-94.1812744140625, -67.46257019042969, 701.1511840820312)",1,"(0.6141346096992493, 0.948462724685669)","(64.23307800292969, 25.340017318725586, 2.3859167098999023)",1,3.4065704345703125,1,"(-33.108612060546875, -65.66278839111328, 706.514892578125)",1
2012967156,1972807612,"(0.6014130711555481, 0.9516630172729492)","(57.194236755371094, 24.404043197631836, 2.0452980995178223)",1,2.9696044921875,1,"(-94.08011627197266, -67.43834686279297, 701.0524291992188)",1,"(0.6091122627258301, 0.9578078389167786)","(61.454166412353516, 22.606950759887695, 1.3911868333816528)",1,3.410980224609375,1,"(-33.024879455566406, -65.66238403320312, 706.352294921875)",1
2012983447,1972823903,"(0.6008683443069458, 0.9606453776359558)","(56.89282989501953, 21.77707862854004, 1.089187741279602)",1,2.972564697265625,1,"(-94.07855987548828, -67.43877410888672, 701.3994750976562)",1,"(0.6131206750869751, 0.9519914388656616)","(63.672035217285156, 24.307998657226562, 2.010347604751587)",1,3.411376953125,1,"(-32.968631744384766, -65.69880676269531, 706.82958984375)",1
2013000850,1972841306,"(0.5983401536941528, 0.9645358920097351)","(55.49393844604492, 20.63926124572754, 0.6749939322471619)",1,2.979339599609375,1,"(-94.04817199707031, -67.44770812988281, 701.8099365234375)",1,"(0.6104316711425781, 0.9569860696792603)","(62.18427658081055, 22.84724235534668, 1.4786583185195923)",1,3.40716552734375,1,"(-32.88825988769531, -65.73314666748047, 707.1810302734375)",1
2013017076,1972857532,"(0.6016955375671387, 0.9678409695625305)","(57.35051727294922, 19.672651290893555, 0.32320886850357056)",1,2.9702606201171875,1,"(-94.03101348876953, -67.47785949707031, 702.20703125)",1,"(0.6122907996177673, 0.9609904885292053)","(63.212867736816406, 21.67609977722168, 1.0524259805679321)",1,3.401458740234375,1,"(-32.817840576171875, -65.77713775634766, 707.536376953125)",1
2013033413,1972873869,"(0.6021607518196106, 0.9591410160064697)","(57.6078987121582, 22.217041015625, 1.2493054866790771)",1,2.9710540771484375,1,"(-94.01590728759766, -67.50540161132812, 702.3768310546875)",1,"(0.6122449636459351, 0.9651586413383484)","(63.18748474121094, 20.45709800720215, 0.6087489128112793)",1,3.4178619384765625,1,"(-32.77031326293945, -65.80299377441406, 707.7628784179688)",1
2013050669,1972891125,"(0.6034743785858154, 0.953677237033844)","(58.3347053527832, 23.814987182617188, 1.830896258354187)",1,2.9591217041015625,1,"(-93.94935607910156, -67.53462219238281, 702.4389038085938)",1,"(0.6129811406135559, 0.9595271348953247)","(63.59485626220703, 22.10408592224121, 1.2082018852233887)",1,3.4235687255859375,1,"(-32.69672393798828, -65.84699249267578, 707.8004760742188)",1
2013066996,1972907452,"(0.6033619046211243, 0.9589611291885376)","(58.27250671386719, 22.269670486450195, 1.2683738470077515)",1,2.9876251220703125,1,"(-93.90865325927734, -67.5689926147461, 702.5357055664062)",1,"(0.6102808117866516, 0.9642893075942993)","(62.10073471069336, 20.711332321166992, 0.7012398838996887)",1,3.4238433837890625,1,"(-32.62580108642578, -65.88629913330078, 707.8804931640625)",1
2013083379,1972923835,"(0.6017294526100159, 0.9579271674156189)","(57.3692626953125, 22.572063446044922, 1.3784611225128174)",1,2.9842987060546875,1,"(-93.90928649902344, -67.59857940673828, 702.6915283203125)",1,"(0.6132586002349854, 0.963627815246582)","(63.74837875366211, 20.904817581176758, 0.771677553653717)",1,3.4272308349609375,1,"(-32.59901809692383, -65.92916107177734, 708.0966796875)",1
2013100585,1972941041,"(0.5999048948287964, 0.953481137752533)","(56.35973358154297, 23.872360229492188, 1.8517643213272095)",1,2.9771270751953125,1,"(-93.91226959228516, -67.63883209228516, 703.0471801757812)",1,"(0.6145444512367249, 0.9645441770553589)","(64.45983123779297, 20.63680076599121, 0.6741201281547546)",1,3.425933837890625,1,"(-32.575294494628906, -65.97657012939453, 708.4053344726562)",1
2013116916,1972957372,"(0.5998156666755676, 0.9459333419799805)","(56.310394287109375, 26.079790115356445, 2.6552295684814453)",1,2.975616455078125,1,"(-93.90785217285156, -67.65306854248047, 703.1651000976562)",1,"(0.6134527921676636, 0.9572079181671143)","(63.855804443359375, 22.782381057739258, 1.4550867080688477)",1,3.4369049072265625,1,"(-32.54091262817383, -66.00724029541016, 708.5281372070312)",1
2013133248,1972973704,"(0.6024991869926453, 0.9497830867767334)","(57.79519271850586, 24.953855514526367, 2.245424509048462)",1,2.978057861328125,1,"(-93.90116119384766, -67.64551544189453, 703.1762084960938)",1,"(0.6143193244934082, 0.9618041515350342)","(64.33527374267578, 21.43816375732422, 0.9658413529396057)",1,3.4437103271484375,1,"(-32.52528762817383, -66.00245666503906, 708.5433959960938)",1
2013150499,1972990955,"(0.6052289009094238, 0.9574010968208313)","(59.305519104003906, 22.725862503051758, 1.4345288276672363)",1,3.00994873046875,1,"(-93.9022445678711, -67.64046478271484, 703.2893676757812)",1,"(0.6130310297012329, 0.9602086544036865)","(63.62246322631836, 21.90474510192871, 1.1356017589569092)",1,3.434112548828125,1,"(-32.51591491699219, -66.00282287597656, 708.6512451171875)",1
2013166836,1973007292,"(0.6095641851425171, 0.9573371410369873)","(61.70420455932617, 22.744606018066406, 1.441354751586914)",1,3.01470947265625,1,"(-93.89795684814453, -67.64633178710938, 703.47119140625)",1,"(0.6177030205726624, 0.964783787727356)","(66.20748901367188, 20.56671714782715, 0.6486466526985168)",1,3.4414520263671875,1,"(-32.50625991821289, -66.01174926757812, 708.8280639648438)",1
2013183214,1973023670,"(0.6187351942062378, 0.958474338054657)","(66.77852630615234, 22.412031173706055, 1.3202992677688599)",1,3.02008056640625,1,"(-93.86444854736328, -67.65140533447266, 703.4820556640625)",1,"(0.6297491788864136, 0.9646141529083252)","(72.87262725830078, 20.616336822509766, 0.6667080521583557)",1,3.4526214599609375,1,"(-32.487701416015625, -66.02011108398438, 708.8327026367188)",1
2013200415,1973040871,"(0.625380277633667, 0.9499766230583191)","(70.4552993774414, 24.89726448059082, 2.224839925765991)",1,3.022003173828125,1,"(-93.82901763916016, -67.64262390136719, 703.1599731445312)",1,"(0.6352967619895935, 0.9631593227386475)","(75.94202423095703, 21.04183578491211, 0.8215373158454895)",1,3.4436187744140625,1,"(-32.48881530761719, -65.99322509765625, 708.5254516601562)",1
2013216756,1973057212,"(0.6256741285324097, 0.946961522102356)","(70.61785888671875, 25.779062271118164, 2.5457191467285156)",1,3.0300445556640625,1,"(-93.85136413574219, -67.64176940917969, 702.840576171875)",1,"(0.634153425693512, 0.9626517295837402)","(75.3094711303711, 21.190288543701172, 0.8755350112915039)",1,3.45440673828125,1,"(-32.51792907714844, -65.97135925292969, 708.2034301757812)",1
2013233084,1973073540,"(0.6196015477180481, 0.9421067237854004)","(67.25785827636719, 27.19896697998047, 3.062532663345337)",1,3.0086822509765625,1,"(-93.87806701660156, -67.65571594238281, 702.8331909179688)",1,"(0.6323662996292114, 0.9590836763381958)","(74.32064819335938, 22.233774185180664, 1.2553473711013794)",1,3.457794189453125,1,"(-32.560630798339844, -65.969970703125, 708.1944580078125)",1
2013250427,1973090883,"(0.6229268312454224, 0.9424330592155457)","(69.0977554321289, 27.103513717651367, 3.027804136276245)",1,3.0255126953125,1,"(-93.93982696533203, -67.64535522460938, 702.696533203125)",1,"(0.6255604028701782, 0.9641398191452026)","(70.5549545288086, 20.75506019592285, 0.717176616191864)",1,3.4651641845703125,1,"(-32.6047248840332, -65.95480346679688, 708.077392578125)",1
2013266676,1973107132,"(0.6242894530296326, 0.9514874815940857)","(69.85167694091797, 24.455392837524414, 2.0640368461608887)",1,3.0303192138671875,1,"(-94.00239562988281, -67.63382720947266, 702.5234375)",1,"(0.6343551874160767, 0.9636056423187256)","(75.42108917236328, 20.91127586364746, 0.7740772366523743)",1,3.445068359375,1,"(-32.674007415771484, -65.93562316894531, 707.9237060546875)",1
2013283050,1973123506,"(0.6279563903808594, 0.9510863423347473)","(71.880615234375, 24.572721481323242, 2.1067285537719727)",1,3.017791748046875,1,"(-94.02191162109375, -67.62320709228516, 702.3695068359375)",1,"(0.631985068321228, 0.9591975808143616)","(74.1097183227539, 22.20047950744629, 1.2433104515075684)",1,3.449371337890625,1,"(-32.70442199707031, -65.91168975830078, 707.719970703125)",1
2013300439,1973140895,"(0.628045916557312, 0.9475607872009277)","(71.93017578125, 25.603801727294922, 2.48195743560791)",1,3.0240478515625,1,"(-94.0343246459961, -67.60786437988281, 702.1111450195312)",1,"(0.6280755996704102, 0.9634013175964355)","(71.94657135009766, 20.97102165222168, 0.7958055734634399)",1,3.4783935546875,1,"(-32.75027084350586, -65.88029479980469, 707.49609375)",1
2013316596,1973157052,"(0.6197312474250793, 0.9486997723579407)","(67.32967376708984, 25.270708084106445, 2.3606934547424316)",1,3.0349273681640625,1,"(-94.0316390991211, -67.59812927246094, 701.9163208007812)",1,"(0.6294154524803162, 0.9697543978691101)","(72.68792724609375, 19.113004684448242, 0.1195158064365387)",1,3.4785003662109375,1,"(-32.76897048950195, -65.84606170654297, 707.3071899414062)",1
2013332918,1973173374,"(0.6180928945541382, 0.9516010880470276)","(66.42317962646484, 24.422189712524414, 2.051853656768799)",1,3.0288543701171875,1,"(-94.02471923828125, -67.58366394042969, 701.78125)",1,"(0.6272993087768555, 0.9666475057601929)","(71.51709747314453, 20.02166175842285, 0.4502129554748535)",1,3.47418212890625,1,"(-32.77314758300781, -65.82341003417969, 707.1253662109375)",1
2013350355,1973190811,"(0.6225618720054626, 0.9542329907417297)","(68.89583587646484, 23.65245246887207, 1.7717134952545166)",1,3.0242156982421875,1,"(-94.02081298828125, -67.55508422851562, 701.51806640625)",1,"(0.623178243637085, 0.9609494805335999)","(69.23689270019531, 21.68810272216797, 1.0567903518676758)",1,3.4736328125,1,"(-32.77696228027344, -65.80014038085938, 706.8823852539062)",1
2013366516,1973206972,"(0.625552773475647, 0.945047914981842)","(70.55070495605469, 26.338722229003906, 2.749450922012329)",1,3.02032470703125,1,"(-94.0205307006836, -67.537109375, 701.2371215820312)",1,"(0.6251559257507324, 0.9631791114807129)","(70.33113098144531, 21.03602409362793, 0.8194505572319031)",1,3.466217041015625,1,"(-32.7813835144043, -65.76806640625, 706.623779296875)",1
2013382884,1973223340,"(0.6193197965621948, 0.9590893387794495)","(67.10200500488281, 22.23214340209961, 1.254766583442688)",1,3.02972412109375,1,"(-94.06847381591797, -67.54723358154297, 701.250732421875)",1,"(0.6158651113510132, 0.9779430031776428)","(65.19049835205078, 16.718177795410156, -0.7521303296089172)",1,3.47479248046875,1,"(-32.86736297607422, -65.79283905029297, 706.66650390625)",1
2013400174,1973240630,"(0.5852710008621216, 1.0151441097259521)","(48.26277160644531, 5.8382649421691895, -4.71209192276001)",1,3.042449951171875,1,"(-94.20867156982422, -67.62747955322266, 701.5861206054688)",1,"(0.5946232080459595, 1.0019422769546509)","(53.43736267089844, 9.699336051940918, -3.3068227767944336)",1,3.47320556640625,1,"(-33.03281784057617, -65.88888549804688, 706.9937744140625)",1
2013416436,1973256892,"(0.5915042161941528, 1.0072693824768066)","(51.71171951293945, 8.14127254486084, -3.873868703842163)",1,3.024017333984375,1,"(-94.21424865722656, -67.60992431640625, 701.4072265625)",1,"(0.5972456336021423, 0.9959236979484558)","(54.88838195800781, 11.45952320098877, -2.666145086288452)",1,3.47515869140625,1,"(-33.02748107910156, -65.86774444580078, 706.8026123046875)",1
2013432850,1973273306,"(0.5838382840156555, 1.0073963403701782)","(47.47007751464844, 8.104169845581055, -3.8873848915100098)",1,3.01092529296875,1,"(-94.23025512695312, -67.6148910522461, 701.4507446289062)",1,"(0.5960823893547058, 1.0013610124588013)","(54.24479293823242, 9.869271278381348, -3.244925022125244)",1,3.4743499755859375,1,"(-33.0355224609375, -65.86827850341797, 706.86962890625)",1
2013449992,1973290448,"(0.5843112468719482, 1.0101655721664429)","(47.731788635253906, 7.2942585945129395, -4.182137966156006)",1,3.032073974609375,1,"(-94.28042602539062, -67.63692474365234, 701.7158203125)",1,"(0.597001850605011, 1.0043354034423828)","(54.75349807739258, 8.999340057373047, -3.5615432262420654)",1,3.483795166015625,1,"(-33.05249786376953, -65.87724304199219, 707.118896484375)",1
2013466356,1973306812,"(0.5851186513900757, 1.0078465938568115)","(48.178524017333984, 7.972534656524658, -3.9352684020996094)",1,3.03912353515625,1,"(-94.3340835571289, -67.65471649169922, 702.0137939453125)",1,"(0.5981700420379639, 1.0069018602371216)","(55.39986038208008, 8.24879264831543, -3.834702491760254)",1,3.4832000732421875,1,"(-33.06397247314453, -65.8746337890625, 707.399658203125)",1
2013482720,1973323176,"(0.5842649340629578, 1.0060189962387085)","(47.706153869628906, 8.507023811340332, -3.7407448291778564)",1,3.0353851318359375,1,"(-94.3624496459961, -67.66717529296875, 702.1696166992188)",1,"(0.5964345335960388, 1.0131957530975342)","(54.43960952758789, 6.4080810546875, -4.504650592803955)",1,3.4708099365234375,1,"(-33.069007873535156, -65.86182403564453, 707.6200561523438)",1
2013499908,1973340364,"(0.5883904695510864, 1.0029373168945312)","(49.988792419433594, 9.408321380615234, -3.4127888679504395)",1,3.0334930419921875,1,"(-94.4283218383789, -67.68280029296875, 702.4191284179688)",1,"(0.5955919623374939, 1.0088908672332764)","(53.97340393066406, 7.667074680328369, -4.04642391204834)",1,3.483123779296875,1,"(-33.09730529785156, -65.85838317871094, 707.8361206054688)",1
2013516276,1973356732,"(0.5887114405632019, 1.007550835609436)","(50.16642379760742, 8.059005737304688, -3.903812885284424)",1,3.0444488525390625,1,"(-94.4814682006836, -67.68852233886719, 702.4937744140625)",1,"(0.5942876935005188, 1.0059819221496582)","(53.25177764892578, 8.517817497253418, -3.7367937564849854)",1,3.4853668212890625,1,"(-33.13673400878906, -65.84270477294922, 707.9132690429688)",1
2013532686,1973373142,"(0.588132917881012, 1.0033609867095947)","(49.846336364746094, 9.284377098083496, -3.4578001499176025)",1,3.03326416015625,1,"(-94.49981689453125, -67.68351745605469, 702.4747924804688)",1,"(0.599762499332428, 1.004508376121521)","(56.280982971191406, 8.948822975158691, -3.5799498558044434)",1,3.497528076171875,1,"(-33.17293930053711, -65.82707214355469, 707.8892211914062)",1
2013549823,1973390279,"(0.5909543037414551, 1.0044344663619995)","(51.407371520996094, 8.97046947479248, -3.572129487991333)",1,3.037445068359375,1,"(-94.54788208007812, -67.67452239990234, 702.5284423828125)",1,"(0.6010097861289978, 1.0030449628829956)","(56.971073150634766, 9.376765251159668, -3.424154758453369)",1,3.507843017578125,1,"(-33.22098922729492, -65.80891418457031, 707.950439453125)",1
2013566196,1973406652,"(0.5922234058380127, 0.9945581555366516)","(52.10957717895508, 11.858890533447266, -2.520763397216797)",1,3.03070068359375,1,"(-94.59730529785156, -67.67636108398438, 702.6891479492188)",1,"(0.6014748811721802, 0.994852602481842)","(57.228424072265625, 11.772735595703125, -2.5520873069763184)",1,3.509521484375,1,"(-33.25762939453125, -65.81258392333984, 708.09228515625)",1
2013582556,1973423012,"(0.5862964391708374, 0.9977155327796936)","(48.83017349243164, 10.935491561889648, -2.8568334579467773)",1,3.0333404541015625,1,"(-94.60584259033203, -67.6817626953125, 702.7474975585938)",1,"(0.6031566858291626, 0.9934782981872559)","(58.15897750854492, 12.174715995788574, -2.4057857990264893)",1,3.5047607421875,1,"(-33.26825714111328, -65.81997680664062, 708.1683349609375)",1
2013599739,1973440195,"(0.5831555724143982, 0.9962109327316284)","(47.092308044433594, 11.375504493713379, -2.6966805458068848)",1,3.0355987548828125,1,"(-94.6218032836914, -67.69471740722656, 702.863037109375)",1,"(0.6052218079566956, 0.9962723255157471)","(59.30158615112305, 11.357558250427246, -2.703209638595581)",1,3.50494384765625,1,"(-33.2741813659668, -65.83502960205078, 708.2713012695312)",1
2013616116,1973456572,"(0.5867947340011597, 0.9997492432594299)","(49.10586929321289, 10.340682983398438, -3.073356866836548)",1,3.0313873291015625,1,"(-94.61642456054688, -67.71370697021484, 702.912109375)",1,"(0.6035463809967041, 0.9997849464416504)","(58.37458038330078, 10.33022689819336, -3.0771491527557373)",1,3.508453369140625,1,"(-33.260154724121094, -65.848876953125, 708.3178100585938)",1
2013632522,1973472978,"(0.5914732813835144, 0.9991325736045837)","(51.69453430175781, 10.521029472351074, -3.0077059268951416)",1,3.04180908203125,1,"(-94.6169204711914, -67.7184829711914, 702.93359375)",1,"(0.601121723651886, 1.0029892921447754)","(57.033016204833984, 9.393080711364746, -3.4182510375976562)",1,3.5079193115234375,1,"(-33.25312042236328, -65.85525512695312, 708.3504638671875)",1
2013649653,1973490109,"(0.5892250537872314, 1.0005455017089844)","(50.450584411621094, 10.107794761657715, -3.15812611579895)",1,3.020904541015625,1,"(-94.62006378173828, -67.74363708496094, 702.987060546875)",1,"(0.5999138951301575, 1.003657341003418)","(56.36474609375, 9.197663307189941, -3.489342451095581)",1,3.512451171875,1,"(-33.25019836425781, -65.87097930908203, 708.4019165039062)",1
2013666036,1973506492,"(0.5656765699386597, 0.99971604347229)","(37.42121505737305, 10.350349426269531, -3.0697855949401855)",1,3.01898193359375,1,"(-94.66326141357422, -67.76790618896484, 703.0636596679688)",1,"(0.5937613248825073, 0.9979212880134583)","(52.960548400878906, 10.875268936157227, -2.878790855407715)",1,3.5046234130859375,1,"(-33.31916046142578, -65.88675689697266, 708.4876098632812)",1
2013682391,1973522847,"(0.563839852809906, 0.9986986517906189)","(36.40495300292969, 10.64792251586914, -2.961463212966919)",1,3.0189056396484375,1,"(-94.67053985595703, -67.76884460449219, 702.9710693359375)",1,"(0.5868123769760132, 1.0001167058944702)","(49.11564254760742, 10.233222007751465, -3.1124465465545654)",1,3.5042877197265625,1,"(-33.34310531616211, -65.87815856933594, 708.35546875)",1
2013699569,1973540025,"(0.5722817778587341, 1.0063635110855103)","(41.075836181640625, 8.406270980834961, -3.7774157524108887)",1,3.035003662109375,1,"(-94.69312286376953, -67.74949645996094, 702.7032470703125)",1,"(0.5872534513473511, 0.998238205909729)","(49.3597297668457, 10.782560348510742, -2.91247820854187)",1,3.50347900390625,1,"(-33.37035369873047, -65.8493423461914, 708.1130981445312)",1
2013715956,1973556412,"(0.577934980392456, 1.0029046535491943)","(44.20376968383789, 9.417819023132324, -3.4092578887939453)",1,3.032501220703125,1,"(-94.7266845703125, -67.73155975341797, 702.5100708007812)",1,"(0.590868353843689, 0.9979833960533142)","(51.35981369018555, 10.857056617736816, -2.885383129119873)",1,3.491455078125,1,"(-33.420963287353516, -65.81423950195312, 707.9463500976562)",1
2013732357,1973572813,"(0.5744345188140869, 1.0019972324371338)","(42.2669792175293, 9.683245658874512, -3.3126513957977295)",1,3.0236358642578125,1,"(-94.72801971435547, -67.70616912841797, 702.3735961914062)",1,"(0.5946095585823059, 0.9951508641242981)","(53.429840087890625, 11.685531616210938, -2.583852529525757)",1,3.4902801513671875,1,"(-33.446937561035156, -65.7823486328125, 707.7555541992188)",1
2013749485,1973589941,"(0.5777060389518738, 0.9947420358657837)","(44.07711410522461, 11.805075645446777, -2.5403246879577637)",1,3.030242919921875,1,"(-94.7379150390625, -67.66676330566406, 702.1996459960938)",1,"(0.5931992530822754, 0.990932822227478)","(52.64951705932617, 12.919159889221191, -2.134840250015259)",1,3.484619140625,1,"(-33.4654655456543, -65.7348403930664, 707.6226806640625)",1
2013765876,1973606332,"(0.5758463144302368, 0.9930822849273682)","(43.04808044433594, 12.290489196777344, -2.363675355911255)",1,3.02783203125,1,"(-94.7486343383789, -67.64160919189453, 702.1943359375)",1,"(0.5929076671600342, 0.9918201565742493)","(52.48820114135742, 12.659614562988281, -2.229341983795166)",1,3.487213134765625,1,"(-33.47526168823242, -65.69386291503906, 707.6198120117188)",1
2013782227,1973622683,"(0.5748510360717773, 0.9901065826416016)","(42.49742126464844, 13.160754203796387, -2.046903610229492)",1,3.0110931396484375,1,"(-94.73970794677734, -67.63512420654297, 702.1326293945312)",1,"(0.5924920439720154, 0.996829628944397)","(52.2581672668457, 11.194576263427734, -2.7625606060028076)",1,3.486907958984375,1,"(-33.4743537902832, -65.65766143798828, 707.5341186523438)",1
2013799400,1973639856,"(0.5744512677192688, 0.9890354871749878)","(42.276248931884766, 13.47398567199707, -1.9328476190567017)",1,3.0070343017578125,1,"(-94.72444915771484, -67.61790466308594, 702.0372924804688)",1,"(0.5890217423439026, 0.9959019422531128)","(50.338111877441406, 11.4658842086792, -2.663820743560791)",1,3.486663818359375,1,"(-33.46595001220703, -65.63695526123047, 707.449462890625)",1
2013815796,1973656252,"(0.5755419135093689, 0.9954476356506348)","(42.87973403930664, 11.598732948303223, -2.6154773235321045)",1,3.024627685546875,1,"(-94.72921752929688, -67.61431884765625, 702.0646362304688)",1,"(0.591206431388855, 0.9966508746147156)","(51.546875, 11.246824264526367, -2.7435200214385986)",1,3.48834228515625,1,"(-33.46830749511719, -65.63094329833984, 707.4758911132812)",1
2013832193,1973672649,"(0.5738095641136169, 0.9895638227462769)","(41.92120361328125, 13.319499015808105, -1.9891594648361206)",1,3.03131103515625,1,"(-94.73375701904297, -67.61817932128906, 702.09912109375)",1,"(0.5933923125267029, 1.000640869140625)","(52.75634765625, 10.079904556274414, -3.168233871459961)",1,3.4944915771484375,1,"(-33.475608825683594, -65.62786102294922, 707.522216796875)",1
2013849316,1973689772,"(0.5797242522239685, 0.990713894367218)","(45.19377517700195, 12.983174324035645, -2.111560344696045)",1,3.04193115234375,1,"(-94.75418853759766, -67.61424255371094, 702.1892700195312)",1,"(0.5922403931617737, 0.9980653524398804)","(52.11898422241211, 10.833157539367676, -2.894137382507324)",1,3.5003204345703125,1,"(-33.47657012939453, -65.63629913330078, 707.6079711914062)",1
2013865716,1973706172,"(0.616320013999939, 0.9894075989723206)","(65.44224548339844, 13.365215301513672, -1.972493290901184)",1,3.072662353515625,1,"(-94.64306640625, -67.61396026611328, 702.3545532226562)",1,"(0.6206263899803162, 0.9966626763343811)","(67.82496643066406, 11.243364334106445, -2.7447943687438965)",1,3.498046875,1,"(-33.39140319824219, -65.64755249023438, 707.6981201171875)",1
2013882061,1973722517,"(0.6182042956352234, 0.9905851483345032)","(66.48485565185547, 13.020800590515137, -2.0978429317474365)",1,3.080657958984375,1,"(-94.6408920288086, -67.6401596069336, 702.6544799804688)",1,"(0.6241252422332764, 0.9928691983222961)","(69.76084899902344, 12.35280704498291, -2.3409616947174072)",1,3.5089569091796875,1,"(-33.37833786010742, -65.68037414550781, 708.1199951171875)",1
2013899230,1973739687,"(0.6041638851165771, 0.9842144846916199)","(58.71626281738281, 14.884023666381836, -1.4197055101394653)",1,3.079803466796875,1,"(-94.68209075927734, -67.68392181396484, 703.0629272460938)",1,"(0.6203427910804749, 0.9945142865180969)","(67.66803741455078, 11.871671676635742, -2.516077995300293)",1,3.4981536865234375,1,"(-33.3631477355957, -65.71832275390625, 708.4945678710938)",1
2013915636,1973756093,"(0.6064720153808594, 0.9822917580604553)","(59.99333190917969, 15.446313858032227, -1.2150309085845947)",1,3.0831451416015625,1,"(-94.67648315429688, -67.70577239990234, 703.1835327148438)",1,"(0.6226635575294495, 0.9996711611747742)","(68.9521255493164, 10.363510131835938, -3.0650546550750732)",1,3.4920806884765625,1,"(-33.33598327636719, -65.71611785888672, 708.5809326171875)",1
2013932027,1973772484,"(0.6108664870262146, 0.9827298521995544)","(62.42476272583008, 15.318180084228516, -1.2616876363754272)",1,3.068695068359375,1,"(-94.68119049072266, -67.71611022949219, 703.2648315429688)",1,"(0.6206716299057007, 0.9936275482177734)","(67.84999084472656, 12.13103199005127, -2.4217379093170166)",1,3.499237060546875,1,"(-33.32529830932617, -65.72975158691406, 708.695068359375)",1
2013949050,1973789507,"(0.6113473773002625, 0.9898263812065125)","(62.690860748291016, 13.242752075195312, -2.0171101093292236)",1,3.0881500244140625,1,"(-94.69940948486328, -67.73896026611328, 703.4830322265625)",1,"(0.6224628686904907, 0.9946689009666443)","(68.84111785888672, 11.826491355895996, -2.532602071762085)",1,3.4990692138671875,1,"(-33.318145751953125, -65.75566864013672, 708.8903198242188)",1
2013965556,1973806013,"(0.6120256185531616, 0.9876278638839722)","(63.06614685058594, 13.885674476623535, -1.783066987991333)",1,3.1049957275390625,1,"(-94.7193603515625, -67.76272583007812, 703.62939453125)",1,"(0.6258818507194519, 0.9952477812767029)","(70.73280334472656, 11.657171249389648, -2.5942249298095703)",1,3.5120697021484375,1,"(-33.318748474121094, -65.78044128417969, 709.03076171875)",1
2013981897,1973822354,"(0.6113122701644897, 0.9891705513000488)","(62.671443939208984, 13.434524536132812, -1.9472441673278809)",1,3.1241302490234375,1,"(-94.71998596191406, -67.76329040527344, 703.632568359375)",1,"(0.6225389838218689, 0.9938706159591675)","(68.8831558227539, 12.059953689575195, -2.44760799407959)",1,3.5041046142578125,1,"(-33.314693450927734, -65.78804779052734, 709.0340576171875)",1
2013998965,1973839422,"(0.602623462677002, 0.9968076944351196)","(57.86396026611328, 11.20091724395752, -2.760209321975708)",1,3.1101837158203125,1,"(-94.72248840332031, -67.7611312866211, 703.6219482421875)",1,"(0.6246779561042786, 0.9964163899421692)","(70.06672668457031, 11.315398216247559, -2.718597173690796)",1,3.5005340576171875,1,"(-33.319854736328125, -65.78462219238281, 709.0225830078125)",1
2014015476,1973855933,"(0.6059000492095947, 0.9923059344291687)","(59.67687225341797, 12.517556190490723, -2.281015634536743)",1,3.0947418212890625,1,"(-94.73759460449219, -67.7519760131836, 703.6203002929688)",1,"(0.6254197955131531, 0.9985330104827881)","(70.47714233398438, 10.69638729095459, -2.9439072608947754)",1,3.4814605712890625,1,"(-33.334468841552734, -65.76180267333984, 709.02294921875)",1
2014031863,1973872320,"(0.6098194718360901, 0.9840713739395142)","(61.84550094604492, 14.925848007202148, -1.4044842720031738)",1,3.0921173095703125,1,"(-94.75379943847656, -67.7518081665039, 703.669677734375)",1,"(0.6250849366188049, 0.9990354180335999)","(70.29186248779297, 10.549440383911133, -2.997401475906372)",1,3.4849090576171875,1,"(-33.353878021240234, -65.75104522705078, 709.0942993164062)",1
2014048881,1973889338,"(0.6162334680557251, 0.985198438167572)","(65.39433288574219, 14.59621810913086, -1.524460792541504)",1,3.112823486328125,1,"(-94.79186248779297, -67.7387924194336, 703.8604125976562)",1,"(0.62114417552948, 0.9956083297729492)","(68.1114501953125, 11.55174446105957, -2.6325666904449463)",1,3.492462158203125,1,"(-33.375526428222656, -65.74125671386719, 709.27490234375)",1
2014065396,1973905853,"(0.6141753196716309, 0.9846905469894409)","(64.25562286376953, 14.744746208190918, -1.4703880548477173)",1,3.1132354736328125,1,"(-94.81041717529297, -67.75263977050781, 704.0518798828125)",1,"(0.6200876235961914, 0.991970419883728)","(67.52687072753906, 12.61566162109375, -2.245314121246338)",1,3.4907379150390625,1,"(-33.38928985595703, -65.74818420410156, 709.451171875)",1
2014081733,1973922190,"(0.611863374710083, 0.9817169904708862)","(62.97642135620117, 15.614407539367676, -1.1538647413253784)",1,3.075897216796875,1,"(-94.80767059326172, -67.75782775878906, 704.0901489257812)",1,"(0.621192455291748, 0.9957014322280884)","(68.13816833496094, 11.524486541748047, -2.6424925327301025)",1,3.4801788330078125,1,"(-33.3905029296875, -65.75439453125, 709.50390625)",1
2014098795,1973939252,"(0.6090027689933777, 0.9870923161506653)","(61.393611907958984, 14.042348861694336, -1.7260392904281616)",1,3.0666046142578125,1,"(-94.7918472290039, -67.78056335449219, 704.1537475585938)",1,"(0.6203661561012268, 0.9972160458564758)","(67.68095397949219, 11.081547737121582, -2.8036961555480957)",1,3.472320556640625,1,"(-33.38820266723633, -65.77230834960938, 709.5578002929688)",1
2014115316,1973955773,"(0.610304594039917, 0.9878634214401245)","(62.113895416259766, 13.816826820373535, -1.8081334829330444)",1,3.0697479248046875,1,"(-94.78875732421875, -67.80674743652344, 704.28173828125)",1,"(0.619601309299469, 0.9999216794967651)","(67.25780487060547, 10.290243148803711, -3.091726303100586)",1,3.4615936279296875,1,"(-33.39497756958008, -65.78269958496094, 709.6771240234375)",1
2014131699,1973972156,"(0.6171643733978271, 0.990959644317627)","(65.90943908691406, 12.911312103271484, -2.1377081871032715)",1,3.0733184814453125,1,"(-94.79764556884766, -67.81832122802734, 704.3748779296875)",1,"(0.6214127540588379, 0.9992660880088806)","(68.26004028320312, 10.48200798034668, -3.0219204425811768)",1,3.4627532958984375,1,"(-33.40348434448242, -65.79077911376953, 709.8087768554688)",1
2014148711,1973989168,"(0.6202325820922852, 0.9933584928512573)","(67.60704040527344, 12.209746360778809, -2.3931026458740234)",1,3.0671234130859375,1,"(-94.80704498291016, -67.86022186279297, 704.5929565429688)",1,"(0.6201169490814209, 0.9981486797332764)","(67.54306030273438, 10.808774948120117, -2.9029834270477295)",1,3.4653778076171875,1,"(-33.41431427001953, -65.79962921142578, 710.0162963867188)",1
2014165236,1974005693,"(0.612501323223114, 0.9798739552497864)","(63.32933807373047, 16.153417587280273, -0.9576654434204102)",1,3.0596466064453125,1,"(-94.81280517578125, -67.86207580566406, 704.8250732421875)",1,"(0.615964949131012, 0.9825934171676636)","(65.24578857421875, 15.35809326171875, -1.247162103652954)",1,3.45684814453125,1,"(-33.44385528564453, -65.76815795898438, 710.2255249023438)",1
2014181568,1974022025,"(0.5895334482192993, 0.9245368838310242)","(50.621219635009766, 32.3373908996582, 4.932825088500977)",1,3.065887451171875,1,"(-94.80711364746094, -67.77275085449219, 704.91259765625)",1,"(0.604082465171814, 0.8947359919548035)","(58.67116928100586, 41.053035736083984, 8.105012893676758)",1,3.455169677734375,1,"(-33.546112060546875, -65.6097183227539, 710.3436889648438)",1
2014198627,1974039084,"(0.5438200831413269, 0.7045755982398987)","(25.32796859741211, 96.66768646240234, 28.34710121154785)",1,3.1110382080078125,1,"(-94.8551025390625, -67.41030883789062, 705.3169555664062)",1,"(0.5636258721351624, 0.6901234984397888)","(36.28654098510742, 100.89437866210938, 29.885480880737305)",1,3.4373626708984375,1,"(-33.796051025390625, -65.20408630371094, 710.7130737304688)",1
2014215156,1974055613,"(0.5199899077415466, 0.6012758612632751)","(12.142739295959473, 126.87890625, 39.3431282043457)",1,3.10247802734375,1,"(-94.92325592041016, -67.13713073730469, 705.4070434570312)",1,"(0.527508020401001, 0.5552154779434204)","(16.30256462097168, 140.34982299804688, 44.24610137939453)",1,3.446502685546875,1,"(-33.927799224853516, -64.91764831542969, 710.793701171875)",1
2014231534,1974071991,"(0.5154827237129211, 0.6083074808120728)","(9.648923873901367, 124.82247161865234, 38.59461975097656)",1,3.1080322265625,1,"(-94.94064331054688, -67.08750915527344, 705.4251708984375)",1,"(0.5246447920799255, 0.5607594847679138)","(14.718327522277832, 138.72840881347656, 43.65597152709961)",1,3.4486541748046875,1,"(-33.94356155395508, -64.82551574707031, 710.8182983398438)",1
2014248542,1974088999,"(0.5153931379318237, 0.5981097221374512)","(9.599344253540039, 127.80487823486328, 39.680118560791016)",1,3.105712890625,1,"(-94.97355651855469, -67.06822967529297, 705.4539184570312)",1,"(0.5235557556152344, 0.5637707710266113)","(14.115740776062012, 137.8477325439453, 43.335391998291016)",1,3.4557037353515625,1,"(-33.915443420410156, -64.7522201538086, 710.8446044921875)",1
2014265076,1974105533,"(0.5151910781860352, 0.5921229720115662)","(9.487576484680176, 129.5557861328125, 40.31741714477539)",1,3.1092376708984375,1,"(-95.06806182861328, -67.0491714477539, 705.7213745117188)",1,"(0.5212604403495789, 0.5543035268783569)","(12.845743179321289, 140.6165008544922, 44.343177795410156)",1,3.4469451904296875,1,"(-33.954322814941406, -64.71052551269531, 711.1040649414062)",1
2014281404,1974121861,"(0.5186325907707214, 0.5808732509613037)","(11.391773223876953, 132.84591674804688, 41.51490783691406)",1,3.094573974609375,1,"(-95.15692901611328, -67.05509185791016, 705.906494140625)",1,"(0.5248764753341675, 0.5532320141792297)","(14.846495628356934, 140.92990112304688, 44.457237243652344)",1,3.4407501220703125,1,"(-34.02715301513672, -64.68791198730469, 711.3637084960938)",1
2014298458,1974138915,"(0.5150774121284485, 0.5787338018417358)","(9.42468547821045, 133.4716339111328, 41.742645263671875)",1,3.077880859375,1,"(-95.34210205078125, -67.03602600097656, 706.3739013671875)",1,"(0.5233845114707947, 0.5548661351203918)","(14.020991325378418, 140.45196533203125, 44.283302307128906)",1,3.4214324951171875,1,"(-34.158592224121094, -64.6312026977539, 711.7752685546875)",1
2014314996,1974155453,"(0.5145466327667236, 0.5939762592315674)","(9.131007194519043, 129.0137481689453, 40.120140075683594)",1,3.080841064453125,1,"(-95.47835540771484, -66.95042419433594, 706.2863159179688)",1,"(0.5246038436889648, 0.5579556822776794)","(14.695696830749512, 139.54840087890625, 43.95442199707031)",1,3.4237213134765625,1,"(-34.2924690246582, -64.54806518554688, 711.7188110351562)",1
2014331272,1974171729,"(0.5145084857940674, 0.5954648852348328)","(9.109883308410645, 128.5784149169922, 39.96168518066406)",1,3.086944580078125,1,"(-95.52635955810547, -66.90625, 706.1538696289062)",1,"(0.5249696969985962, 0.5473502278327942)","(14.898085594177246, 142.65011596679688, 45.08333969116211)",1,3.41705322265625,1,"(-34.386688232421875, -64.50469207763672, 711.5403442382812)",1
2014348372,1974188829,"(0.5173621773719788, 0.5929981470108032)","(10.688858032226562, 129.2998504638672, 40.2242546081543)",1,3.094635009765625,1,"(-95.67108917236328, -66.85729217529297, 706.0064697265625)",1,"(0.5219207406044006, 0.5567013025283813)","(13.211109161376953, 139.91526794433594, 44.08797836303711)",1,3.409637451171875,1,"(-34.531673431396484, -64.40416717529297, 711.4412231445312)",1
2014364916,1974205373,"(0.5141918063163757, 0.5868320465087891)","(8.934709548950195, 131.1031494140625, 40.88064193725586)",1,3.077667236328125,1,"(-95.85090637207031, -66.86473083496094, 706.328125)",1,"(0.5211264491081238, 0.5635666847229004)","(12.771648406982422, 137.90740966796875, 43.357139587402344)",1,3.3961639404296875,1,"(-34.68339920043945, -64.33907318115234, 711.7326049804688)",1
2014381238,1974221695,"(0.5177916884422302, 0.5879431962966919)","(10.92650318145752, 130.7781982421875, 40.762332916259766)",1,3.08966064453125,1,"(-95.96884155273438, -66.88362884521484, 706.6195068359375)",1,"(0.5213723182678223, 0.5492244958877563)","(12.907672882080078, 142.1019744873047, 44.88384246826172)",1,3.408203125,1,"(-34.81114196777344, -64.35424041748047, 712.1345825195312)",1
2014398288,1974238745,"(0.4863903820514679, 0.539649248123169)","(-6.447836875915527, 144.90231323242188, 45.90311813354492)",1,3.0758056640625,1,"(-96.22374725341797, -66.80557250976562, 707.2562866210938)",1,"(0.49787241220474243, 0.4825589060783386)","(-0.09486883133649826, 161.5990753173828, 51.98024368286133)",1,3.4047393798828125,1,"(-35.11256408691406, -64.23199462890625, 712.7073974609375)",1
2014414836,1974255293,"(0.4635428488254547, 0.42387107014656067)","(-19.089406967163086, 178.76304626464844, 58.22736358642578)",1,3.0662078857421875,1,"(-96.4434585571289, -66.60160064697266, 707.7037353515625)",1,"(0.4727582633495331, 0.3794974982738495)","(-13.990508079528809, 191.74061584472656, 62.950801849365234)",1,3.4048919677734375,1,"(-35.46402359008789, -63.983028411865234, 713.121826171875)",1
2014431204,1974271661,"(0.4567212164402008, 0.39714041352272034)","(-22.863834381103516, 186.58074951171875, 61.072784423828125)",1,3.05816650390625,1,"(-96.54877471923828, -66.5525131225586, 707.9171142578125)",1,"(0.468971312046051, 0.3461667001247406)","(-16.085840225219727, 201.4886016845703, 66.49877166748047)",1,3.3992156982421875,1,"(-35.62864685058594, -63.886817932128906, 713.4125366210938)",1
2014448107,1974288564,"(0.45824795961380005, 0.4002017676830292)","(-22.01905059814453, 185.68540954589844, 60.746925354003906)",1,3.0515289306640625,1,"(-96.74932098388672, -66.54632568359375, 708.0642700195312)",1,"(0.46584486961364746, 0.3583700358867645)","(-17.815673828125, 197.91957092285156, 65.19977569580078)",1,3.384552001953125,1,"(-35.73773193359375, -63.83773422241211, 713.56689453125)",1
2014464756,1974305213,"(0.45807600021362305, 0.3995315730571747)","(-22.114187240600586, 185.88140869140625, 60.818233489990234)",1,3.055450439453125,1,"(-96.94073486328125, -66.56610107421875, 708.459716796875)",1,"(0.4646187722682953, 0.35592713952064514)","(-18.494070053100586, 198.63404846191406, 65.45980834960938)",1,3.391204833984375,1,"(-35.85638427734375, -63.846805572509766, 713.936279296875)",1
2014481074,1974321531,"(0.4590146839618683, 0.3984038829803467)","(-21.59480094909668, 186.2112274169922, 60.93827438354492)",1,3.0519256591796875,1,"(-97.00613403320312, -66.56875610351562, 708.5645141601562)",1,"(0.4668164849281311, 0.36218059062957764)","(-17.278087615966797, 196.80514526367188, 64.79413604736328)",1,3.378814697265625,1,"(-35.91656494140625, -63.83819580078125, 714.0847778320312)",1
2014498023,1974338480,"(0.4570186138153076, 0.3994157910346985)","(-22.699235916137695, 185.91526794433594, 60.83056640625)",1,3.0443115234375,1,"(-97.11282348632812, -66.57984924316406, 708.8385620117188)",1,"(0.462596595287323, 0.3549867570400238)","(-19.61293601989746, 198.90907287597656, 65.55992889404297)",1,3.3675994873046875,1,"(-35.962764739990234, -63.86263656616211, 714.3453369140625)",1
2014514676,1974355133,"(0.4549880027770996, 0.4044935703277588)","(-23.82279396057129, 184.43019104003906, 60.290069580078125)",1,3.0428619384765625,1,"(-97.18360900878906, -66.604736328125, 709.1654663085938)",1,"(0.46064046025276184, 0.35045844316482544)","(-20.6953067779541, 200.23342895507812, 66.0419692993164)",1,3.3552398681640625,1,"(-35.994293212890625, -63.884796142578125, 714.644775390625)",1
2014531040,1974371497,"(0.4537503123283386, 0.39850497245788574)","(-24.50761604309082, 186.18167114257812, 60.927547454833984)",1,3.0372772216796875,1,"(-97.21452331542969, -66.61982727050781, 709.310302734375)",1,"(0.45850875973701477, 0.35633379220962524)","(-21.87474822998047, 198.5150909423828, 65.41653442382812)",1,3.368316650390625,1,"(-36.01025390625, -63.903221130371094, 714.84228515625)",1
2014547937,1974388394,"(0.4589349031448364, 0.394679993391037)","(-21.63897132873535, 187.30030822753906, 61.33469772338867)",1,3.04730224609375,1,"(-97.28423309326172, -66.66279602050781, 709.6244506835938)",1,"(0.4591748118400574, 0.35490915179252625)","(-21.506237030029297, 198.93174743652344, 65.56819152832031)",1,3.3652191162109375,1,"(-36.04777145385742, -63.936031341552734, 715.1315307617188)",1
2014564596,1974405053,"(0.4627295136451721, 0.39377132058143616)","(-19.539384841918945, 187.56607055664062, 61.4314079284668)",1,3.0546722412109375,1,"(-97.36912536621094, -66.6978530883789, 709.8099365234375)",1,"(0.4629379212856293, 0.3514930307865143)","(-19.424089431762695, 199.9308319091797, 65.93183135986328)",1,3.3627471923828125,1,"(-36.10922622680664, -63.9607048034668, 715.3180541992188)",1
2014580910,1974421367,"(0.4642535448074341, 0.3966131806373596)","(-18.6961727142334, 186.7349395751953, 61.12889099121094)",1,3.05322265625,1,"(-97.41815948486328, -66.70588684082031, 709.91015625)",1,"(0.46338942646980286, 0.358212947845459)","(-19.174293518066406, 197.96551513671875, 65.21653747558594)",1,3.3623504638671875,1,"(-36.17689514160156, -63.960140228271484, 715.4624633789062)",1
2014597949,1974438406,"(0.45316609740257263, 0.37694698572158813)","(-24.830873489379883, 192.48654174804688, 63.22230911254883)",1,3.0522613525390625,1,"(-97.54364776611328, -66.67244720458984, 710.3106689453125)",1,"(0.4562339186668396, 0.31800252199172974)","(-23.133405685424805, 209.72552490234375, 69.49681091308594)",1,3.372589111328125,1,"(-36.32328414916992, -63.952301025390625, 715.8385009765625)",1
2014614516,1974454973,"(0.4526284337043762, 0.3684036135673523)","(-25.12835121154785, 194.9851531982422, 64.13175964355469)",1,3.0471038818359375,1,"(-97.7012710571289, -66.67163848876953, 710.7162475585938)",1,"(0.4573938846588135, 0.3026718199253082)","(-22.491622924804688, 214.2091522216797, 71.12870788574219)",1,3.376739501953125,1,"(-36.4814453125, -63.93954849243164, 716.2315673828125)",1
2014630876,1974471333,"(0.4540373980998993, 0.372976690530777)","(-24.348787307739258, 193.647705078125, 63.644962310791016)",1,3.0532379150390625,1,"(-97.79509735107422, -66.69026947021484, 710.99951171875)",1,"(0.45686668157577515, 0.30446723103523254)","(-22.78335189819336, 213.68408203125, 70.93760681152344)",1,3.380157470703125,1,"(-36.548423767089844, -63.94791793823242, 716.6369018554688)",1
2014647769,1974488226,"(0.45170146226882935, 0.3749856650829315)","(-25.641246795654297, 193.0601348876953, 63.4311637878418)",1,3.054840087890625,1,"(-97.95459747314453, -66.73336791992188, 711.5740966796875)",1,"(0.45400121808052063, 0.3116752505302429)","(-24.368791580200195, 211.5760498046875, 70.17033386230469)",1,3.388519287109375,1,"(-36.63867950439453, -63.939849853515625, 717.138916015625)",1
2014664436,1974504893,"(0.4510380029678345, 0.37107640504837036)","(-26.008365631103516, 194.20346069335938, 63.847251892089844)",1,3.0731964111328125,1,"(-98.07156372070312, -66.75601959228516, 711.9306640625)",1,"(0.45215749740600586, 0.314965158700943)","(-25.38893699645996, 210.61387634277344, 69.82012176513672)",1,3.3779754638671875,1,"(-36.705101013183594, -63.91828536987305, 717.464599609375)",1
2014680745,1974521202,"(0.4519330859184265, 0.3702981770038605)","(-25.513090133666992, 194.43106079101562, 63.930076599121094)",1,3.0680694580078125,1,"(-98.13032531738281, -66.78165435791016, 712.1463623046875)",1,"(0.4569329619407654, 0.3138125240802765)","(-22.746665954589844, 210.9509735107422, 69.94278717041016)",1,3.3704681396484375,1,"(-36.76137161254883, -63.92192077636719, 717.7711791992188)",1
2014697781,1974538238,"(0.4515269994735718, 0.36834681034088135)","(-25.73776626586914, 195.0017852783203, 64.13780212402344)",1,3.0648040771484375,1,"(-98.26932525634766, -66.85400390625, 712.765380859375)",1,"(0.4575698673725128, 0.30791303515434265)","(-22.394258499145508, 212.6763153076172, 70.57081604003906)",1,3.36700439453125,1,"(-36.828067779541016, -63.9679069519043, 718.3487548828125)",1
2014714356,1974554813,"(0.4528600871562958, 0.3708479702472687)","(-25.000194549560547, 194.270263671875, 63.87151336669922)",1,3.065399169921875,1,"(-98.38288116455078, -66.89197540283203, 713.15771484375)",1,"(0.45550963282585144, 0.31260544061660767)","(-23.534183502197266, 211.30397033691406, 70.07134246826172)",1,3.3764190673828125,1,"(-36.89032745361328, -63.980987548828125, 718.74462890625)",1
2014730711,1974571168,"(0.45059677958488464, 0.37303289771080017)","(-26.25244140625, 193.63124084472656, 63.638946533203125)",1,3.059234619140625,1,"(-98.41078186035156, -66.89861297607422, 713.1961059570312)",1,"(0.44808462262153625, 0.3029739558696747)","(-27.642454147338867, 214.12083435058594, 71.09657287597656)",1,3.36541748046875,1,"(-36.90776824951172, -63.985435485839844, 718.7987060546875)",1
2014747696,1974588153,"(0.44965603947639465, 0.368569552898407)","(-26.772947311401367, 194.9365997314453, 64.11412811279297)",1,3.066925048828125,1,"(-98.49574279785156, -66.92659759521484, 713.2355346679688)",1,"(0.4507876932621002, 0.2998621165752411)","(-26.146825790405273, 215.0309295654297, 71.42778015136719)",1,3.3607940673828125,1,"(-36.98969268798828, -63.99126052856445, 718.8369140625)",1
2014764276,1974604733,"(0.45033952593803406, 0.3669768273830414)","(-26.39481544494629, 195.40240478515625, 64.28362274169922)",1,3.055999755859375,1,"(-98.62311553955078, -66.95975494384766, 713.4909057617188)",1,"(0.45811012387275696, 0.3001035153865814)","(-22.095352172851562, 214.96034240722656, 71.402099609375)",1,3.359375,1,"(-37.10277557373047, -64.0118408203125, 719.0632934570312)",1
2014780581,1974621038,"(0.45021167397499084, 0.3637447953224182)","(-26.46552848815918, 196.34767150878906, 64.6276626586914)",1,3.0646209716796875,1,"(-98.67201232910156, -66.98533630371094, 713.6168212890625)",1,"(0.4533669054508209, 0.2971508800983429)","(-24.719776153564453, 215.82386779785156, 71.7164306640625)",1,3.3621368408203125,1,"(-37.14177322387695, -64.02923583984375, 719.2433471679688)",1
2014797514,1974637971,"(0.45136359333992004, 0.359151154756546)","(-25.828176498413086, 197.6911163330078, 65.11663818359375)",1,3.059783935546875,1,"(-98.76168823242188, -67.03241729736328, 713.732177734375)",1,"(0.4503839910030365, 0.2963830530643463)","(-26.370197296142578, 216.04843139648438, 71.79812622070312)",1,3.358154296875,1,"(-37.200889587402344, -64.0387954711914, 719.3475952148438)",1
2014814196,1974654653,"(0.4592667818069458, 0.39971980452537537)","(-21.455339431762695, 185.82635498046875, 60.798221588134766)",1,3.048919677734375,1,"(-98.75732421875, -67.19456481933594, 713.9239501953125)",1,"(0.45774126052856445, 0.3286142945289612)","(-22.2994441986084, 206.6220245361328, 68.36719512939453)",1,3.33935546875,1,"(-37.245513916015625, -64.17196655273438, 719.4959106445312)",1
2014830547,1974671004,"(0.48009708523750305, 0.4811669886112213)","(-9.929940223693848, 162.0061798095703, 52.12835693359375)",1,3.0455780029296875,1,"(-98.65707397460938, -67.3365478515625, 713.7755126953125)",1,"(0.4848458170890808, 0.44981569051742554)","(-7.302476406097412, 171.1752471923828, 55.46561050415039)",1,3.34149169921875,1,"(-37.2569465637207, -64.3807144165039, 719.2581787109375)",1
2014847526,1974687983,"(0.5016927719116211, 0.6641600131988525)","(2.018963098526001, 108.48774719238281, 32.64921188354492)",1,3.053619384765625,1,"(-98.49148559570312, -67.69890594482422, 713.31494140625)",1,"(0.5017321109771729, 0.6154865622520447)","(2.0407183170318604, 122.72286987304688, 37.83037567138672)",1,3.349945068359375,1,"(-37.27168273925781, -64.66761779785156, 718.8994750976562)",1
2014864116,1974704573,"(0.49690312147140503, 0.664801299571991)","(-0.6311604976654053, 108.3001708984375, 32.58098220825195)",1,3.0583648681640625,1,"(-98.7511215209961, -67.8496322631836, 714.1473999023438)",1,"(0.5047849416732788, 0.6200514435768127)","(3.7298929691314697, 121.38774871826172, 37.344512939453125)",1,3.34283447265625,1,"(-37.31592559814453, -64.78875732421875, 719.7320556640625)",1
2014880513,1974720970,"(0.49582526087760925, 0.6720015406608582)","(-1.2275218963623047, 106.19432067871094, 31.814544677734375)",1,3.060028076171875,1,"(-98.7907943725586, -67.86280059814453, 714.233642578125)",1,"(0.5052436590194702, 0.6361831426620483)","(3.983670949935913, 116.66985321044922, 35.62739181518555)",1,3.3401947021484375,1,"(-37.331207275390625, -64.80545043945312, 719.85107421875)",1
2014897538,1974737995,"(0.4963871240615845, 0.6798737645149231)","(-0.9166440367698669, 103.8919906616211, 30.976621627807617)",1,3.058685302734375,1,"(-98.89454650878906, -67.89939880371094, 714.4677124023438)",1,"(0.5057471990585327, 0.6444116234779358)","(4.262266159057617, 114.26335906982422, 34.75141906738281)",1,3.3318328857421875,1,"(-37.37467956542969, -64.83381652832031, 720.0873413085938)",1
2014914036,1974754493,"(0.49975380301475525, 0.6922814846038818)","(0.9461255073547363, 100.26323699951172, 29.655792236328125)",1,3.087158203125,1,"(-99.00115966796875, -67.93956756591797, 714.8155517578125)",1,"(0.509272038936615, 0.6419411897659302)","(6.212614059448242, 114.98584747314453, 35.014400482177734)",1,3.3356170654296875,1,"(-37.405269622802734, -64.87924194335938, 720.4173583984375)",1
2014930381,1974770839,"(0.4999184012413025, 0.6834279298782349)","(1.0371946096420288, 102.85258483886719, 30.59821891784668)",1,3.062255859375,1,"(-99.0254898071289, -67.94729614257812, 714.8826293945312)",1,"(0.5089641809463501, 0.6417189240455627)","(6.042211532592773, 115.05083465576172, 35.03805923461914)",1,3.339324951171875,1,"(-37.40161895751953, -64.89970397949219, 720.509521484375)",1
2014947454,1974787912,"(0.4986891746520996, 0.6911984086036682)","(0.35708877444267273, 100.58000183105469, 29.7711181640625)",1,3.0640869140625,1,"(-99.03570556640625, -67.9533920288086, 714.955810546875)",1,"(0.5084779858589172, 0.646641731262207)","(5.77323579788208, 113.61112213134766, 34.5140266418457)",1,3.3430328369140625,1,"(-37.38322448730469, -64.9223403930664, 720.5687255859375)",1
2014963956,1974804414,"(0.5006960034370422, 0.6885238289833069)","(1.4674421548843384, 101.36222076416016, 30.05574607849121)",1,3.0751495361328125,1,"(-99.00945281982422, -67.94779968261719, 714.894287109375)",1,"(0.5027636885643005, 0.6464948058128357)","(2.611501693725586, 113.65406799316406, 34.529685974121094)",1,3.3367156982421875,1,"(-37.335960388183594, -64.92607116699219, 720.5149536132812)",1
2014980347,1974820805,"(0.5000017881393433, 0.6895216703414917)","(1.0833404064178467, 101.07040405273438, 29.94950294494629)",1,3.0885467529296875,1,"(-98.9957046508789, -67.9439926147461, 714.8733520507812)",1,"(0.5032724142074585, 0.6417266130447388)","(2.892998456954956, 115.04859924316406, 35.03726577758789)",1,3.331298828125,1,"(-37.315189361572266, -64.92304992675781, 720.4861450195312)",1
2014997466,1974837925,"(0.5005606412887573, 0.6905538439750671)","(1.3925400972366333, 100.7685317993164, 29.839704513549805)",1,3.1041107177734375,1,"(-98.97946166992188, -67.92898559570312, 714.869384765625)",1,"(0.5006996393203735, 0.6480250358581543)","(1.4694358110427856, 113.20655822753906, 34.36676025390625)",1,3.3493499755859375,1,"(-37.294639587402344, -64.90653228759766, 720.4878540039062)",1
2015013876,1974854335,"(0.49818071722984314, 0.6844659447669983)","(0.0757143497467041, 102.54899597167969, 30.48776626586914)",1,3.0883941650390625,1,"(-98.9960708618164, -67.91160583496094, 714.8776245117188)",1,"(0.4971344769001007, 0.6478171944618225)","(-0.5031648278236389, 113.26736450195312, 34.388916015625)",1,3.3595733642578125,1,"(-37.29696273803711, -64.88985443115234, 720.5)",1
2015030217,1974870676,"(0.49917566776275635, 0.6886769533157349)","(0.6262269616127014, 101.31743621826172, 30.039491653442383)",1,3.0953521728515625,1,"(-99.00839233398438, -67.90742492675781, 714.8635864257812)",1,"(0.4983343780040741, 0.6427991986274719)","(0.16078069806098938, 114.73492431640625, 34.92304229736328)",1,3.3375396728515625,1,"(-37.31626510620117, -64.88336181640625, 720.4819946289062)",1
2015047382,1974887841,"(0.49960970878601074, 0.6895734071731567)","(0.8663926720619202, 101.0552978515625, 29.944087982177734)",1,3.117218017578125,1,"(-99.03983306884766, -67.91963195800781, 714.8955078125)",1,"(0.5039828419685364, 0.6393632888793945)","(3.286048173904419, 115.73981475830078, 35.28882598876953)",1,3.3366851806640625,1,"(-37.364566802978516, -64.88362884521484, 720.5113525390625)",1
2015063796,1974904255,"(0.4986558258533478, 0.6916338205337524)","(0.3386060297489166, 100.45269775390625, 29.724687576293945)",1,3.09051513671875,1,"(-99.046142578125, -67.957763671875, 714.9490356445312)",1,"(0.5080143213272095, 0.64937424659729)","(5.51666259765625, 112.81201934814453, 34.22312545776367)",1,3.330078125,1,"(-37.4079475402832, -64.90953063964844, 720.5596923828125)",1
2015080183,1974920642,"(0.5017431974411011, 0.7160763740539551)","(2.046888589859009, 93.30414581298828, 27.122844696044922)",1,3.0897064208984375,1,"(-99.01781463623047, -67.96765899658203, 714.9159545898438)",1,"(0.5111357569694519, 0.6733075380325317)","(7.243727207183838, 105.81242370605469, 31.675487518310547)",1,3.3436279296875,1,"(-37.4117431640625, -64.93937683105469, 720.5039672851562)",1
2015097394,1974937853,"(0.5046523809432983, 0.7186362743377686)","(3.6565372943878174, 92.55547332763672, 26.850391387939453)",1,3.08660888671875,1,"(-98.98381042480469, -67.95613098144531, 714.7217407226562)",1,"(0.514316201210022, 0.6788535714149475)","(9.00352668762207, 104.19041442871094, 31.085134506225586)",1,3.3607177734375,1,"(-37.39666748046875, -64.92323303222656, 720.3492431640625)",1
2015113716,1974954175,"(0.5042258501052856, 0.72039395570755)","(3.4205191135406494, 92.04145050048828, 26.663284301757812)",1,3.0866851806640625,1,"(-98.99602508544922, -67.95881652832031, 714.8723754882812)",1,"(0.5150985717773438, 0.6798812747001648)","(9.436380386352539, 103.88985443115234, 30.97576141357422)",1,3.362091064453125,1,"(-37.39885330200195, -64.91590118408203, 720.4759521484375)",1
2015130149,1974970608,"(0.5067979097366333, 0.7188593149185181)","(4.843647003173828, 92.49026489257812, 26.82664680480957)",1,3.106689453125,1,"(-98.98995971679688, -67.95338439941406, 714.8797607421875)",1,"(0.5134983658790588, 0.6775991320610046)","(8.550972938537598, 104.5572738647461, 31.21868133544922)",1,3.354339599609375,1,"(-37.398048400878906, -64.89608764648438, 720.4854736328125)",1
2015147213,1974987672,"(0.5058684945106506, 0.7233706116676331)","(4.329416751861572, 91.17086791992188, 26.34641456604004)",1,3.114715576171875,1,"(-98.98656463623047, -67.91817474365234, 714.883056640625)",1,"(0.5127035975456238, 0.672540009021759)","(8.11125373840332, 106.03687286376953, 31.75718879699707)",1,3.353729248046875,1,"(-37.395668029785156, -64.86756896972656, 720.4942626953125)",1
2015163636,1975004095,"(0.5061347484588623, 0.7258337140083313)","(4.4766974449157715, 90.4504623413086, 26.08425521850586)",1,3.1353302001953125,1,"(-99.01700592041016, -67.89612579345703, 715.0111694335938)",1,"(0.5152608156204224, 0.6698883771896362)","(9.526172637939453, 106.8123550415039, 32.039459228515625)",1,3.36492919921875,1,"(-37.42670822143555, -64.85448455810547, 720.6166381835938)",1
2015180019,1975020478,"(0.5101460218429565, 0.7195230722427368)","(6.6961350440979, 92.2961196899414, 26.75601577758789)",1,3.132110595703125,1,"(-99.03630828857422, -67.88599395751953, 715.0352783203125)",1,"(0.5152840614318848, 0.6598668098449707)","(9.539006233215332, 109.74331665039062, 33.106239318847656)",1,3.3623199462890625,1,"(-37.441715240478516, -64.85152435302734, 720.6478271484375)",1
2015197127,1975037586,"(0.5062403082847595, 0.7163493037223816)","(4.535134315490723, 93.22428894042969, 27.093799591064453)",1,3.1281280517578125,1,"(-99.0592041015625, -67.83866119384766, 714.9230346679688)",1,"(0.5145536065101624, 0.6700612306594849)","(9.134846687316895, 106.76183319091797, 32.02109909057617)",1,3.3770599365234375,1,"(-37.47453689575195, -64.80384063720703, 720.5347290039062)",1
2015213556,1975054015,"(0.503353476524353, 0.7228620648384094)","(2.9378225803375244, 91.31958770751953, 26.400529861450195)",1,3.1251220703125,1,"(-99.07572937011719, -67.77601623535156, 714.6832885742188)",1,"(0.511712372303009, 0.6737163662910461)","(7.562788009643555, 105.6928482055664, 31.63204002380371)",1,3.373260498046875,1,"(-37.50530242919922, -64.7411117553711, 720.310546875)",1
2015229985,1975070444,"(0.49967339634895325, 0.7300934195518494)","(0.9016520977020264, 89.2047119140625, 25.63079261779785)",1,3.129669189453125,1,"(-99.09017944335938, -67.75167083740234, 714.6486206054688)",1,"(0.5091466903686523, 0.6748455762863159)","(6.143228054046631, 105.36258697509766, 31.51180648803711)",1,3.3650665283203125,1,"(-37.540000915527344, -64.70172882080078, 720.2666625976562)",1
2015247139,1975087598,"(0.5011987090110779, 0.7290768027305603)","(1.7455939054489136, 89.5020523071289, 25.738983154296875)",1,3.137420654296875,1,"(-99.16685485839844, -67.73834228515625, 714.7793579101562)",1,"(0.5082791447639465, 0.6886921525001526)","(5.663201332092285, 101.31298065185547, 30.037839889526367)",1,3.3836822509765625,1,"(-37.60985565185547, -64.66033935546875, 720.409423828125)",1
2015263476,1975103935,"(0.5077218413352966, 0.7253183722496033)","(5.354818820953369, 90.60123443603516, 26.139089584350586)",1,3.1378326416015625,1,"(-99.2631607055664, -67.73552703857422, 715.0541381835938)",1,"(0.5158252716064453, 0.6801905035972595)","(9.838457107543945, 103.79942321777344, 30.942829132080078)",1,3.39239501953125,1,"(-37.695823669433594, -64.64485168457031, 720.667236328125)",1
2015279854,1975120313,"(0.5098097324371338, 0.7271467447280884)","(6.510054588317871, 90.0665054321289, 25.94447898864746)",1,3.154327392578125,1,"(-99.3067855834961, -67.7357406616211, 715.1198120117188)",1,"(0.5125332474708557, 0.6686283349990845)","(8.017009735107422, 107.18091583251953, 32.17360305786133)",1,3.3934783935546875,1,"(-37.72267532348633, -64.64495086669922, 720.7595825195312)",1
2015296959,1975137418,"(0.5061303377151489, 0.7210605144500732)","(4.474262714385986, 91.84647369384766, 26.592327117919922)",1,3.157501220703125,1,"(-99.33631896972656, -67.70352172851562, 715.0281982421875)",1,"(0.5119588971138, 0.6674802899360657)","(7.699220180511475, 107.51663208007812, 32.29582977294922)",1,3.41302490234375,1,"(-37.76093292236328, -64.5768051147461, 720.6552124023438)",1
2015313396,1975153855,"(0.5549707412719727, 0.5939510464668274)","(31.497638702392578, 129.0211639404297, 40.12282943725586)",1,3.1631927490234375,1,"(-99.16032409667969, -67.52386474609375, 715.052734375)",1,"(0.5657503008842468, 0.5649763941764832)","(37.46199417114258, 137.49513244628906, 43.207122802734375)",1,3.4132080078125,1,"(-37.76611328125, -64.38394927978516, 720.5999145507812)",1
2015329820,1975170279,"(0.5647745728492737, 0.5667806267738342)","(36.922119140625, 136.9674530029297, 43.01503372192383)",1,3.1693267822265625,1,"(-99.18128204345703, -67.5073013305664, 715.455322265625)",1,"(0.5741586685180664, 0.5235399007797241)","(42.1143798828125, 149.61370849609375, 47.61793518066406)",1,3.40826416015625,1,"(-37.827239990234375, -64.3421859741211, 721.1450805664062)",1
2015346874,1975187333,"(0.5627319812774658, 0.5746853947639465)","(35.79199981689453, 134.65560913085938, 42.173561096191406)",1,3.1877593994140625,1,"(-99.37651062011719, -67.5153579711914, 715.8580322265625)",1,"(0.577547550201416, 0.5443762540817261)","(43.98943328857422, 143.51988220214844, 45.39989471435547)",1,3.4151458740234375,1,"(-37.93578338623047, -64.30967712402344, 721.526123046875)",1
2015363316,1975203775,"(0.5605164766311646, 0.5688068270683289)","(34.566131591796875, 136.3748321533203, 42.799354553222656)",1,3.1806182861328125,1,"(-99.55709075927734, -67.5520248413086, 716.1505737304688)",1,"(0.5779497623443604, 0.5404450297355652)","(44.21198272705078, 144.6696014404297, 45.8183708190918)",1,3.4138336181640625,1,"(-38.03361511230469, -64.30345916748047, 721.76806640625)",1
2015379690,1975220149,"(0.5637261867523193, 0.5716032385826111)","(36.342041015625, 135.5570068359375, 42.50168228149414)",1,3.1794281005859375,1,"(-99.62200927734375, -67.55252075195312, 716.1658325195312)",1,"(0.5765889286994934, 0.533615231513977)","(43.45901107788086, 146.66705322265625, 46.54541015625)",1,3.41766357421875,1,"(-38.08742904663086, -64.30995178222656, 721.7911376953125)",1
2015396692,1975237151,"(0.5663765072822571, 0.5771518349647522)","(37.808475494384766, 133.9342803955078, 41.91108322143555)",1,3.1824188232421875,1,"(-99.69847106933594, -67.54354858398438, 715.9210815429688)",1,"(0.5780723690986633, 0.5441524386405945)","(44.27979278564453, 143.58534240722656, 45.42375946044922)",1,3.4310302734375,1,"(-38.16327667236328, -64.28730010986328, 721.5643920898438)",1
2015413236,1975253695,"(0.5627959966659546, 0.5671750903129578)","(35.827415466308594, 136.85205078125, 42.97308349609375)",1,3.157623291015625,1,"(-99.7225341796875, -67.52863311767578, 715.5537109375)",1,"(0.5797110795974731, 0.5473547577857971)","(45.18650817871094, 142.64877319335938, 45.08286666870117)",1,3.4336090087890625,1,"(-38.21379852294922, -64.2460708618164, 721.21435546875)",1
2015429656,1975270116,"(0.5628424882888794, 0.5694992542266846)","(35.8531379699707, 136.17230224609375, 42.72568130493164)",1,3.1495513916015625,1,"(-99.76353454589844, -67.5355224609375, 715.5467529296875)",1,"(0.5801628232002258, 0.5448108315467834)","(45.43646240234375, 143.39279174804688, 45.353660583496094)",1,3.4295196533203125,1,"(-38.24440383911133, -64.25177764892578, 721.2102661132812)",1
2015446608,1975287068,"(0.5637186169624329, 0.5777722597122192)","(36.337890625, 133.75279235839844, 41.84502029418945)",1,3.159423828125,1,"(-99.83118438720703, -67.56857299804688, 715.6061401367188)",1,"(0.5759986639022827, 0.5428592562675476)","(43.13241958618164, 143.96351623535156, 45.561397552490234)",1,3.444915771484375,1,"(-38.28399658203125, -64.2853775024414, 721.2543334960938)",1
2015463156,1975303616,"(0.5666874647140503, 0.5740661025047302)","(37.98052978515625, 134.8367462158203, 42.2394905090332)",1,3.1538543701171875,1,"(-99.87744140625, -67.6016845703125, 715.6744995117188)",1,"(0.5777679681777954, 0.5359140038490295)","(44.11135482788086, 145.99476623535156, 46.300724029541016)",1,3.4412994384765625,1,"(-38.30459976196289, -64.36165618896484, 721.3219604492188)",1
2015479524,1975319984,"(0.5650326013565063, 0.5738087296485901)","(37.064857482910156, 134.9120330810547, 42.26687240600586)",1,3.1432037353515625,1,"(-99.88034057617188, -67.61284637451172, 715.6940307617188)",1,"(0.5765070915222168, 0.5271003842353821)","(43.41373062133789, 148.5723876953125, 47.23892593383789)",1,3.4385833740234375,1,"(-38.29094314575195, -64.41158294677734, 721.346435546875)",1
2015496620,1975337080,"(0.5594413876533508, 0.5461540818214417)","(33.97129440307617, 142.9999542236328, 45.21070098876953)",1,3.0883636474609375,1,"(-99.85503387451172, -67.60517883300781, 715.6923217773438)",1,"(0.5721204280853271, 0.535031259059906)","(40.98652267456055, 146.25294494628906, 46.394657135009766)",1,3.455474853515625,1,"(-38.25470733642578, -64.4561767578125, 721.3375244140625)",1
2015513076,1975353536,"(0.561741054058075, 0.5672584772109985)","(35.2436637878418, 136.82774353027344, 42.96415328979492)",1,3.14208984375,1,"(-99.75397491455078, -67.55575561523438, 715.4971923828125)",1,"(0.5752213597297668, 0.5432257056236267)","(42.70232391357422, 143.85638427734375, 45.52241134643555)",1,3.451751708984375,1,"(-38.17710876464844, -64.45389556884766, 721.1575317382812)",1
2015529394,1975369854,"(0.5598676800727844, 0.5598902702331543)","(34.207157135009766, 138.98260498046875, 43.748497009277344)",1,3.12408447265625,1,"(-99.69165802001953, -67.53213500976562, 715.4225463867188)",1,"(0.5755958557128906, 0.5388789772987366)","(42.90952682495117, 145.1276397705078, 45.98512649536133)",1,3.433135986328125,1,"(-38.08873748779297, -64.4489517211914, 721.0511474609375)",1
2015546536,1975386996,"(0.5636218190193176, 0.5641554594039917)","(36.28429412841797, 137.7351531982422, 43.294498443603516)",1,3.1428375244140625,1,"(-99.53838348388672, -67.46000671386719, 715.3262329101562)",1,"(0.5770351886749268, 0.5441365838050842)","(43.705955505371094, 143.58998107910156, 45.425411224365234)",1,3.4490966796875,1,"(-37.936485290527344, -64.44613647460938, 720.9446411132812)",1
2015562996,1975403456,"(0.5617376565933228, 0.5395908355712891)","(35.241817474365234, 144.91941833496094, 45.909297943115234)",1,3.085662841796875,1,"(-99.30574798583984, -67.38355255126953, 714.9736938476562)",1,"(0.5785356760025024, 0.5452631115913391)","(44.536155700683594, 143.26048278808594, 45.30552673339844)",1,3.4515228271484375,1,"(-37.742774963378906, -64.41609191894531, 720.6052856445312)",1
2015579360,1975419820,"(0.5593123435974121, 0.5444768667221069)","(33.899864196777344, 143.49044799804688, 45.38920593261719)",1,3.08905029296875,1,"(-99.2024917602539, -67.34052276611328, 714.8456420898438)",1,"(0.5775464773178101, 0.5438642501831055)","(43.988834381103516, 143.66958618164062, 45.45441818237305)",1,3.45025634765625,1,"(-37.61043930053711, -64.39891052246094, 720.4252319335938)",1
2015596451,1975436911,"(0.5603243708610535, 0.5580798387527466)","(34.4598274230957, 139.51210021972656, 43.94121551513672)",1,3.1172637939453125,1,"(-98.9872055053711, -67.25812530517578, 714.5664672851562)",1,"(0.5763909816741943, 0.5381025671958923)","(43.34947204589844, 145.35467529296875, 46.06771469116211)",1,3.44549560546875,1,"(-37.41706466674805, -64.35736083984375, 720.164306640625)",1
2015612916,1975453376,"(0.5623047947883606, 0.5653417110443115)","(35.55561828613281, 137.3882598876953, 43.16815185546875)",1,3.1244354248046875,1,"(-98.84894561767578, -67.20862579345703, 714.595703125)",1,"(0.5722725987434387, 0.5441092252731323)","(41.07078552246094, 143.59796142578125, 45.42832565307617)",1,3.4644317626953125,1,"(-37.27260971069336, -64.33536529541016, 720.1778564453125)",1
2015629230,1975469690,"(0.5686778426170349, 0.5530710220336914)","(39.081809997558594, 140.9770050048828, 44.474327087402344)",1,3.0918121337890625,1,"(-98.80021667480469, -67.20826721191406, 714.7164916992188)",1,"(0.5891230702400208, 0.5407862067222595)","(50.394142150878906, 144.56982421875, 45.78207015991211)",1,3.4644927978515625,1,"(-37.204437255859375, -64.33719635009766, 720.3391723632812)",1
2015646269,1975486729,"(0.5754859447479248, 0.5582550168037415)","(42.84870910644531, 139.4608612060547, 43.922576904296875)",1,3.12310791015625,1,"(-98.72859954833984, -67.20703125, 715.1217651367188)",1,"(0.5947287678718567, 0.5307380557060242)","(53.495765686035156, 147.50852966308594, 46.85166931152344)",1,3.4355621337890625,1,"(-37.132179260253906, -64.33599090576172, 720.705078125)",1
2015662836,1975503296,"(0.574877917766571, 0.5525162220001221)","(42.51233673095703, 141.13922119140625, 44.53346633911133)",1,3.1121063232421875,1,"(-98.78013610839844, -67.23257446289062, 715.5472412109375)",1,"(0.5888562202453613, 0.5401479005813599)","(50.24650955200195, 144.7565155029297, 45.85002517700195)",1,3.454498291015625,1,"(-37.12018966674805, -64.34126281738281, 721.1337280273438)",1
2015679196,1975519656,"(0.5772548913955688, 0.5506362318992615)","(43.82748031616211, 141.6890411376953, 44.73358154296875)",1,3.110870361328125,1,"(-98.79658508300781, -67.2381820678711, 715.648681640625)",1,"(0.5910438895225525, 0.5407804846763611)","(51.45696258544922, 144.5714874267578, 45.78265380859375)",1,3.465423583984375,1,"(-37.125179290771484, -64.3236083984375, 721.2734985351562)",1
2015696281,1975536741,"(0.5739323496818542, 0.5344086289405823)","(41.989112854003906, 146.43504333496094, 46.46095275878906)",1,3.105194091796875,1,"(-98.85104370117188, -67.25679016113281, 715.8820190429688)",1,"(0.5917870998382568, 0.5451049208641052)","(51.8681640625, 143.30673217773438, 45.32233428955078)",1,3.468109130859375,1,"(-37.147682189941406, -64.3020248413086, 721.4968872070312)",1
2015712756,1975553216,"(0.5746987462043762, 0.5460382699966431)","(42.41318893432617, 143.03379821777344, 45.222965240478516)",1,3.1208648681640625,1,"(-98.90104675292969, -67.28253936767578, 716.0823364257812)",1,"(0.5921967029571533, 0.53886479139328)","(52.09477996826172, 145.1317596435547, 45.98657989501953)",1,3.464813232421875,1,"(-37.16886901855469, -64.29759216308594, 721.6856079101562)",1
2015729065,1975569525,"(0.5778526067733765, 0.5530434846878052)","(44.158180236816406, 140.98507690429688, 44.47727584838867)",1,3.1262664794921875,1,"(-98.91363525390625, -67.28899383544922, 716.1212768554688)",1,"(0.592827558517456, 0.5465992093086243)","(52.4438362121582, 142.86976623535156, 45.16328811645508)",1,3.4662322998046875,1,"(-37.17631912231445, -64.29164123535156, 721.7388916015625)",1
2015746197,1975586657,"(0.5752432346343994, 0.5573587417602539)","(42.71442794799805, 139.7229766845703, 44.0179443359375)",1,3.152069091796875,1,"(-98.92479705810547, -67.3088607788086, 716.2346801757812)",1,"(0.5915191173553467, 0.5491020679473877)","(51.71989822387695, 142.13775634765625, 44.89687728881836)",1,3.494049072265625,1,"(-37.171504974365234, -64.29871368408203, 721.8450927734375)",1
2015762676,1975603136,"(0.5761899352073669, 0.5455371141433716)","(43.23823547363281, 143.18040466308594, 45.27634811401367)",1,3.13665771484375,1,"(-98.92069244384766, -67.3261947631836, 716.3295288085938)",1,"(0.5915106534957886, 0.5479826331138611)","(51.715240478515625, 142.46514892578125, 45.01603698730469)",1,3.4963531494140625,1,"(-37.153987884521484, -64.30846405029297, 721.931640625)",1
2015779031,1975619491,"(0.5750460624694824, 0.5563137531280518)","(42.605350494384766, 140.0286102294922, 44.129188537597656)",1,3.160552978515625,1,"(-98.90383911132812, -67.32874298095703, 716.3435668945312)",1,"(0.5914686322212219, 0.5534108281135559)","(51.69193649291992, 140.8776092529297, 44.43818664550781)",1,3.5001678466796875,1,"(-37.135719299316406, -64.31060791015625, 721.9458618164062)",1
2015796113,1975636573,"(0.5726961493492126, 0.5583459734916687)","(41.30511474609375, 139.4342803955078, 43.9128532409668)",1,3.16162109375,1,"(-98.86528015136719, -67.3324203491211, 716.3797607421875)",1,"(0.5937408208847046, 0.5535376667976379)","(52.94916534423828, 140.84051513671875, 44.424705505371094)",1,3.5016937255859375,1,"(-37.09841537475586, -64.32239532470703, 721.977294921875)",1
2015812596,1975653056,"(0.57724928855896, 0.5551628470420837)","(43.824432373046875, 140.365234375, 44.25169372558594)",1,3.1474456787109375,1,"(-98.82255554199219, -67.32787322998047, 716.4014282226562)",1,"(0.5982710719108582, 0.5563878417015076)","(55.455726623535156, 140.0069580078125, 44.1213493347168)",1,3.517974853515625,1,"(-37.063209533691406, -64.33781433105469, 721.9957275390625)",1
2015828997,1975669457,"(0.5768193006515503, 0.5553394556045532)","(43.58652877807617, 140.31356811523438, 44.2329216003418)",1,3.145263671875,1,"(-98.78514099121094, -67.31390380859375, 716.3076171875)",1,"(0.5969833731651306, 0.5477166771888733)","(54.74321365356445, 142.5428924560547, 45.04436111450195)",1,3.5081787109375,1,"(-37.00826644897461, -64.3470687866211, 721.8648681640625)",1
2015846028,1975686488,"(0.5791181921958923, 0.5451117157936096)","(44.85847091674805, 143.3047637939453, 45.321651458740234)",1,3.13055419921875,1,"(-98.64945983886719, -67.26412963867188, 715.9890747070312)",1,"(0.5966494083404541, 0.5437808036804199)","(54.558509826660156, 143.69400024414062, 45.46332550048828)",1,3.5116729736328125,1,"(-36.899417877197266, -64.32811737060547, 721.5598754882812)",1
2015862516,1975702976,"(0.5784600973129272, 0.5614036917686462)","(44.49433898925781, 138.54000854492188, 43.58737564086914)",1,3.1630096435546875,1,"(-98.51449584960938, -67.2154312133789, 715.796875)",1,"(0.5977768301963806, 0.5499064326286316)","(55.18229675292969, 141.9025115966797, 44.81127166748047)",1,3.507659912109375,1,"(-36.8068733215332, -64.30817413330078, 721.3693237304688)",1
2015878867,1975719327,"(0.5777314901351929, 0.5608245134353638)","(44.09124755859375, 138.70936584472656, 43.64900207519531)",1,3.13848876953125,1,"(-98.47232818603516, -67.18731689453125, 715.77734375)",1,"(0.5970758199691772, 0.5479881167411804)","(54.79441833496094, 142.46353149414062, 45.01545333862305)",1,3.5025482177734375,1,"(-36.73807907104492, -64.30471801757812, 721.3380737304688)",1
2015895944,1975736404,"(0.5759164094924927, 0.5651221871376038)","(43.086917877197266, 137.45248413085938, 43.19153594970703)",1,3.13226318359375,1,"(-98.36869049072266, -67.13180541992188, 715.6494140625)",1,"(0.5946937799453735, 0.5535059571266174)","(53.476417541503906, 140.8498077392578, 44.4281005859375)",1,3.508880615234375,1,"(-36.64523696899414, -64.28290557861328, 721.2064208984375)",1
2015912436,1975752896,"(0.5522926449775696, 0.5515010356903076)","(30.015817642211914, 141.4361572265625, 44.64152908325195)",1,3.0930023193359375,1,"(-98.36002349853516, -67.11736297607422, 715.6888427734375)",1,"(0.5728548169136047, 0.553078293800354)","(41.3929328918457, 140.974853515625, 44.473636627197266)",1,3.511444091796875,1,"(-36.67082595825195, -64.28575897216797, 721.2613525390625)",1
2015928735,1975769196,"(0.550543487071991, 0.5542141795158386)","(29.04806137084961, 140.64263916015625, 44.35269546508789)",1,3.087249755859375,1,"(-98.34056091308594, -67.10379028320312, 715.6212158203125)",1,"(0.5728207230567932, 0.5539956092834473)","(41.3740234375, 140.70654296875, 44.37599182128906)",1,3.5030975341796875,1,"(-36.65494155883789, -64.27012634277344, 721.1689453125)",1
2015945762,1975786223,"(0.5553930997848511, 0.5666934847831726)","(31.731395721435547, 136.99293518066406, 43.024288177490234)",1,3.1056671142578125,1,"(-98.30559539794922, -67.08786010742188, 715.5252685546875)",1,"(0.5724610090255737, 0.5545681715011597)","(41.17504119873047, 140.5391082763672, 44.315059661865234)",1,3.4975128173828125,1,"(-36.604862213134766, -64.2558364868164, 721.0895385742188)",1
2015962356,1975802817,"(0.5561457872390747, 0.578396201133728)","(32.147865295410156, 133.57034301757812, 41.77853012084961)",1,3.1187286376953125,1,"(-98.31901550292969, -67.09662628173828, 715.67431640625)",1,"(0.5686573386192322, 0.5626214742660522)","(39.07051467895508, 138.183837890625, 43.4577751159668)",1,3.5149993896484375,1,"(-36.59638977050781, -64.26031494140625, 721.2340698242188)",1
2015978701,1975819162,"(0.5557644963264465, 0.5709660649299622)","(31.936838150024414, 135.74339294433594, 42.569461822509766)",1,3.1036529541015625,1,"(-98.31954193115234, -67.10042572021484, 715.7114868164062)",1,"(0.5676990151405334, 0.5597293972969055)","(38.5402717590332, 139.0296630859375, 43.76561737060547)",1,3.50616455078125,1,"(-36.58671569824219, -64.26185607910156, 721.2860717773438)",1
2015995774,1975836235,"(0.5552894473075867, 0.5753563642501831)","(31.674009323120117, 134.45936584472656, 42.1021728515625)",1,3.1142120361328125,1,"(-98.30730438232422, -67.10858917236328, 715.7476806640625)",1,"(0.5718407034873962, 0.5622875690460205)","(40.83182144165039, 138.281494140625, 43.49333190917969)",1,3.508453369140625,1,"(-36.567474365234375, -64.26982879638672, 721.3145751953125)",1
2016012276,1975852737,"(0.5596759915351868, 0.5719673037528992)","(34.10110855102539, 135.45053100585938, 42.46295928955078)",1,3.0948333740234375,1,"(-98.27119445800781, -67.10430145263672, 715.7734375)",1,"(0.5754620432853699, 0.5581809878349304)","(42.83552932739258, 139.48252868652344, 43.93046188354492)",1,3.5011138916015625,1,"(-36.52949523925781, -64.27794647216797, 721.3294067382812)",1
2016028667,1975869128,"(0.5604499578475952, 0.5719404816627502)","(34.52934265136719, 135.45835876464844, 42.465824127197266)",1,3.0960693359375,1,"(-98.2453842163086, -67.09852600097656, 715.7447509765625)",1,"(0.5749809741973877, 0.5509386658668518)","(42.56932830810547, 141.6006317138672, 44.70138168334961)",1,3.49407958984375,1,"(-36.48403549194336, -64.28104400634766, 721.28662109375)",1
2016045690,1975886151,"(0.5590618252754211, 0.5671876072883606)","(33.761287689208984, 136.848388671875, 42.971736907958984)",1,3.0916595458984375,1,"(-98.14595031738281, -67.072998046875, 715.5650024414062)",1,"(0.567995548248291, 0.5547849535942078)","(38.70431137084961, 140.4757080078125, 44.29194641113281)",1,3.501678466796875,1,"(-36.377567291259766, -64.25428771972656, 721.1139526367188)",1
2016062196,1975902657,"(0.5577099323272705, 0.5769646763801575)","(33.0133171081543, 133.98899841308594, 41.93095016479492)",1,3.107330322265625,1,"(-98.0241470336914, -67.03750610351562, 715.3933715820312)",1,"(0.5748491287231445, 0.5588157176971436)","(42.49641036987305, 139.296875, 43.86286544799805)",1,3.4943695068359375,1,"(-36.29780578613281, -64.22605895996094, 720.9518432617188)",1
2016078537,1975918998,"(0.558695912361145, 0.5570731163024902)","(33.55884552001953, 139.80653381347656, 44.04835891723633)",1,3.0626068115234375,1,"(-97.99534606933594, -67.02903747558594, 715.3810424804688)",1,"(0.5748412609100342, 0.5500589609146118)","(42.492042541503906, 141.85784912109375, 44.79500198364258)",1,3.4927520751953125,1,"(-36.26395034790039, -64.21249389648438, 720.9320068359375)",1
2016095605,1975936067,"(0.5113166570663452, 0.4973337948322296)","(7.343836784362793, 157.27798461914062, 50.407432556152344)",1,3.0740966796875,1,"(-97.9810562133789, -66.85929870605469, 715.2023315429688)",1,"(0.529682457447052, 0.46623754501342773)","(17.50568962097168, 166.3724365234375, 53.71757888793945)",1,3.502838134765625,1,"(-36.34824752807617, -64.06326293945312, 720.734619140625)",1
2016112116,1975952578,"(0.46301478147506714, 0.37071365118026733)","(-19.38158416748047, 194.30955505371094, 63.8858528137207)",1,3.09979248046875,1,"(-98.05278015136719, -66.56585693359375, 715.420166015625)",1,"(0.4816701114177704, 0.33274388313293457)","(-9.059571266174316, 205.4142608642578, 67.9276123046875)",1,3.51556396484375,1,"(-36.54336929321289, -63.82593536376953, 720.9031982421875)",1
2016128503,1975968965,"(0.4549828767776489, 0.3486292362213135)","(-23.825632095336914, 200.76840209960938, 66.23667907714844)",1,3.0826263427734375,1,"(-98.0986328125, -66.52891540527344, 715.7018432617188)",1,"(0.46957626938819885, 0.3183836042881012)","(-15.751117706298828, 209.6141357421875, 69.45622253417969)",1,3.51220703125,1,"(-36.57652282714844, -63.75806427001953, 721.2919311523438)",1
2016145423,1975985885,"(0.4557873010635376, 0.35626617074012756)","(-23.380550384521484, 198.53489685058594, 65.42375946044922)",1,3.0836944580078125,1,"(-98.1192626953125, -66.53300476074219, 715.8934936523438)",1,"(0.4727715253829956, 0.31527334451675415)","(-13.983160972595215, 210.52369689941406, 69.78733825683594)",1,3.5084991455078125,1,"(-36.5173225402832, -63.767662048339844, 721.4368286132812)",1
2016162036,1976002498,"(0.4556100368499756, 0.34997132420539856)","(-23.4786376953125, 200.3759002685547, 66.09379577636719)",1,3.0740966796875,1,"(-98.14559936523438, -66.54937744140625, 716.3395385742188)",1,"(0.46861138939857483, 0.30922481417655945)","(-16.28496742248535, 212.2926788330078, 70.4311752319336)",1,3.499481201171875,1,"(-36.44623565673828, -63.79149627685547, 721.8387451171875)",1
2016178373,1976018835,"(0.46093839406967163, 0.3541492819786072)","(-20.53046989440918, 199.1540069580078, 65.64907836914062)",1,3.0735015869140625,1,"(-98.158203125, -66.55325317382812, 716.5440673828125)",1,"(0.46472084522247314, 0.31435900926589966)","(-18.437597274780273, 210.7911376953125, 69.88465118408203)",1,3.5072479248046875,1,"(-36.38252639770508, -63.81252670288086, 722.126220703125)",1
2016195243,1976035705,"(0.4620150923728943, 0.3556671440601349)","(-19.934715270996094, 198.71006774902344, 65.48757934570312)",1,3.064056396484375,1,"(-98.09227752685547, -66.50855255126953, 716.43603515625)",1,"(0.4715104401111603, 0.31073153018951416)","(-14.680931091308594, 211.85205078125, 70.2707290649414)",1,3.4971160888671875,1,"(-36.30616760253906, -63.79629898071289, 721.9772338867188)",1
2016211956,1976052418,"(0.46094489097595215, 0.36320748925209045)","(-20.526838302612305, 196.5048065185547, 64.68486785888672)",1,3.07867431640625,1,"(-97.99364471435547, -66.48006439208984, 716.3602294921875)",1,"(0.4693966507911682, 0.3147834241390228)","(-15.850485801696777, 210.66700744628906, 69.8394775390625)",1,3.499481201171875,1,"(-36.19102096557617, -63.797096252441406, 721.8782348632812)",1
2016228242,1976068704,"(0.4563734829425812, 0.3590322434902191)","(-23.05624771118164, 197.72592163085938, 65.1292953491211)",1,3.0694122314453125,1,"(-97.98919677734375, -66.50200653076172, 716.6038208007812)",1,"(0.4669373631477356, 0.3155757486820221)","(-17.211219787597656, 210.43527221679688, 69.75513458251953)",1,3.5047607421875,1,"(-36.12989044189453, -63.833492279052734, 722.2139892578125)",1
2016245255,1976085717,"(0.4571034014225006, 0.36143532395362854)","(-22.652334213256836, 197.0231170654297, 64.87348175048828)",1,3.0611572265625,1,"(-97.96381378173828, -66.53746795654297, 716.8926391601562)",1,"(0.47012221813201904, 0.3097441792488098)","(-15.449027061462402, 212.14077758789062, 70.37591552734375)",1,3.5037689208984375,1,"(-36.06471252441406, -63.89107894897461, 722.43994140625)",1
2016261876,1976102338,"(0.45610034465789795, 0.3573225140571594)","(-23.20734977722168, 198.22593688964844, 65.31134796142578)",1,3.0688018798828125,1,"(-97.85882568359375, -66.55952453613281, 716.5870971679688)",1,"(0.46865764260292053, 0.3051774203777313)","(-16.259384155273438, 213.4763946533203, 70.86203002929688)",1,3.4947052001953125,1,"(-35.97312927246094, -63.92039108276367, 722.1582641601562)",1
2016278208,1976118670,"(0.45693856477737427, 0.3547135591506958)","(-22.743558883666992, 198.98895263671875, 65.58905029296875)",1,3.083526611328125,1,"(-97.8283462524414, -66.56956481933594, 716.5033569335938)",1,"(0.46564579010009766, 0.30084526538848877)","(-17.925819396972656, 214.74337768554688, 71.3231430053711)",1,3.4970245361328125,1,"(-35.91988754272461, -63.95659637451172, 722.0367431640625)",1
2016295170,1976135632,"(0.45597249269485474, 0.3496702015399933)","(-23.278078079223633, 200.4639434814453, 66.1258544921875)",1,3.078643798828125,1,"(-97.78279113769531, -66.60162353515625, 716.4277954101562)",1,"(0.4639281630516052, 0.29106754064559937)","(-18.8762264251709, 217.60301208496094, 72.36396789550781)",1,3.494140625,1,"(-35.86863327026367, -64.01008605957031, 721.975830078125)",1
2016311796,1976152258,"(0.4579363465309143, 0.3504696786403656)","(-22.19145965576172, 200.2301025390625, 66.04083251953125)",1,3.062042236328125,1,"(-97.7465591430664, -66.62635803222656, 716.3106079101562)",1,"(0.4651612341403961, 0.3003816604614258)","(-18.1939697265625, 214.87896728515625, 71.37255096435547)",1,3.498809814453125,1,"(-35.839622497558594, -64.02243041992188, 721.8682250976562)",1
2016328078,1976168540,"(0.4559083580970764, 0.3572641611099243)","(-23.313560485839844, 198.24298095703125, 65.31759643554688)",1,3.0591583251953125,1,"(-97.72923278808594, -66.6282958984375, 716.2548217773438)",1,"(0.4685382544994354, 0.3141733705997467)","(-16.325443267822266, 210.84542846679688, 69.90442657470703)",1,3.491363525390625,1,"(-35.83034133911133, -64.0187759399414, 721.7908935546875)",1
2016345086,1976185548,"(0.45665377378463745, 0.3578007221221924)","(-22.901113510131836, 198.08609008789062, 65.26033782958984)",1,3.0736846923828125,1,"(-97.7224349975586, -66.64399719238281, 716.2963256835938)",1,"(0.46845272183418274, 0.3119543194770813)","(-16.37272834777832, 211.494384765625, 70.1406478881836)",1,3.489044189453125,1,"(-35.81909942626953, -64.03962707519531, 721.8543090820312)",1
2016361716,1976202178,"(0.4556821882724762, 0.3583386540412903)","(-23.438705444335938, 197.9287567138672, 65.20310974121094)",1,3.0757293701171875,1,"(-97.78160858154297, -66.68363189697266, 716.7597045898438)",1,"(0.46824902296066284, 0.31010955572128296)","(-16.485471725463867, 212.03392028808594, 70.33704376220703)",1,3.492919921875,1,"(-35.83195877075195, -64.0625991821289, 722.2806396484375)",1
2016378044,1976218506,"(0.4563283622264862, 0.35613152384757996)","(-23.081207275390625, 198.5742645263672, 65.43807220458984)",1,3.0626220703125,1,"(-97.81669616699219, -66.70390319824219, 716.9942016601562)",1,"(0.4686051607131958, 0.3018786311149597)","(-16.288429260253906, 214.44114685058594, 71.21321105957031)",1,3.4837493896484375,1,"(-35.84809494018555, -64.08794403076172, 722.6036376953125)",1
2016395000,1976235462,"(0.4565231204032898, 0.3532436788082123)","(-22.973438262939453, 199.41883850097656, 65.74549102783203)",1,3.06695556640625,1,"(-97.904541015625, -66.75324249267578, 717.5404663085938)",1,"(0.4699138402938843, 0.29444652795791626)","(-15.564335823059082, 216.61476135253906, 72.00430297851562)",1,3.489959716796875,1,"(-35.885711669921875, -64.12844848632812, 723.1134033203125)",1
2016411636,1976252098,"(0.45650115609169006, 0.34916260838508606)","(-22.985584259033203, 200.6123809814453, 66.17994689941406)",1,3.0779266357421875,1,"(-97.97869873046875, -66.80403137207031, 717.9463500976562)",1,"(0.4713938534259796, 0.2922379970550537)","(-14.745434761047363, 217.2606658935547, 72.2393569946289)",1,3.493255615234375,1,"(-35.91815948486328, -64.15544128417969, 723.4928588867188)",1
2016427912,1976268375,"(0.45912396907806396, 0.3562232553958893)","(-21.53432273864746, 198.54739379882812, 65.42835998535156)",1,3.0896453857421875,1,"(-97.99755859375, -66.81459045410156, 717.9917602539062)",1,"(0.4693003296852112, 0.29734599590301514)","(-15.903804779052734, 215.7667694091797, 71.69562530517578)",1,3.49334716796875,1,"(-35.92587661743164, -64.16178131103516, 723.55859375)",1
2016444916,1976285379,"(0.45748767256736755, 0.3570542335510254)","(-22.439714431762695, 198.3043975830078, 65.33983612060547)",1,3.0970916748046875,1,"(-98.01632690429688, -66.81843566894531, 717.8790893554688)",1,"(0.4661036431789398, 0.29680588841438293)","(-17.672510147094727, 215.9247283935547, 71.7531509399414)",1,3.5027618408203125,1,"(-35.93039321899414, -64.15985107421875, 723.448486328125)",1
2016461556,1976302019,"(0.4576072096824646, 0.3526615500450134)","(-22.373579025268555, 199.58909606933594, 65.80743408203125)",1,3.0916290283203125,1,"(-98.02108764648438, -66.8153305053711, 717.7992553710938)",1,"(0.4642709195613861, 0.2950165867805481)","(-18.686538696289062, 216.4480438232422, 71.94359588623047)",1,3.4955902099609375,1,"(-35.93474578857422, -64.15768432617188, 723.3715209960938)",1
2016477878,1976318341,"(0.4557758569717407, 0.3520728051662445)","(-23.386886596679688, 199.76129150390625, 65.87008666992188)",1,3.0914459228515625,1,"(-98.0093994140625, -66.80339050292969, 717.6834106445312)",1,"(0.4644847810268402, 0.2974824905395508)","(-18.56821060180664, 215.72683715820312, 71.68109893798828)",1,3.5038909912109375,1,"(-35.92840576171875, -64.1442642211914, 723.2138671875)",1
2016494832,1976335295,"(0.4586902856826782, 0.3568505644798279)","(-21.774330139160156, 198.36395263671875, 65.36155700683594)",1,3.1026153564453125,1,"(-97.96371459960938, -66.76712036132812, 717.332275390625)",1,"(0.4623175859451294, 0.30745619535446167)","(-19.76732635498047, 212.8099365234375, 70.61942291259766)",1,3.5111846923828125,1,"(-35.904232025146484, -64.1136703491211, 722.8836059570312)",1
2016511476,1976351939,"(0.45915165543556213, 0.3511323034763336)","(-21.519027709960938, 200.0363311767578, 65.9702377319336)",1,3.10821533203125,1,"(-97.91120910644531, -66.75337982177734, 717.0449829101562)",1,"(0.46344661712646484, 0.3120534121990204)","(-19.142654418945312, 211.46542358398438, 70.13007354736328)",1,3.5271453857421875,1,"(-35.88168716430664, -64.09921264648438, 722.620361328125)",1
2016527844,1976368307,"(0.46001115441322327, 0.3516566753387451)","(-21.043508529663086, 199.8830108642578, 65.9144287109375)",1,3.10784912109375,1,"(-97.88961029052734, -66.75504302978516, 716.9581909179688)",1,"(0.46636486053466797, 0.3161410391330719)","(-17.527969360351562, 210.26992797851562, 69.69495391845703)",1,3.53619384765625,1,"(-35.87242126464844, -64.09016418457031, 722.496826171875)",1
2016544747,1976385210,"(0.4590425491333008, 0.3516157269477844)","(-21.579423904418945, 199.89498901367188, 65.91874694824219)",1,3.1055908203125,1,"(-97.85970306396484, -66.75031280517578, 716.821044921875)",1,"(0.4666464626789093, 0.31263241171836853)","(-17.372175216674805, 211.29611206054688, 70.06843566894531)",1,3.5315093994140625,1,"(-35.858516693115234, -64.08856201171875, 722.3812866210938)",1
2016561396,1976401859,"(0.4586222171783447, 0.35421013832092285)","(-21.812000274658203, 199.13619995117188, 65.64260864257812)",1,3.1130828857421875,1,"(-97.852294921875, -66.74574279785156, 716.7490844726562)",1,"(0.4644525349140167, 0.31192919611930847)","(-18.586061477661133, 211.50177001953125, 70.14328002929688)",1,3.5353546142578125,1,"(-35.85343551635742, -64.0833969116211, 722.3137817382812)",1
2016577714,1976418177,"(0.45892220735549927, 0.35474708676338196)","(-21.646015167236328, 198.97915649414062, 65.58545684814453)",1,3.1266021728515625,1,"(-97.85633087158203, -66.74349975585938, 716.7240600585938)",1,"(0.46489471197128296, 0.313288152217865)","(-18.341402053833008, 211.1042938232422, 69.99860382080078)",1,3.542236328125,1,"(-35.85663986206055, -64.08112335205078, 722.2805786132812)",1
2016594663,1976435126,"(0.4583933353424072, 0.35115304589271545)","(-21.938644409179688, 200.03028869628906, 65.96807098388672)",1,3.133056640625,1,"(-97.86730194091797, -66.73756408691406, 716.647216796875)",1,"(0.4641214907169342, 0.3132215440273285)","(-18.769216537475586, 211.12376403808594, 70.00572204589844)",1,3.5450897216796875,1,"(-35.866085052490234, -64.08118438720703, 722.2083740234375)",1
2016611316,1976451779,"(0.4592103064060211, 0.3582794666290283)","(-21.48660659790039, 197.94610595703125, 65.20942687988281)",1,3.132171630859375,1,"(-97.85861206054688, -66.71913146972656, 716.4598388671875)",1,"(0.4630608856678009, 0.312124103307724)","(-19.35604476928711, 211.4447479248047, 70.12255096435547)",1,3.5436248779296875,1,"(-35.85976791381836, -64.0755386352539, 722.0325927734375)",1
2016627584,1976468047,"(0.45622679591178894, 0.3874794542789459)","(-23.137378692626953, 189.4061737060547, 62.1011848449707)",1,3.13525390625,1,"(-97.86539459228516, -66.78744506835938, 716.431640625)",1,"(0.45562341809272766, 0.34005892276763916)","(-23.471223831176758, 203.27488708496094, 67.14896392822266)",1,3.54315185546875,1,"(-35.9339485168457, -64.19109344482422, 721.9916381835938)",1
2016644577,1976485040,"(0.3980674147605896, 0.6375667452812195)","(-55.31697082519531, 116.26520538330078, 35.480079650878906)",1,3.144439697265625,1,"(-97.90016174316406, -67.21239471435547, 716.2472534179688)",1,"(0.39687487483024597, 0.5952214002609253)","(-55.976776123046875, 128.6496124267578, 39.98757553100586)",1,3.5530853271484375,1,"(-36.283023834228516, -64.61724853515625, 721.8473510742188)",1
2016661236,1976501699,"(0.3666987717151642, 0.8800734877586365)","(-72.67322540283203, 45.34124755859375, 9.665815353393555)",1,3.09185791015625,1,"(-97.97940063476562, -67.63353729248047, 716.1852416992188)",1,"(0.3790232241153717, 0.8477179408073425)","(-65.85411071777344, 54.80401611328125, 13.10998249053955)",1,3.52752685546875,1,"(-36.443870544433594, -65.01844024658203, 721.7974853515625)",1
2016677550,1976518013,"(0.3590105175971985, 0.9123544096946716)","(-76.9271469116211, 35.900325775146484, 6.229626178741455)",1,3.0859375,1,"(-98.011962890625, -67.71746826171875, 716.1223754882812)",1,"(0.37271276116371155, 0.8857073187828064)","(-69.34571838378906, 43.693603515625, 9.066109657287598)",1,3.5566558837890625,1,"(-36.422157287597656, -65.10120391845703, 721.672119140625)",1
2016694589,1976535052,"(0.34888550639152527, 0.918190598487854)","(-82.5293197631836, 34.19344711303711, 5.608391761779785)",1,3.0874481201171875,1,"(-98.05255126953125, -67.70035552978516, 715.7920532226562)",1,"(0.3692346215248108, 0.881101131439209)","(-71.2701644897461, 45.04068374633789, 9.556405067443848)",1,3.5339508056640625,1,"(-36.318111419677734, -65.08402252197266, 721.3556518554688)",1
2016711156,1976551619,"(0.3491708040237427, 0.9334514141082764)","(-82.37145233154297, 29.730287551879883, 3.983919382095337)",1,3.0899505615234375,1,"(-98.06585693359375, -67.69720458984375, 715.6151123046875)",1,"(0.3720358610153198, 0.8858721852302551)","(-69.7202377319336, 43.645381927490234, 9.048582077026367)",1,3.5289764404296875,1,"(-36.283843994140625, -65.07129669189453, 721.1876220703125)",1
2016727516,1976567979,"(0.3550820052623749, 0.9360581636428833)","(-79.10079956054688, 28.96788215637207, 3.7064239978790283)",1,3.102081298828125,1,"(-98.07891845703125, -67.69813537597656, 715.5423583984375)",1,"(0.3709188401699066, 0.8878040909767151)","(-70.33829498291016, 43.08039474487305, 8.842923164367676)",1,3.530670166015625,1,"(-36.26506042480469, -65.073486328125, 721.0844116210938)",1
2016744601,1976585064,"(0.35704049468040466, 0.9406884908676147)","(-78.01717376708984, 27.613693237304688, 3.2135274410247803)",1,3.094207763671875,1,"(-98.09980010986328, -67.7034683227539, 715.3372192382812)",1,"(0.3734617233276367, 0.8892890214920044)","(-68.93128967285156, 42.64604949951172, 8.684874534606934)",1,3.5224609375,1,"(-36.25503921508789, -65.0650405883789, 720.8795776367188)",1
2016761076,1976601539,"(0.3524719774723053, 0.9371568560600281)","(-80.54492950439453, 28.64655303955078, 3.589462995529175)",1,3.074920654296875,1,"(-98.08122253417969, -67.6743392944336, 714.9301147460938)",1,"(0.37209370732307434, 0.8864602446556091)","(-69.68820190429688, 43.47340774536133, 8.985958099365234)",1,3.5164337158203125,1,"(-36.22698211669922, -65.0390396118164, 720.5023193359375)",1
2016777482,1976617945,"(0.35576334595680237, 0.9374459981918335)","(-78.72381591796875, 28.56199073791504, 3.5587058067321777)",1,3.072479248046875,1,"(-98.06565856933594, -67.65911102294922, 714.7492065429688)",1,"(0.37294507026672363, 0.8864915370941162)","(-69.21715545654297, 43.46422576904297, 8.982626914978027)",1,3.5225372314453125,1,"(-36.204673767089844, -65.01930236816406, 720.2440185546875)",1
2016794517,1976634980,"(0.3543913662433624, 0.9432769417762756)","(-79.48291015625, 26.85666847229004, 2.9380054473876953)",1,3.0718994140625,1,"(-98.01543426513672, -67.62982177734375, 714.3795776367188)",1,"(0.3699541687965393, 0.8871380686759949)","(-70.87203216552734, 43.275108337402344, 8.91381549835205)",1,3.52105712890625,1,"(-36.16497802734375, -64.98429107666016, 719.9061279296875)",1
2016810996,1976651459,"(0.35167327523231506, 0.9385049939155579)","(-80.9868392944336, 28.252254486083984, 3.4459595680236816)",1,3.0662384033203125,1,"(-97.9410400390625, -67.60466003417969, 714.0226440429688)",1,"(0.368377149105072, 0.8867416977882385)","(-71.74459838867188, 43.391048431396484, 8.956039428710938)",1,3.5257720947265625,1,"(-36.11684799194336, -64.96415710449219, 719.5842895507812)",1
2016827448,1976667911,"(0.35208433866500854, 0.9452303051948547)","(-80.7594223022461, 26.285358428955078, 2.73008394241333)",1,3.074462890625,1,"(-97.90768432617188, -67.59459686279297, 713.9120483398438)",1,"(0.37021327018737793, 0.8885196447372437)","(-70.7286605834961, 42.871063232421875, 8.766764640808105)",1,3.5097503662109375,1,"(-36.092308044433594, -64.95005798339844, 719.4237060546875)",1
2016844433,1976684896,"(0.35541683435440063, 0.9460452198982239)","(-78.91552734375, 26.047019958496094, 2.643340587615967)",1,3.09027099609375,1,"(-97.8033676147461, -67.5508804321289, 713.4601440429688)",1,"(0.3694266080856323, 0.8841657042503357)","(-71.16390991210938, 44.14443588256836, 9.230238914489746)",1,3.5186614990234375,1,"(-36.01081085205078, -64.9249038696289, 719.0267944335938)",1
2016860916,1976701379,"(0.349006712436676, 0.9406358003616333)","(-82.46224975585938, 27.62908935546875, 3.2191052436828613)",1,3.08795166015625,1,"(-97.7239990234375, -67.52566528320312, 713.1163330078125)",1,"(0.3692459464073181, 0.8834196925163269)","(-71.26388549804688, 44.362606048583984, 9.309617042541504)",1,3.5035552978515625,1,"(-35.95930480957031, -64.9052505493164, 718.7244262695312)",1
2016877414,1976717877,"(0.34794968366622925, 0.942596971988678)","(-83.04711151123047, 27.055532455444336, 3.0103588104248047)",1,3.0788726806640625,1,"(-97.69074249267578, -67.51156616210938, 712.967529296875)",1,"(0.3680671751499176, 0.8847706913948059)","(-71.91610717773438, 43.96749496459961, 9.16581916809082)",1,3.5045166015625,1,"(-35.931541442871094, -64.89024353027344, 718.5090942382812)",1
2016894348,1976734811,"(0.35227134823799133, 0.9428057670593262)","(-80.65594482421875, 26.99449920654297, 2.9881319999694824)",1,3.0807037353515625,1,"(-97.64994049072266, -67.48766326904297, 712.7516479492188)",1,"(0.3710365891456604, 0.8872630596160889)","(-70.27316284179688, 43.23858642578125, 8.900537490844727)",1,3.5032501220703125,1,"(-35.912906646728516, -64.87702178955078, 718.3109741210938)",1
2016910836,1976751299,"(0.36154860258102417, 0.9130243062973022)","(-75.52281951904297, 35.704402923583984, 6.15822696685791)",1,3.064239501953125,1,"(-97.5825424194336, -67.37873840332031, 712.6118774414062)",1,"(0.3715403079986572, 0.8695573806762695)","(-69.99444580078125, 48.41682434082031, 10.785237312316895)",1,3.5065155029296875,1,"(-35.865943908691406, -64.7889404296875, 718.1385498046875)",1
2016927283,1976767747,"(0.3764033615589142, 0.8283622860908508)","(-67.3036880493164, 60.464839935302734, 15.170326232910156)",1,3.07244873046875,1,"(-97.47826385498047, -67.23112487792969, 712.4852905273438)",1,"(0.4015197455883026, 0.766527533531189)","(-53.406803131103516, 78.54911041259766, 21.75246238708496)",1,3.5278472900390625,1,"(-35.840274810791016, -64.57313537597656, 717.9541015625)",1
2016944264,1976784728,"(0.4020473062992096, 0.5836681127548218)","(-53.1148796081543, 132.02847290039062, 41.21742630004883)",1,3.101654052734375,1,"(-97.22684478759766, -66.75633239746094, 712.6116333007812)",1,"(0.4209754765033722, 0.5436906218528748)","(-42.64194107055664, 143.7203826904297, 45.47291946411133)",1,3.5062408447265625,1,"(-35.79519271850586, -64.16912078857422, 718.0693359375)",1
2016960756,1976801220,"(0.41000497341156006, 0.5010225772857666)","(-48.71192932128906, 156.1991729736328, 50.01476287841797)",1,3.1206512451171875,1,"(-97.1610107421875, -66.52344512939453, 712.7351684570312)",1,"(0.41877633333206177, 0.44536906480789185)","(-43.858734130859375, 172.4757080078125, 55.938968658447266)",1,3.5039520263671875,1,"(-35.729373931884766, -63.94620895385742, 718.2511596679688)",1
2016977153,1976817617,"(0.4109794497489929, 0.5063487887382507)","(-48.17278289794922, 154.6414794921875, 49.44780731201172)",1,3.118011474609375,1,"(-97.18214416503906, -66.5323257446289, 712.8602294921875)",1,"(0.4220745265483856, 0.4493885934352875)","(-42.033851623535156, 171.30015563964844, 55.511085510253906)",1,3.5074310302734375,1,"(-35.70263671875, -63.94731521606445, 718.4212646484375)",1
2016994082,1976834546,"(0.4129902720451355, 0.483966588973999)","(-47.060176849365234, 161.18740844726562, 51.830360412597656)",1,3.1287689208984375,1,"(-97.27162170410156, -66.59208679199219, 713.3145141601562)",1,"(0.42527464032173157, 0.42906489968299866)","(-40.26319885253906, 177.24403381347656, 57.674476623535156)",1,3.4992523193359375,1,"(-35.68343734741211, -63.98444366455078, 718.8291015625)",1
2017010676,1976851140,"(0.4154193103313446, 0.4866289794445038)","(-45.71614074707031, 160.4087371826172, 51.546958923339844)",1,3.119354248046875,1,"(-97.31127166748047, -66.60929107666016, 713.438232421875)",1,"(0.42879000306129456, 0.4290573000907898)","(-38.31816101074219, 177.2462615966797, 57.67533874511719)",1,3.5022430419921875,1,"(-35.66998291015625, -63.99060821533203, 718.950927734375)",1
2017027021,1976867485,"(0.41788020730018616, 0.48899033665657043)","(-44.35454559326172, 159.7181396484375, 51.295623779296875)",1,3.1223297119140625,1,"(-97.33722686767578, -66.61896514892578, 713.5017700195312)",1,"(0.42773860692977905, 0.43111908435821533)","(-38.899898529052734, 176.64324951171875, 57.45588684082031)",1,3.503143310546875,1,"(-35.665809631347656, -63.994972229003906, 719.0418090820312)",1
2017043998,1976884462,"(0.41680365800857544, 0.48193925619125366)","(-44.95021438598633, 161.78030395507812, 52.04620361328125)",1,3.1215057373046875,1,"(-97.38269805908203, -66.64035034179688, 713.6069946289062)",1,"(0.4243166744709015, 0.43183261156082153)","(-40.79326248168945, 176.43460083007812, 57.379886627197266)",1,3.5000762939453125,1,"(-35.66360855102539, -63.9981803894043, 719.137939453125)",1
2017060596,1976901060,"(0.41708311438560486, 0.4834390878677368)","(-44.795562744140625, 161.34165954589844, 51.88652038574219)",1,3.132659912109375,1,"(-97.41207885742188, -66.63721466064453, 713.6744995117188)",1,"(0.4246179163455963, 0.4256964921951294)","(-40.626556396484375, 178.2291717529297, 58.033077239990234)",1,3.506866455078125,1,"(-35.66706085205078, -63.997806549072266, 719.201171875)",1
2017076891,1976917355,"(0.42006057500839233, 0.48357725143432617)","(-43.14816665649414, 161.30126953125, 51.871795654296875)",1,3.147064208984375,1,"(-97.41226959228516, -66.63117218017578, 713.6502685546875)",1,"(0.42690226435661316, 0.4271836280822754)","(-39.362632751464844, 177.7942352294922, 57.8747673034668)",1,3.508270263671875,1,"(-35.65768051147461, -63.99250411987305, 719.1680908203125)",1
2017093913,1976934377,"(0.418864905834198, 0.4718944728374481)","(-43.809715270996094, 164.71800231933594, 53.11543273925781)",1,3.133148193359375,1,"(-97.35598754882812, -66.59180450439453, 713.5535278320312)",1,"(0.42894428968429565, 0.41505658626556396)","(-38.23278045654297, 181.3409423828125, 59.165672302246094)",1,3.4958038330078125,1,"(-35.612632751464844, -63.96664810180664, 719.0736694335938)",1
2017110516,1976950980,"(0.44959330558776855, 0.36960217356681824)","(-26.80768394470215, 194.63462829589844, 64.00416564941406)",1,3.1688995361328125,1,"(-97.1143569946289, -66.43843841552734, 713.7556762695312)",1,"(0.45583900809288025, 0.333179235458374)","(-23.351911544799805, 205.28689575195312, 67.88130187988281)",1,3.507659912109375,1,"(-35.52601623535156, -63.830810546875, 719.1862182617188)",1
2017126857,1976967321,"(0.46071091294288635, 0.3494303524494171)","(-20.656309127807617, 200.5341033935547, 66.1513671875)",1,3.163330078125,1,"(-97.09687805175781, -66.4259033203125, 714.11572265625)",1,"(0.46347299218177795, 0.29694151878356934)","(-19.128049850463867, 215.8850860595703, 71.73869323730469)",1,3.503753662109375,1,"(-35.505210876464844, -63.83251190185547, 719.6672973632812)",1
2017143731,1976984195,"(0.45873934030532837, 0.35426440834999084)","(-21.747177124023438, 199.120361328125, 65.6368179321289)",1,3.1566925048828125,1,"(-97.09243774414062, -66.44330596923828, 714.1986694335938)",1,"(0.4673079550266266, 0.30381834506988525)","(-17.006166458129883, 213.87387084960938, 71.00669860839844)",1,3.4955291748046875,1,"(-35.443607330322266, -63.846256256103516, 719.731201171875)",1
2017160436,1977000900,"(0.45829227566719055, 0.35583439469337463)","(-21.99456024169922, 198.66114807128906, 65.46971893310547)",1,3.1630859375,1,"(-97.09883880615234, -66.45755767822266, 714.1880493164062)",1,"(0.4672047197818756, 0.30196237564086914)","(-17.063289642333984, 214.41668701171875, 71.2042465209961)",1,3.497467041015625,1,"(-35.3905143737793, -63.866634368896484, 719.7046508789062)",1
2017176727,1977017191,"(0.45796191692352295, 0.35377177596092224)","(-22.17734146118164, 199.26441955566406, 65.68926239013672)",1,3.1574554443359375,1,"(-97.11743927001953, -66.47048950195312, 714.2496337890625)",1,"(0.46634721755981445, 0.3020668029785156)","(-17.53776741027832, 214.38612365722656, 71.19313049316406)",1,3.488250732421875,1,"(-35.392112731933594, -63.882755279541016, 719.7943115234375)",1
2017193647,1977034112,"(0.4544825255870819, 0.3522556722164154)","(-24.102476119995117, 199.70782470703125, 65.8506088256836)",1,3.1592254638671875,1,"(-97.20854187011719, -66.52262115478516, 714.5203857421875)",1,"(0.4661584496498108, 0.30128076672554016)","(-17.64220428466797, 214.6160430908203, 71.27680206298828)",1,3.4853363037109375,1,"(-35.44170379638672, -63.91039276123047, 720.050537109375)",1
2017210356,1977050821,"(0.4580095410346985, 0.3528424799442291)","(-22.15100860595703, 199.5362091064453, 65.78819274902344)",1,3.152435302734375,1,"(-97.35027313232422, -66.57001495361328, 714.8908081054688)",1,"(0.46494752168655396, 0.30333882570266724)","(-18.312198638916016, 214.01412963867188, 71.05772399902344)",1,3.4992523193359375,1,"(-35.51873779296875, -63.93719482421875, 720.3847045898438)",1
2017226693,1977067158,"(0.45961591601371765, 0.3535585105419159)","(-21.262176513671875, 199.32676696777344, 65.71196746826172)",1,3.1575775146484375,1,"(-97.41143798828125, -66.58655548095703, 715.0240478515625)",1,"(0.45885735750198364, 0.30369460582733154)","(-21.681884765625, 213.91004943847656, 71.01985931396484)",1,3.501983642578125,1,"(-35.5557861328125, -63.94271469116211, 720.5784912109375)",1
2017243563,1977084028,"(0.4574059844017029, 0.35039401054382324)","(-22.484907150268555, 200.25225830078125, 66.04881286621094)",1,3.1497650146484375,1,"(-97.4887466430664, -66.59062957763672, 715.1135864257812)",1,"(0.46289223432540894, 0.2963294982910156)","(-19.449384689331055, 216.0640411376953, 71.80387115478516)",1,3.489654541015625,1,"(-35.631439208984375, -63.91901397705078, 720.6365966796875)",1
2017260276,1977100741,"(0.4561075270175934, 0.35398390889167786)","(-23.20335578918457, 199.20237731933594, 65.66667175292969)",1,3.1684722900390625,1,"(-97.54399108886719, -66.57746124267578, 715.1798706054688)",1,"(0.46551236510276794, 0.2880590856075287)","(-17.999679565429688, 218.4828643798828, 72.6842041015625)",1,3.47900390625,1,"(-35.69145965576172, -63.898033142089844, 720.699462890625)",1
2017276562,1977117027,"(0.4573686420917511, 0.3522024154663086)","(-22.505598068237305, 199.723388671875, 65.85630798339844)",1,3.1591339111328125,1,"(-97.58138275146484, -66.58306121826172, 715.3524780273438)",1,"(0.4686693847179413, 0.2838558256626129)","(-16.252893447875977, 219.71212768554688, 73.13163757324219)",1,3.488067626953125,1,"(-35.727779388427734, -63.90556716918945, 720.9375)",1
2017293575,1977134040,"(0.4579911530017853, 0.3490830957889557)","(-22.161148071289062, 200.63565063476562, 66.18834686279297)",1,3.163543701171875,1,"(-97.6418685913086, -66.61099243164062, 715.7297973632812)",1,"(0.46933040022850037, 0.2853718400001526)","(-15.887155532836914, 219.268798828125, 72.97027587890625)",1,3.48748779296875,1,"(-35.74834060668945, -63.92040252685547, 721.290283203125)",1
2017310196,1977150661,"(0.4556024372577667, 0.35164275765419006)","(-23.482807159423828, 199.88705444335938, 65.91588592529297)",1,3.155517578125,1,"(-97.67678833007812, -66.64522552490234, 716.0416870117188)",1,"(0.46752357482910156, 0.29019707441329956)","(-16.886865615844727, 217.85757446289062, 72.45658874511719)",1,3.4959564208984375,1,"(-35.7567138671875, -63.95510482788086, 721.5887451171875)",1
2017326528,1977166993,"(0.4563981592655182, 0.3489888906478882)","(-23.04254913330078, 200.66319274902344, 66.19839477539062)",1,3.156890869140625,1,"(-97.6936264038086, -66.6662826538086, 716.17041015625)",1,"(0.46727898716926575, 0.28603529930114746)","(-17.022199630737305, 219.07473754882812, 72.89962005615234)",1,3.49560546875,1,"(-35.7625617980957, -63.978885650634766, 721.7643432617188)",1
2017343394,1977183859,"(0.4563716650009155, 0.35279542207717896)","(-23.057212829589844, 199.5499267578125, 65.79322814941406)",1,3.1760406494140625,1,"(-97.74288940429688, -66.70284271240234, 716.4556884765625)",1,"(0.46726542711257935, 0.2858155369758606)","(-17.02968978881836, 219.13902282714844, 72.92300415039062)",1,3.49493408203125,1,"(-35.78129959106445, -64.02432250976562, 722.02734375)",1
2017360116,1977200581,"(0.45789533853530884, 0.34818777441978455)","(-22.214147567749023, 200.89749145507812, 66.28370666503906)",1,3.1712646484375,1,"(-97.81415557861328, -66.73363494873047, 716.811279296875)",1,"(0.4692307412624359, 0.28576356172561646)","(-15.942267417907715, 219.15420532226562, 72.92855834960938)",1,3.5047454833984375,1,"(-35.81717300415039, -64.06462097167969, 722.360107421875)",1
2017376398,1977216863,"(0.4578882157802582, 0.35159894824028015)","(-22.218109130859375, 199.89987182617188, 65.92060852050781)",1,3.1756744384765625,1,"(-97.8452377319336, -66.7491455078125, 716.9527587890625)",1,"(0.4688340127468109, 0.28351983428001404)","(-16.16179084777832, 219.8104248046875, 73.16741180419922)",1,3.487335205078125,1,"(-35.83412551879883, -64.0846176147461, 722.5625610351562)",1
