device_time_stamp,system_time_stamp,left_gaze_point_on_display_area,left_gaze_point_in_user_coordinate_system,left_gaze_point_validity,left_pupil_diameter,left_pupil_validity,left_gaze_origin_in_user_coordinate_system,left_gaze_origin_validity,right_gaze_point_on_display_area,right_gaze_point_in_user_coordinate_system,right_gaze_point_validity,right_pupil_diameter,right_pupil_validity,right_gaze_origin_in_user_coordinate_system,right_gaze_origin_validity
7562366367,7523739786,"(0.3004487156867981, 0.29131069779396057)","(-109.32939910888672, 217.53187561035156, 72.33806610107422)",1,4.135589599609375,1,"(-24.694189071655273, -45.71073532104492, 673.2748413085938)",1,"(0.2742230296134949, 0.31149545311927795)","(-123.8401107788086, 211.6286163330078, 70.18946075439453)",1,4.1887664794921875,1,"(37.432960510253906, -46.67739486694336, 672.7476806640625)",1
7562383034,7523756453,"(0.30406129360198975, 0.2897074818611145)","(-107.33056640625, 218.0007781982422, 72.50874328613281)",1,4.125335693359375,1,"(-24.669763565063477, -45.70172119140625, 673.125732421875)",1,"(0.27462902665138245, 0.30975550413131714)","(-123.61546325683594, 212.1374969482422, 70.37471008300781)",1,4.180877685546875,1,"(37.458675384521484, -46.671791076660156, 672.6048583984375)",1
7562399716,7523773135,"(0.30434900522232056, 0.2968098223209381)","(-107.17140197753906, 215.92361450195312, 71.75270080566406)",1,4.1374359130859375,1,"(-24.654829025268555, -45.69875717163086, 673.1895141601562)",1,"(0.2732540965080261, 0.30408933758735657)","(-124.37620544433594, 213.79461669921875, 70.9778823852539)",1,4.18194580078125,1,"(37.4865608215332, -46.683982849121094, 672.66064453125)",1
7562416283,7523789702,"(0.30502447485923767, 0.2972552478313446)","(-106.79766082763672, 215.7932891845703, 71.705322265625)",1,4.148468017578125,1,"(-24.638662338256836, -45.730987548828125, 673.5916748046875)",1,"(0.27139994502067566, 0.30754753947257996)","(-125.40210723876953, 212.78321838378906, 70.6097412109375)",1,4.1862030029296875,1,"(37.5486946105957, -46.72751998901367, 673.0838623046875)",1
7562432959,7523806378,"(0.3037026524543762, 0.2957393527030945)","(-107.52900695800781, 216.23666381835938, 71.86666870117188)",1,4.1514434814453125,1,"(-24.62505531311035, -45.76384353637695, 674.2112426757812)",1,"(0.26681044697761536, 0.30746495723724365)","(-127.9415054321289, 212.80735778808594, 70.61853790283203)",1,4.1915283203125,1,"(37.62403106689453, -46.7794189453125, 673.66259765625)",1
7562449586,7523823005,"(0.3029972016811371, 0.29532554745674133)","(-107.91934967041016, 216.3577117919922, 71.91072082519531)",1,4.1506805419921875,1,"(-24.604562759399414, -45.78057098388672, 674.4768676757812)",1,"(0.2688829302787781, 0.306032657623291)","(-126.79476928710938, 213.22625732421875, 70.77100372314453)",1,4.195343017578125,1,"(37.659706115722656, -46.80706787109375, 673.9452514648438)",1
7562466197,7523839616,"(0.2999360263347626, 0.29562658071517944)","(-109.61306762695312, 216.2696533203125, 71.87869262695312)",1,4.1470184326171875,1,"(-24.56155014038086, -45.78940963745117, 674.6484985351562)",1,"(0.2692109942436218, 0.3032837510108948)","(-126.61324310302734, 214.03024291992188, 71.06353759765625)",1,4.19183349609375,1,"(37.70827102661133, -46.82662582397461, 674.1096801757812)",1
7562482879,7523856298,"(0.30113449692726135, 0.294171005487442)","(-108.9499740600586, 216.69532775878906, 72.03359985351562)",1,4.140289306640625,1,"(-24.511627197265625, -45.7822265625, 674.4722900390625)",1,"(0.2699689567089081, 0.2987455129623413)","(-126.19389343261719, 215.3574676513672, 71.54666900634766)",1,4.198760986328125,1,"(37.737979888916016, -46.8433952331543, 673.939697265625)",1
7562499552,7523872971,"(0.3041720390319824, 0.2970011532306671)","(-107.26927947998047, 215.86764526367188, 71.7323226928711)",1,4.147857666015625,1,"(-24.47526741027832, -45.76481246948242, 674.2450561523438)",1,"(0.26915672421455383, 0.30115965008735657)","(-126.64329528808594, 214.6514434814453, 71.2896728515625)",1,4.207122802734375,1,"(37.760826110839844, -46.84323501586914, 673.6984252929688)",1
7562516113,7523889532,"(0.3056103587150574, 0.2988877296447754)","(-106.4734878540039, 215.31588745117188, 71.53156280517578)",1,4.1463470458984375,1,"(-24.41206932067871, -45.742645263671875, 674.00732421875)",1,"(0.2714589834213257, 0.3019816279411316)","(-125.36945343017578, 214.4110565185547, 71.2021713256836)",1,4.2028045654296875,1,"(37.79679870605469, -46.85302734375, 673.4632568359375)",1
7562532799,7523906218,"(0.3288271427154541, 0.2924419641494751)","(-93.62763214111328, 217.20103454589844, 72.2176513671875)",1,4.154632568359375,1,"(-24.196622848510742, -45.78614044189453, 674.3801879882812)",1,"(0.3068176805973053, 0.3078674077987671)","(-105.80545043945312, 212.68966674804688, 70.57568359375)",1,4.2231903076171875,1,"(38.018272399902344, -46.90431594848633, 673.8013916015625)",1
7562549420,7523922839,"(0.3997687101364136, 0.3198623061180115)","(-54.37562942504883, 209.18161010742188, 69.29883575439453)",1,4.162750244140625,1,"(-23.782175064086914, -45.77877426147461, 673.4452514648438)",1,"(0.3873400092124939, 0.34290531277656555)","(-61.25242233276367, 202.44239807128906, 66.84596252441406)",1,4.2287139892578125,1,"(38.31081008911133, -46.90576171875, 672.861572265625)",1
7562566125,7523939544,"(0.49858376383781433, 0.4037717580795288)","(0.2987508177757263, 184.64129638671875, 60.36692810058594)",1,4.169769287109375,1,"(-23.182771682739258, -45.80904769897461, 672.248291015625)",1,"(0.47391560673713684, 0.41670989990234375)","(-13.350143432617188, 180.85740661621094, 58.98965835571289)",1,4.203033447265625,1,"(38.693145751953125, -47.01703643798828, 671.663818359375)",1
7562582719,7523956138,"(0.5062416791915894, 0.4097055196762085)","(4.535886764526367, 182.9059295654297, 59.73525619506836)",1,4.1937103271484375,1,"(-23.201536178588867, -46.03004455566406, 674.5020751953125)",1,"(0.4792366921901703, 0.4364769756793976)","(-10.40599250793457, 175.0762939453125, 56.885528564453125)",1,4.221221923828125,1,"(38.87241744995117, -47.20599365234375, 673.7872314453125)",1
7562599290,7523972709,"(0.5095750093460083, 0.40587884187698364)","(6.380177974700928, 184.0251007080078, 60.142581939697266)",1,4.1812591552734375,1,"(-23.203760147094727, -46.030609130859375, 674.3509521484375)",1,"(0.47863784432411194, 0.4395406246185303)","(-10.73733901977539, 174.18028259277344, 56.55942153930664)",1,4.227783203125,1,"(38.89756393432617, -47.20368576049805, 673.7120971679688)",1
7562616040,7523989459,"(0.5074111223220825, 0.4123348295688629)","(5.182897090911865, 182.136962890625, 59.45533752441406)",1,4.1821136474609375,1,"(-23.192230224609375, -46.00210189819336, 674.06201171875)",1,"(0.476037859916687, 0.4381260573863983)","(-12.175923347473145, 174.593994140625, 56.70998764038086)",1,4.2281951904296875,1,"(38.92348861694336, -47.18670654296875, 673.4047241210938)",1
7562632643,7524006062,"(0.5097442865371704, 0.4185560643672943)","(6.473904132843018, 180.31747436523438, 58.79310607910156)",1,4.1907501220703125,1,"(-23.186941146850586, -45.962860107421875, 673.7836303710938)",1,"(0.472329705953598, 0.44020316004753113)","(-14.227631568908691, 173.9865264892578, 56.488895416259766)",1,4.2342071533203125,1,"(38.94588088989258, -47.157657623291016, 673.1346435546875)",1
7562649256,7524022675,"(0.5114211440086365, 0.4170631766319275)","(7.401656627655029, 180.7541046142578, 58.95201873779297)",1,4.20294189453125,1,"(-23.181970596313477, -45.948238372802734, 673.6748046875)",1,"(0.473578542470932, 0.441649854183197)","(-13.53664779663086, 173.56341552734375, 56.33489227294922)",1,4.2468414306640625,1,"(38.96092987060547, -47.14681625366211, 673.0257568359375)",1
7562665956,7524039374,"(0.5092863440513611, 0.4196001887321472)","(6.220466613769531, 180.0120849609375, 58.68199920654297)",1,4.2072296142578125,1,"(-23.146907806396484, -45.90808868408203, 673.4071044921875)",1,"(0.4751700758934021, 0.44296079874038696)","(-12.656054496765137, 173.18002319335938, 56.19532775878906)",1,4.269927978515625,1,"(38.97952651977539, -47.12461471557617, 672.73974609375)",1
7562682563,7524055981,"(0.5040127635002136, 0.3881780207157135)","(3.3026201725006104, 189.201904296875, 62.026798248291016)",1,4.21282958984375,1,"(-23.114059448242188, -45.755210876464844, 672.9395751953125)",1,"(0.47582998871803284, 0.4161709249019623)","(-12.290914535522461, 181.0150146484375, 59.04705047607422)",1,4.275726318359375,1,"(38.92377853393555, -46.97711944580078, 672.2946166992188)",1
7562699125,7524072543,"(0.48392364382743835, 0.27976855635643005)","(-7.812715530395508, 220.9075469970703, 73.56668090820312)",1,4.218719482421875,1,"(-23.10877227783203, -45.48236083984375, 672.7293090820312)",1,"(0.46215006709098816, 0.3096276521682739)","(-19.860013961791992, 212.1748504638672, 70.38832092285156)",1,4.281951904296875,1,"(38.79012680053711, -46.70819854736328, 672.0690307617188)",1
7562715872,7524089290,"(0.4588638246059418, 0.14487002789974213)","(-21.678319931030273, 260.3602294921875, 87.92631530761719)",1,4.209228515625,1,"(-23.1492977142334, -45.05179977416992, 672.589111328125)",1,"(0.43381932377815247, 0.15269963443279266)","(-35.53544998168945, 258.0702819824219, 87.0929183959961)",1,4.2861785888671875,1,"(38.54205322265625, -46.31705856323242, 671.9385986328125)",1
7562732483,7524105901,"(0.45854827761650085, 0.14780840277671814)","(-21.85291862487793, 259.5008239746094, 87.61355590820312)",1,4.21173095703125,1,"(-23.213184356689453, -45.031192779541016, 672.11376953125)",1,"(0.4311354458332062, 0.1517212986946106)","(-37.02040100097656, 258.3564453125, 87.19699096679688)",1,4.28399658203125,1,"(38.52315902709961, -46.2964973449707, 671.5039672851562)",1
7562749091,7524122509,"(0.4601929187774658, 0.14449606835842133)","(-20.942882537841797, 260.4695129394531, 87.96613311767578)",1,4.2129058837890625,1,"(-23.25330352783203, -45.06526565551758, 672.1630249023438)",1,"(0.42996570467948914, 0.14564543962478638)","(-37.66763687133789, 260.1334228515625, 87.84375762939453)",1,4.2923583984375,1,"(38.534400939941406, -46.3383674621582, 671.5526123046875)",1
7562765786,7524139204,"(0.45767679810523987, 0.13387489318847656)","(-22.335079193115234, 263.5758361816406, 89.0966796875)",1,4.211669921875,1,"(-23.287382125854492, -45.143646240234375, 672.057861328125)",1,"(0.4299619793891907, 0.14720678329467773)","(-37.66972351074219, 259.6767578125, 87.6775894165039)",1,4.2872161865234375,1,"(38.520992279052734, -46.37801742553711, 671.4517211914062)",1
7562782399,7524155817,"(0.4573609232902527, 0.14509344100952148)","(-22.509855270385742, 260.2947998046875, 87.90255737304688)",1,4.2078094482421875,1,"(-23.3439884185791, -45.19322967529297, 672.0597534179688)",1,"(0.4314457178115845, 0.14426419138908386)","(-36.84877014160156, 260.5373840332031, 87.99080657958984)",1,4.2893829345703125,1,"(38.505428314208984, -46.437538146972656, 671.4549560546875)",1
7562799057,7524172475,"(0.46089839935302734, 0.1373698115348816)","(-20.552583694458008, 262.5536804199219, 88.7247314453125)",1,4.2105712890625,1,"(-23.3818359375, -45.23820877075195, 672.105712890625)",1,"(0.43283721804618835, 0.14570215344429016)","(-36.07884216308594, 260.1167907714844, 87.83775329589844)",1,4.2881927490234375,1,"(38.49638366699219, -46.46099090576172, 671.5130615234375)",1
7562815702,7524189120,"(0.46139928698539734, 0.14410147070884705)","(-20.275409698486328, 260.5849304199219, 88.00810241699219)",1,4.2024688720703125,1,"(-23.41518783569336, -45.26224136352539, 672.1760864257812)",1,"(0.432420939207077, 0.14571288228034973)","(-36.30915832519531, 260.1136779785156, 87.83657836914062)",1,4.285614013671875,1,"(38.49774932861328, -46.49741744995117, 671.5715942382812)",1
7562832319,7524205737,"(0.45931780338287354, 0.14204272627830505)","(-21.427099227905273, 261.18707275390625, 88.22724151611328)",1,4.2080841064453125,1,"(-23.451513290405273, -45.25407028198242, 671.931884765625)",1,"(0.431038498878479, 0.1344250589609146)","(-37.07406997680664, 263.4149169921875, 89.0381851196289)",1,4.3066558837890625,1,"(38.455101013183594, -46.488922119140625, 671.3367309570312)",1
7562849023,7524222441,"(0.4413584768772125, 0.13768739998340607)","(-31.36402702331543, 262.4608154296875, 88.69087982177734)",1,4.2230987548828125,1,"(-23.52975082397461, -45.259490966796875, 672.0963134765625)",1,"(0.41171878576278687, 0.11722760647535324)","(-47.76365661621094, 268.44451904296875, 90.86880493164062)",1,4.3133392333984375,1,"(38.37626266479492, -46.486026763916016, 671.5037841796875)",1
7562865714,7524239132,"(0.4169883131980896, 0.12694846093654633)","(-44.848018646240234, 265.6015319824219, 89.83404541015625)",1,4.2208099365234375,1,"(-23.591625213623047, -45.2820930480957, 672.158447265625)",1,"(0.3960939347743988, 0.12020895630121231)","(-56.40888595581055, 267.5726013183594, 90.5514144897461)",1,4.3076629638671875,1,"(38.27287292480469, -46.48879623413086, 671.5436401367188)",1
7562882239,7524255657,"(0.4161648154258728, 0.12914906442165375)","(-45.30366516113281, 264.95794677734375, 89.59979248046875)",1,4.2296600341796875,1,"(-23.549665451049805, -45.22880554199219, 671.2854614257812)",1,"(0.3963945209980011, 0.1251346617937088)","(-56.24258804321289, 266.13201904296875, 90.02708435058594)",1,4.310272216796875,1,"(38.2474365234375, -46.438270568847656, 670.71337890625)",1
7562898893,7524272311,"(0.4174402058124542, 0.12293874472379684)","(-44.5980110168457, 266.7742614746094, 90.2608413696289)",1,4.2269134521484375,1,"(-23.544509887695312, -45.21169662475586, 671.1644287109375)",1,"(0.39319804310798645, 0.1271219700574875)","(-58.01119613647461, 265.5508117675781, 89.8155746459961)",1,4.30426025390625,1,"(38.262325286865234, -46.427337646484375, 670.5765991210938)",1
7562915533,7524288950,"(0.41827505826950073, 0.12471222132444382)","(-44.136077880859375, 266.2555847167969, 90.0720443725586)",1,4.2293701171875,1,"(-23.537994384765625, -45.179630279541016, 671.0993041992188)",1,"(0.39219754934310913, 0.12619899213314056)","(-58.56477737426758, 265.82073974609375, 89.913818359375)",1,4.3036041259765625,1,"(38.28420639038086, -46.41131591796875, 670.508056640625)",1
7562932154,7524305571,"(0.4165371060371399, 0.12683896720409393)","(-45.09769821166992, 265.6335754394531, 89.84571075439453)",1,4.2377777099609375,1,"(-23.529447555541992, -45.15912628173828, 671.0511474609375)",1,"(0.3906230926513672, 0.12615126371383667)","(-59.4359130859375, 265.834716796875, 89.91891479492188)",1,4.3065643310546875,1,"(38.30137634277344, -46.39693069458008, 670.46337890625)",1
7562948859,7524322276,"(0.4075648784637451, 0.1270357370376587)","(-50.06205368041992, 265.5760192871094, 89.82476043701172)",1,4.2487335205078125,1,"(-23.58855438232422, -45.165794372558594, 671.2279052734375)",1,"(0.38011592626571655, 0.12014684081077576)","(-65.24954223632812, 267.59075927734375, 90.55805206298828)",1,4.3160400390625,1,"(38.25818634033203, -46.396888732910156, 670.6395263671875)",1
7562965545,7524338962,"(0.3684360384941101, 0.12651970982551575)","(-71.71202087402344, 265.7269287109375, 89.87969970703125)",1,4.2480621337890625,1,"(-23.737592697143555, -45.1539192199707, 671.1043701171875)",1,"(0.34632739424705505, 0.122992604970932)","(-83.94474029541016, 266.75848388671875, 90.25511169433594)",1,4.3259429931640625,1,"(38.06549072265625, -46.355438232421875, 670.5247802734375)",1
7562982074,7524355491,"(0.37125036120414734, 0.11848617345094681)","(-70.15485382080078, 268.076416015625, 90.7348403930664)",1,4.2314300537109375,1,"(-23.770795822143555, -45.159324645996094, 671.0928955078125)",1,"(0.35117167234420776, 0.12501919269561768)","(-81.26438903808594, 266.165771484375, 90.03938293457031)",1,4.3218536376953125,1,"(38.03579330444336, -46.33951187133789, 670.52294921875)",1
7562998729,7524372146,"(0.3701019585132599, 0.1146673932671547)","(-70.7902603149414, 269.19329833984375, 91.14131164550781)",1,4.2285003662109375,1,"(-23.797954559326172, -45.18117904663086, 671.3583374023438)",1,"(0.3493349552154541, 0.12527906894683838)","(-82.2806625366211, 266.08978271484375, 90.01170349121094)",1,4.3084716796875,1,"(38.0483283996582, -46.3608512878418, 670.7877807617188)",1
7563015461,7524388878,"(0.36969655752182007, 0.11765002459287643)","(-71.01457977294922, 268.32098388671875, 90.82382202148438)",1,4.2224578857421875,1,"(-23.81439208984375, -45.189754486083984, 671.2984619140625)",1,"(0.3487171530723572, 0.12446175515651703)","(-82.62248229980469, 266.3288269042969, 90.09870147705078)",1,4.2986907958984375,1,"(38.0345344543457, -46.37065124511719, 670.7220458984375)",1
7563031994,7524405411,"(0.3697153627872467, 0.12093321979045868)","(-71.004150390625, 267.36077880859375, 90.47431182861328)",1,4.216522216796875,1,"(-23.83333969116211, -45.19297409057617, 671.1229248046875)",1,"(0.348123162984848, 0.12071599811315536)","(-82.95111846923828, 267.42431640625, 90.49744415283203)",1,4.283538818359375,1,"(38.02253723144531, -46.37540054321289, 670.5564575195312)",1
7563048695,7524422112,"(0.3691822290420532, 0.1280631721019745)","(-71.29914093017578, 265.2755432128906, 89.71533966064453)",1,4.216094970703125,1,"(-23.83522605895996, -45.18844223022461, 671.0291137695312)",1,"(0.34980979561805725, 0.12259379774332047)","(-82.01793670654297, 266.8751525878906, 90.29757690429688)",1,4.282318115234375,1,"(38.00624465942383, -46.37457275390625, 670.4591674804688)",1
7563065279,7524438696,"(0.3694401681423187, 0.12320399284362793)","(-71.15641784667969, 266.6966552734375, 90.23261260986328)",1,4.2040863037109375,1,"(-23.85541343688965, -45.185428619384766, 670.9366455078125)",1,"(0.3505455255508423, 0.12066017836332321)","(-81.61082458496094, 267.4406433105469, 90.50334167480469)",1,4.2602081298828125,1,"(37.9863395690918, -46.37028503417969, 670.37060546875)",1
7563081914,7524455331,"(0.3688977062702179, 0.12389832735061646)","(-71.45657348632812, 266.49359130859375, 90.15872192382812)",1,4.1837615966796875,1,"(-23.867223739624023, -45.17604446411133, 670.8197021484375)",1,"(0.349555104970932, 0.12059459090232849)","(-82.15884399414062, 267.45977783203125, 90.51036071777344)",1,4.2331390380859375,1,"(37.971107482910156, -46.37028503417969, 670.261474609375)",1
7563098661,7524472078,"(0.3689531087875366, 0.12301044166088104)","(-71.42591094970703, 266.7532653808594, 90.25321960449219)",1,4.1715850830078125,1,"(-23.878448486328125, -45.178062438964844, 670.818115234375)",1,"(0.3502093255519867, 0.11750607192516327)","(-81.79686737060547, 268.36309814453125, 90.83912658691406)",1,4.216827392578125,1,"(37.963871002197266, -46.37611770629883, 670.2619018554688)",1
7563115194,7524488611,"(0.36885589361190796, 0.12293248623609543)","(-71.47970581054688, 266.7760314941406, 90.26151275634766)",1,4.160888671875,1,"(-23.892518997192383, -45.177093505859375, 670.7830200195312)",1,"(0.3487388491630554, 0.11369053274393082)","(-82.6104736328125, 269.4789733886719, 91.24532318115234)",1,4.1942901611328125,1,"(37.947383880615234, -46.374210357666016, 670.2223510742188)",1
7563131834,7524505251,"(0.3697420656681061, 0.12771070003509521)","(-70.9894027709961, 265.3786315917969, 89.75288391113281)",1,4.1396026611328125,1,"(-23.92033576965332, -45.15776443481445, 670.6636352539062)",1,"(0.34771233797073364, 0.11456435173749924)","(-83.178466796875, 269.22344970703125, 91.15229034423828)",1,4.1708526611328125,1,"(37.91782760620117, -46.36109161376953, 670.1129150390625)",1
7563148529,7524521946,"(0.370525598526001, 0.12860658764839172)","(-70.55587005615234, 265.1166076660156, 89.65753936767578)",1,4.1208343505859375,1,"(-23.94240379333496, -45.15342330932617, 670.5833740234375)",1,"(0.3474239408969879, 0.12175881862640381)","(-83.3380355834961, 267.1193542480469, 90.38644409179688)",1,4.150665283203125,1,"(37.89788818359375, -46.34755325317383, 670.0328369140625)",1
7563165110,7524538526,"(0.3714422583580017, 0.12741999328136444)","(-70.0486831665039, 265.46368408203125, 89.78378295898438)",1,4.110626220703125,1,"(-23.968719482421875, -45.14277648925781, 670.4297485351562)",1,"(0.3479359745979309, 0.12587571144104004)","(-83.05470275878906, 265.9153137207031, 89.94818878173828)",1,4.1213226318359375,1,"(37.841339111328125, -46.31546401977539, 669.8816528320312)",1
7563181754,7524555170,"(0.3954278230667114, 0.12424610555171967)","(-56.7774772644043, 266.39190673828125, 90.12162780761719)",1,4.1115875244140625,1,"(-23.926475524902344, -45.1325798034668, 670.4249877929688)",1,"(0.367625892162323, 0.1369454562664032)","(-72.1602783203125, 262.6778259277344, 88.76988220214844)",1,4.1184539794921875,1,"(37.88916015625, -46.285797119140625, 669.873779296875)",1
7563198495,7524571911,"(0.42131727933883667, 0.12328864634037018)","(-42.45280456542969, 266.67193603515625, 90.22356414794922)",1,4.0934906005859375,1,"(-23.79266357421875, -45.08674240112305, 669.9739379882812)",1,"(0.39968156814575195, 0.14437490701675415)","(-54.4238395690918, 260.5049743652344, 87.97901916503906)",1,4.12310791015625,1,"(37.95955276489258, -46.240875244140625, 669.4195556640625)",1
7563215122,7524588538,"(0.42274585366249084, 0.12253361940383911)","(-41.662376403808594, 266.8927307128906, 90.3039779663086)",1,4.0795135498046875,1,"(-23.696760177612305, -45.0215950012207, 669.2084350585938)",1,"(0.40580424666404724, 0.14107219874858856)","(-51.03617477416992, 261.47088623046875, 88.33058166503906)",1,4.08477783203125,1,"(37.950897216796875, -46.185543060302734, 668.6807250976562)",1
7563231674,7524605090,"(0.42955389618873596, 0.1243293359875679)","(-37.89548873901367, 266.3675537109375, 90.11286163330078)",1,4.063934326171875,1,"(-23.779897689819336, -45.058712005615234, 669.850830078125)",1,"(0.40878796577453613, 0.14192940294742584)","(-49.38527297973633, 261.2201843261719, 88.2393569946289)",1,4.0709686279296875,1,"(37.941585540771484, -46.2108268737793, 669.2868041992188)",1
7563248365,7524621781,"(0.42904409766197205, 0.12328968197107315)","(-38.177555084228516, 266.6716003417969, 90.22354888916016)",1,4.0520782470703125,1,"(-23.79139518737793, -45.03756332397461, 669.711181640625)",1,"(0.4089689254760742, 0.14012299478054047)","(-49.285152435302734, 261.7485046386719, 88.43167114257812)",1,4.0679931640625,1,"(37.91377258300781, -46.19395065307617, 669.14697265625)",1
7563265038,7524638454,"(0.43212875723838806, 0.12233856320381165)","(-36.4708366394043, 266.9497985839844, 90.32470703125)",1,4.053436279296875,1,"(-23.811357498168945, -45.02259826660156, 669.5594482421875)",1,"(0.41081345081329346, 0.14407064020633698)","(-48.26460647583008, 260.59393310546875, 88.01143646240234)",1,4.0607147216796875,1,"(37.883514404296875, -46.17899703979492, 669.0066528320312)",1
7563281594,7524655010,"(0.43251314759254456, 0.1204850971698761)","(-36.25814437866211, 267.49188232421875, 90.52203369140625)",1,4.044403076171875,1,"(-23.82637596130371, -45.02152633666992, 669.7035522460938)",1,"(0.4086194336414337, 0.14256857335567474)","(-49.47854232788086, 261.0332946777344, 88.17127990722656)",1,4.050933837890625,1,"(37.884342193603516, -46.179534912109375, 669.1461791992188)",1
7563298331,7524671747,"(0.43041351437568665, 0.11937204003334045)","(-37.41986083984375, 267.8173828125, 90.64051818847656)",1,4.043212890625,1,"(-23.841957092285156, -45.02108383178711, 669.9359130859375)",1,"(0.4076380431652069, 0.13933619856834412)","(-50.021575927734375, 261.9786071777344, 88.51536560058594)",1,4.0471954345703125,1,"(37.89057159423828, -46.18247604370117, 669.365966796875)",1
7563314952,7524688368,"(0.4313853085041046, 0.12023156881332397)","(-36.882179260253906, 267.56597900390625, 90.54901123046875)",1,4.04840087890625,1,"(-23.862350463867188, -45.02629470825195, 670.3563842773438)",1,"(0.4043751358985901, 0.13615082204341888)","(-51.826904296875, 262.9102478027344, 88.85445404052734)",1,4.0484771728515625,1,"(37.90945816040039, -46.20065689086914, 669.8033447265625)",1
7563331514,7524704930,"(0.4322020411491394, 0.12571676075458527)","(-36.43029022216797, 265.9617614746094, 89.9651870727539)",1,4.0447845458984375,1,"(-23.895193099975586, -45.017433166503906, 670.7727661132812)",1,"(0.40225088596343994, 0.13769693672657013)","(-53.00223922729492, 262.4580383300781, 88.6898422241211)",1,4.05438232421875,1,"(37.91825485229492, -46.20213317871094, 670.193603515625)",1
7563348200,7524721616,"(0.4340013861656189, 0.1239001676440239)","(-35.4347038269043, 266.4930725097656, 90.15850830078125)",1,4.0431671142578125,1,"(-23.90721321105957, -45.020328521728516, 670.9305419921875)",1,"(0.40309467911720276, 0.13511835038661957)","(-52.53539276123047, 263.2121887207031, 88.96430969238281)",1,4.0477142333984375,1,"(37.92619705200195, -46.20140838623047, 670.3751220703125)",1
7563364868,7524738284,"(0.45312920212745667, 0.11974571645259857)","(-24.851289749145508, 267.70806884765625, 90.60076141357422)",1,4.0482330322265625,1,"(-23.810571670532227, -45.0123176574707, 671.00634765625)",1,"(0.4303635060787201, 0.13191008567810059)","(-37.44752502441406, 264.1504821777344, 89.30583953857422)",1,4.0579681396484375,1,"(37.992008209228516, -46.204132080078125, 670.4168701171875)",1
7563381434,7524754850,"(0.4652857184410095, 0.13097228109836578)","(-18.12506866455078, 264.4247131347656, 89.4057388305664)",1,4.0382537841796875,1,"(-23.737285614013672, -44.946502685546875, 670.3873291015625)",1,"(0.4422701299190521, 0.13234835863113403)","(-30.859609603881836, 264.02227783203125, 89.25921630859375)",1,4.0643157958984375,1,"(37.99562072753906, -46.16343307495117, 669.8203735351562)",1
7563398166,7524771582,"(0.4639933705329895, 0.13134731352329254)","(-18.84010124206543, 264.31500244140625, 89.36580657958984)",1,4.0286407470703125,1,"(-23.744232177734375, -44.93329620361328, 670.2083129882812)",1,"(0.4451778829097748, 0.12875673174858093)","(-29.250757217407227, 265.0727233886719, 89.64151763916016)",1,4.0585784912109375,1,"(37.96439743041992, -46.140403747558594, 669.62890625)",1
7563414783,7524788198,"(0.4677684009075165, 0.13209767639636993)","(-16.75137710571289, 264.0955810546875, 89.28588104248047)",1,4.029327392578125,1,"(-23.7586727142334, -44.90509796142578, 670.0775146484375)",1,"(0.44467899203300476, 0.13451001048088074)","(-29.52679443359375, 263.39007568359375, 89.02909851074219)",1,4.051116943359375,1,"(37.96055603027344, -46.10897445678711, 669.4713134765625)",1
7563431354,7524804769,"(0.4654703736305237, 0.1292741298675537)","(-18.02290916442871, 264.92138671875, 89.58649444580078)",1,4.0263824462890625,1,"(-23.731996536254883, -44.8397331237793, 669.4484252929688)",1,"(0.44402626156806946, 0.13471505045890808)","(-29.88793182373047, 263.3301086425781, 89.00728607177734)",1,4.05078125,1,"(37.93277359008789, -46.04471969604492, 668.88525390625)",1
7563448036,7524821451,"(0.46369418501853943, 0.13141675293445587)","(-19.005647659301758, 264.2947692871094, 89.35840606689453)",1,4.0425262451171875,1,"(-23.713987350463867, -44.8021125793457, 669.3057861328125)",1,"(0.44156718254089355, 0.13464072346687317)","(-31.248533248901367, 263.35186767578125, 89.01517486572266)",1,4.0550689697265625,1,"(37.939125061035156, -46.017723083496094, 668.7371826171875)",1
7563464699,7524838114,"(0.46288126707077026, 0.1281595081090927)","(-19.45545768737793, 265.24737548828125, 89.70514678955078)",1,4.0393218994140625,1,"(-23.692602157592773, -44.77557373046875, 669.2190551757812)",1,"(0.4423970878124237, 0.14437426626682281)","(-30.78937339782715, 260.5052185058594, 87.97908020019531)",1,4.05767822265625,1,"(37.95398712158203, -45.98326873779297, 668.6502685546875)",1
7563481274,7524854689,"(0.46333256363868713, 0.12900680303573608)","(-19.20575523376465, 264.9996032714844, 89.6148910522461)",1,4.044281005859375,1,"(-23.67892074584961, -44.751564025878906, 669.1387939453125)",1,"(0.44223976135253906, 0.14578504860401154)","(-30.87639617919922, 260.0925598144531, 87.8289566040039)",1,4.06756591796875,1,"(37.966636657714844, -45.961822509765625, 668.5738525390625)",1
7563498002,7524871417,"(0.46415090560913086, 0.1265673041343689)","(-18.752979278564453, 265.7130432128906, 89.87454986572266)",1,4.0487213134765625,1,"(-23.675521850585938, -44.750083923339844, 669.103759765625)",1,"(0.4413371682167053, 0.14367370307445526)","(-31.375802993774414, 260.7100524902344, 88.05368041992188)",1,4.07781982421875,1,"(37.974884033203125, -45.9607048034668, 668.5347900390625)",1
7563514615,7524888030,"(0.46481427550315857, 0.1313898116350174)","(-18.385934829711914, 264.3026123046875, 89.36125946044922)",1,4.066192626953125,1,"(-23.66971778869629, -44.759525299072266, 669.05078125)",1,"(0.4400835335254669, 0.13750317692756653)","(-32.06946563720703, 262.51470947265625, 88.71051788330078)",1,4.08905029296875,1,"(37.98183822631836, -45.983421325683594, 668.4786987304688)",1
7563531194,7524904609,"(0.46778103709220886, 0.1327672004699707)","(-16.744409561157227, 263.8998107910156, 89.21458435058594)",1,4.0861663818359375,1,"(-23.656978607177734, -44.79378128051758, 669.088134765625)",1,"(0.44091010093688965, 0.1282328963279724)","(-31.612110137939453, 265.2259216308594, 89.69730377197266)",1,4.103302001953125,1,"(38.00856399536133, -46.031803131103516, 668.5134887695312)",1
7563547872,7524921287,"(0.5053793787956238, 0.12386119365692139)","(4.058745384216309, 266.5045166015625, 90.16259002685547)",1,4.0893402099609375,1,"(-23.49956703186035, -44.794925689697266, 668.7113647460938)",1,"(0.48247361183166504, 0.13310351967811584)","(-8.614995002746582, 263.80145263671875, 89.17882537841797)",1,4.1304779052734375,1,"(38.11866760253906, -46.04459762573242, 668.1524658203125)",1
7563564529,7524937944,"(0.5755109786987305, 0.11795199662446976)","(42.862579345703125, 268.2326965332031, 90.79165649414062)",1,4.1075439453125,1,"(-23.14556884765625, -44.83353042602539, 668.92919921875)",1,"(0.5469398498535156, 0.1428227424621582)","(27.05420684814453, 260.9589538574219, 88.14423370361328)",1,4.114776611328125,1,"(38.47210693359375, -46.09359359741211, 668.3547973632812)",1
7563581114,7524954529,"(0.5777602195739746, 0.11357522755861282)","(44.10708236694336, 269.5127258300781, 91.25760650634766)",1,4.12091064453125,1,"(-23.1335391998291, -44.94881057739258, 669.895751953125)",1,"(0.5476399660110474, 0.14355410635471344)","(27.441593170166016, 260.74505615234375, 88.0664291381836)",1,4.1314849853515625,1,"(38.556129455566406, -46.175086975097656, 669.22998046875)",1
7563597838,7524971253,"(0.5856727957725525, 0.11768616735935211)","(48.48512649536133, 268.3103942871094, 90.81998443603516)",1,4.1247100830078125,1,"(-23.144929885864258, -44.955841064453125, 669.6817626953125)",1,"(0.5486174821853638, 0.1435869187116623)","(27.982433319091797, 260.73541259765625, 88.06291961669922)",1,4.1377716064453125,1,"(38.54362487792969, -46.17507553100586, 669.054443359375)",1
7563614445,7524987860,"(0.5848867893218994, 0.11147791892290115)","(48.05017852783203, 270.1261291503906, 91.48079681396484)",1,4.1321868896484375,1,"(-23.140466690063477, -44.988582611083984, 669.63623046875)",1,"(0.550349771976471, 0.14557114243507385)","(28.940919876098633, 260.1551513671875, 87.85167694091797)",1,4.1480712890625,1,"(38.555999755859375, -46.19523239135742, 669.0004272460938)",1
7563631034,7525004449,"(0.584149181842804, 0.11397454142570496)","(47.6421012878418, 269.39593505859375, 91.21505737304688)",1,4.14776611328125,1,"(-23.11004638671875, -45.00102996826172, 669.6163330078125)",1,"(0.5529149770736694, 0.14369532465934753)","(30.360187530517578, 260.7037353515625, 88.05139923095703)",1,4.157806396484375,1,"(38.57764434814453, -46.22110366821289, 668.9727172851562)",1
7563647706,7525021121,"(0.5805205702781677, 0.1143278181552887)","(45.63434982299805, 269.2926025390625, 91.17742919921875)",1,4.16156005859375,1,"(-23.071561813354492, -45.01044464111328, 669.5680541992188)",1,"(0.5508955717086792, 0.1389380395412445)","(29.242883682250977, 262.0950622558594, 88.55780029296875)",1,4.1718292236328125,1,"(38.598411560058594, -46.238590240478516, 668.9279174804688)",1
7563664457,7525037872,"(0.5776603817939758, 0.10900069773197174)","(44.05183029174805, 270.8506164550781, 91.74449920654297)",1,4.164306640625,1,"(-23.019023895263672, -45.008628845214844, 669.4884033203125)",1,"(0.5539683699607849, 0.13407526910305023)","(30.943017959594727, 263.51727294921875, 89.07537078857422)",1,4.174285888671875,1,"(38.62679672241211, -46.25632095336914, 668.8349609375)",1
7563680954,7525054369,"(0.5774280428886414, 0.10834915935993195)","(43.92329025268555, 271.0411376953125, 91.8138427734375)",1,4.1669921875,1,"(-22.984094619750977, -44.993019104003906, 669.3104248046875)",1,"(0.5530598163604736, 0.135137140750885)","(30.440366744995117, 263.2066650390625, 88.96237182617188)",1,4.168304443359375,1,"(38.66149139404297, -46.24113845825195, 668.6654052734375)",1
7563697576,7525070991,"(0.5804206132888794, 0.10948985815048218)","(45.5791130065918, 270.7075500488281, 91.69241333007812)",1,4.1708984375,1,"(-22.9781494140625, -44.97933578491211, 669.353759765625)",1,"(0.5515078902244568, 0.13777025043964386)","(29.58170509338379, 262.4365539550781, 88.68208312988281)",1,4.1645965576171875,1,"(38.696170806884766, -46.237998962402344, 668.707763671875)",1
7563714276,7525087690,"(0.5818878412246704, 0.10838522017002106)","(46.39088439941406, 271.0306091308594, 91.81000518798828)",1,4.1669158935546875,1,"(-22.960880279541016, -44.95486831665039, 669.3303833007812)",1,"(0.5485227108001709, 0.14458754658699036)","(27.929990768432617, 260.4427795410156, 87.95637512207031)",1,4.1630706787109375,1,"(38.72837829589844, -46.21184158325195, 668.6719360351562)",1
7563730874,7525104288,"(0.5832984447479248, 0.11801916360855103)","(47.171382904052734, 268.2130432128906, 90.78447723388672)",1,4.1527862548828125,1,"(-22.92576026916504, -44.899662017822266, 669.1803588867188)",1,"(0.552064836025238, 0.1504766345024109)","(29.889812469482422, 258.7204895019531, 87.32949829101562)",1,4.1439971923828125,1,"(38.74102783203125, -46.176090240478516, 668.5213623046875)",1
7563747542,7525120956,"(0.6040986180305481, 0.11983105540275574)","(58.68012237548828, 267.6831359863281, 90.59164428710938)",1,4.157806396484375,1,"(-22.81110954284668, -44.870765686035156, 669.0245971679688)",1,"(0.5744843482971191, 0.14377103745937347)","(42.2945556640625, 260.6816101074219, 88.04327392578125)",1,4.140838623046875,1,"(38.81747817993164, -46.170654296875, 668.384765625)",1
7563764288,7525137702,"(0.6336105465888977, 0.11785092949867249)","(75.0090560913086, 268.2622375488281, 90.80245208740234)",1,4.1454925537109375,1,"(-22.62869644165039, -44.848487854003906, 669.0335083007812)",1,"(0.6094344854354858, 0.12313152104616165)","(61.63246536254883, 266.7178649902344, 90.24034881591797)",1,4.1398162841796875,1,"(38.96068572998047, -46.20629119873047, 668.368408203125)",1
7563780794,7525154208,"(0.6343470215797424, 0.11392156779766083)","(75.41658020019531, 269.41143798828125, 91.22074127197266)",1,4.13525390625,1,"(-22.659488677978516, -44.90193557739258, 669.498046875)",1,"(0.6076043844223022, 0.12161929160356522)","(60.61989212036133, 267.1601257324219, 90.40128326416016)",1,4.134490966796875,1,"(38.98816680908203, -46.2442741394043, 668.80126953125)",1
7563797411,7525170825,"(0.6382943987846375, 0.11437536776065826)","(77.60063934326172, 269.2786865234375, 91.17239379882812)",1,4.1390533447265625,1,"(-22.676055908203125, -44.91157531738281, 669.5107421875)",1,"(0.6080789566040039, 0.11854006350040436)","(60.88248825073242, 268.0606994628906, 90.72904968261719)",1,4.131805419921875,1,"(38.98902893066406, -46.249813079833984, 668.845458984375)",1
7563814106,7525187521,"(0.6392365097999573, 0.11372756958007812)","(78.12189483642578, 269.46820068359375, 91.24136352539062)",1,4.1272735595703125,1,"(-22.694414138793945, -44.924434661865234, 669.5109252929688)",1,"(0.6066606044769287, 0.1220962181687355)","(60.09767532348633, 267.0206298828125, 90.35055541992188)",1,4.1216583251953125,1,"(38.987762451171875, -46.257144927978516, 668.8480224609375)",1
7563830714,7525204129,"(0.6404925584793091, 0.1093364804983139)","(78.81690216064453, 270.7524108886719, 91.70880889892578)",1,4.1053466796875,1,"(-22.71247100830078, -44.94344711303711, 669.5214233398438)",1,"(0.6105371117591858, 0.12018068879842758)","(62.242549896240234, 267.58087158203125, 90.55441284179688)",1,4.1073455810546875,1,"(38.97490692138672, -46.272830963134766, 668.8565673828125)",1
7563847377,7525220792,"(0.6417714953422546, 0.1055956557393074)","(79.52455139160156, 271.846435546875, 92.10697937011719)",1,4.1131134033203125,1,"(-22.72585678100586, -44.95531463623047, 669.5503540039062)",1,"(0.6084664463996887, 0.11918821185827255)","(61.09687042236328, 267.87115478515625, 90.66004943847656)",1,4.099945068359375,1,"(38.96852493286133, -46.287925720214844, 668.8843994140625)",1
7563864118,7525237533,"(0.6402220726013184, 0.10240887105464935)","(78.66727447509766, 272.7784423828125, 92.4461669921875)",1,4.11297607421875,1,"(-22.734888076782227, -44.97932815551758, 669.5684204101562)",1,"(0.6091102957725525, 0.11402538418769836)","(61.4531135559082, 269.3810729980469, 91.20960235595703)",1,4.0851593017578125,1,"(38.9622802734375, -46.3074951171875, 668.9067993164062)",1
7563880634,7525254049,"(0.639193058013916, 0.09884359687566757)","(78.09790802001953, 273.8211364746094, 92.82568359375)",1,4.0985870361328125,1,"(-22.746929168701172, -44.98984909057617, 669.5364990234375)",1,"(0.6108196377754211, 0.11450744420289993)","(62.39890670776367, 269.2401123046875, 91.15831756591797)",1,4.07623291015625,1,"(38.943294525146484, -46.315338134765625, 668.8756713867188)",1
7563897247,7525270662,"(0.636544942855835, 0.10122867673635483)","(76.63270568847656, 273.12359619140625, 92.57180786132812)",1,4.0852203369140625,1,"(-22.74399757385254, -44.984596252441406, 669.3943481445312)",1,"(0.6114534735679626, 0.11336575448513031)","(62.74958419799805, 269.573974609375, 91.27985382080078)",1,4.0809173583984375,1,"(38.91909408569336, -46.310726165771484, 668.736328125)",1
7563914034,7525287448,"(0.6538280248641968, 0.10192492604255676)","(86.19547271728516, 272.91998291015625, 92.49773406982422)",1,4.07958984375,1,"(-22.723712921142578, -44.98273849487305, 669.2537841796875)",1,"(0.626108705997467, 0.11614438891410828)","(70.85830688476562, 268.7613525390625, 90.98403930664062)",1,4.0692901611328125,1,"(38.94440460205078, -46.310150146484375, 668.5926513671875)",1
7563930554,7525303968,"(0.6687251329421997, 0.10832171142101288)","(94.43802642822266, 271.0491638183594, 91.8167724609375)",1,4.0783233642578125,1,"(-22.709545135498047, -44.96512222290039, 669.0438232421875)",1,"(0.6388698220252991, 0.11817309260368347)","(77.91902160644531, 268.16802978515625, 90.76814270019531)",1,4.0570220947265625,1,"(38.941795349121094, -46.31055450439453, 668.3870849609375)",1
7563947213,7525320627,"(0.6622575521469116, 0.10772375762462616)","(90.85945892333984, 271.22406005859375, 91.88044738769531)",1,4.064483642578125,1,"(-22.708166122436523, -44.94695281982422, 668.6820068359375)",1,"(0.6359655261039734, 0.1235959604382515)","(76.31208801269531, 266.5820617675781, 90.19087982177734)",1,4.0606231689453125,1,"(38.88964080810547, -46.2797966003418, 668.0247802734375)",1
7563963949,7525337363,"(0.6597070693969727, 0.11055631190538406)","(89.44831848144531, 270.3955993652344, 91.57894897460938)",1,4.0572662353515625,1,"(-22.753332138061523, -44.928733825683594, 668.297119140625)",1,"(0.6415364742279053, 0.12271673232316971)","(79.39452362060547, 266.8392028808594, 90.28445434570312)",1,4.0551605224609375,1,"(38.78069305419922, -46.239540100097656, 667.6295166015625)",1
7563980474,7525353888,"(0.6656465530395508, 0.11033954471349716)","(92.73465728759766, 270.4590148925781, 91.60201263427734)",1,4.0519561767578125,1,"(-22.849958419799805, -44.92319107055664, 668.1365966796875)",1,"(0.6393476724624634, 0.11873961985111237)","(78.18346405029297, 268.0023193359375, 90.70779418945312)",1,4.05059814453125,1,"(38.7127571105957, -46.22864532470703, 667.4901733398438)",1
7563997083,7525370497,"(0.6654449105262756, 0.11102946847677231)","(92.62305450439453, 270.2572326660156, 91.52857208251953)",1,4.0504150390625,1,"(-22.900827407836914, -44.930686950683594, 668.1906127929688)",1,"(0.6408821940422058, 0.1187053769826889)","(79.03248596191406, 268.0123291015625, 90.71149444580078)",1,4.0287017822265625,1,"(38.67076110839844, -46.22732162475586, 667.5523681640625)",1
7564013865,7525387279,"(0.6610347628593445, 0.11853189021348953)","(90.18293762207031, 268.06304931640625, 90.72997283935547)",1,4.043701171875,1,"(-22.95781898498535, -44.920589447021484, 668.1099853515625)",1,"(0.6414943933486938, 0.1188981831073761)","(79.37124633789062, 267.9559631347656, 90.69094848632812)",1,4.02947998046875,1,"(38.58467102050781, -46.20920944213867, 667.471435546875)",1
7564030390,7525403804,"(0.664740264415741, 0.11570385098457336)","(92.23316192626953, 268.89019775390625, 91.03096771240234)",1,4.0436859130859375,1,"(-23.039756774902344, -44.922176361083984, 667.9766235351562)",1,"(0.6395758986473083, 0.12022662162780762)","(78.3096923828125, 267.56744384765625, 90.54954528808594)",1,4.031707763671875,1,"(38.51458740234375, -46.19597244262695, 667.3497314453125)",1
7564047049,7525420463,"(0.6535636782646179, 0.12460207939147949)","(86.04918670654297, 266.28778076171875, 90.08378601074219)",1,4.040802001953125,1,"(-23.15566062927246, -44.924983978271484, 667.89599609375)",1,"(0.632962703704834, 0.12486893683671951)","(74.65061950683594, 266.209716796875, 90.05541229248047)",1,4.040374755859375,1,"(38.41177749633789, -46.183895111083984, 667.2755737304688)",1
7564063781,7525437195,"(0.5354137420654297, 0.14433686435222626)","(20.676748275756836, 260.51611328125, 87.98307800292969)",1,4.0669708251953125,1,"(-23.711212158203125, -44.91646194458008, 666.7224731445312)",1,"(0.5223979353904724, 0.1587142050266266)","(13.47512149810791, 256.3113098144531, 86.45265197753906)",1,4.0415802001953125,1,"(37.73481750488281, -46.077239990234375, 666.0487060546875)",1
7564080310,7525453724,"(0.3842177391052246, 0.16141949594020844)","(-62.97999572753906, 255.52008056640625, 86.1646957397461)",1,4.048553466796875,1,"(-24.45144271850586, -45.00119400024414, 665.7216796875)",1,"(0.3820289671421051, 0.174759179353714)","(-64.19104766845703, 251.61874389648438, 84.74473571777344)",1,4.0305633544921875,1,"(36.87442398071289, -46.05525207519531, 665.2001953125)",1
7564097015,7525470429,"(0.3556658625602722, 0.17131708562374115)","(-78.77777099609375, 252.62542724609375, 85.11107635498047)",1,4.051055908203125,1,"(-24.634145736694336, -44.9992790222168, 665.2056884765625)",1,"(0.34019267559051514, 0.17664925754070282)","(-87.33907318115234, 251.06594848632812, 84.54352569580078)",1,4.02618408203125,1,"(36.592063903808594, -46.028961181640625, 664.7474975585938)",1
7564113599,7525487013,"(0.3555311858654022, 0.17375493049621582)","(-78.85225677490234, 251.9124298095703, 84.85159301757812)",1,4.06268310546875,1,"(-24.710702896118164, -45.021697998046875, 665.7710571289062)",1,"(0.33605414628982544, 0.17129185795783997)","(-89.62894439697266, 252.63282775878906, 85.1137466430664)",1,4.0400238037109375,1,"(36.58015060424805, -46.06990051269531, 665.3630981445312)",1
7564130230,7525503644,"(0.36279788613319397, 0.170060932636261)","(-74.83160400390625, 252.99276733398438, 85.24479675292969)",1,4.04876708984375,1,"(-24.840194702148438, -45.068397521972656, 666.659912109375)",1,"(0.3321867287158966, 0.1713043749332428)","(-91.76876068115234, 252.62911987304688, 85.1124496459961)",1,4.045867919921875,1,"(36.5908088684082, -46.12145233154297, 666.1841430664062)",1
7564146883,7525520297,"(0.36409705877304077, 0.17273539304733276)","(-74.1127700805664, 252.21063232421875, 84.96011352539062)",1,4.060791015625,1,"(-24.880081176757812, -45.069095611572266, 666.8074340820312)",1,"(0.3310256600379944, 0.17045548558235168)","(-92.41118621826172, 252.87742614746094, 85.20279693603516)",1,4.05810546875,1,"(36.568885803222656, -46.12833786010742, 666.3475952148438)",1
7564163514,7525536927,"(0.3581250011920929, 0.16775652766227722)","(-77.41710662841797, 253.66676330566406, 85.49007415771484)",1,4.0733489990234375,1,"(-24.933034896850586, -45.09602355957031, 667.1715698242188)",1,"(0.3344656527042389, 0.16907721757888794)","(-90.50782775878906, 253.28050231933594, 85.34954071044922)",1,4.0596771240234375,1,"(36.527099609375, -46.14121627807617, 666.7249755859375)",1
7564180150,7525553563,"(0.3614005744457245, 0.17220836877822876)","(-75.604736328125, 252.36477661132812, 85.01622009277344)",1,4.083343505859375,1,"(-25.04230499267578, -45.122100830078125, 667.6384887695312)",1,"(0.3319816589355469, 0.16736416518688202)","(-91.88227081298828, 253.78152465820312, 85.53187561035156)",1,4.065948486328125,1,"(36.5012092590332, -46.1595573425293, 667.1723022460938)",1
7564196849,7525570262,"(0.36414414644241333, 0.16896548867225647)","(-74.08671569824219, 253.31320190429688, 85.36139678955078)",1,4.087860107421875,1,"(-25.106609344482422, -45.14013671875, 667.8550415039062)",1,"(0.33228757977485657, 0.17465248703956604)","(-91.71295166015625, 251.64996337890625, 84.75601196289062)",1,4.0813446044921875,1,"(36.47251892089844, -46.15734100341797, 667.4129638671875)",1
7564213430,7525586843,"(0.3575819432735443, 0.15995551645755768)","(-77.71760559082031, 255.9482421875, 86.32052612304688)",1,4.096099853515625,1,"(-25.16438865661621, -45.159244537353516, 668.1439819335938)",1,"(0.3333876132965088, 0.17977085709571838)","(-91.10429382324219, 250.1530303955078, 84.21121215820312)",1,4.0883941650390625,1,"(36.4207763671875, -46.13574981689453, 667.7022705078125)",1
7564230070,7525603483,"(0.3559296727180481, 0.1638752967119217)","(-78.63179779052734, 254.80186462402344, 85.90323638916016)",1,4.1005401611328125,1,"(-25.23702621459961, -45.122276306152344, 668.2474975585938)",1,"(0.33403298258781433, 0.18075163662433624)","(-90.74724578857422, 249.86618041992188, 84.10679626464844)",1,4.0915679931640625,1,"(36.36560821533203, -46.10982131958008, 667.8037109375)",1
7564246719,7525620132,"(0.3581800162792206, 0.16465133428573608)","(-77.38666534423828, 254.5749053955078, 85.82061004638672)",1,4.1083831787109375,1,"(-25.279542922973633, -45.11940383911133, 668.3230590820312)",1,"(0.3326687216758728, 0.1825096756219864)","(-91.5020980834961, 249.35203552246094, 83.91967010498047)",1,4.1020050048828125,1,"(36.337589263916016, -46.095489501953125, 667.888671875)",1
7564263346,7525636759,"(0.3635908365249634, 0.16813227534294128)","(-74.39289093017578, 253.55686950683594, 85.45011901855469)",1,4.1199798583984375,1,"(-25.3529052734375, -45.11369705200195, 668.5889892578125)",1,"(0.33540597558021545, 0.17506548762321472)","(-89.987548828125, 251.5291748046875, 84.71208190917969)",1,4.1036376953125,1,"(36.30260467529297, -46.106971740722656, 668.1654663085938)",1
7564279990,7525653403,"(0.3640480041503906, 0.16167256236076355)","(-74.1399154663086, 255.44607543945312, 86.1377182006836)",1,4.1374969482421875,1,"(-25.415958404541016, -45.1425666809082, 669.0374145507812)",1,"(0.3369629979133606, 0.17296382784843445)","(-89.12606048583984, 252.14381408691406, 84.935791015625)",1,4.1218414306640625,1,"(36.281436920166016, -46.12174987792969, 668.5914916992188)",1
7564296685,7525670098,"(0.3651341199874878, 0.16513143479824066)","(-73.53897094726562, 254.4344940185547, 85.76951599121094)",1,4.14849853515625,1,"(-25.450716018676758, -45.15131378173828, 669.2702026367188)",1,"(0.33353349566459656, 0.17164450883865356)","(-91.02359771728516, 252.5296630859375, 85.07622528076172)",1,4.1328887939453125,1,"(36.28019714355469, -46.13671112060547, 668.8399658203125)",1
7564313358,7525686771,"(0.3594217300415039, 0.1660144329071045)","(-76.69965362548828, 254.17623901367188, 85.67555236816406)",1,4.153472900390625,1,"(-25.481212615966797, -45.164554595947266, 669.5260620117188)",1,"(0.3325740396976471, 0.1695830076932907)","(-91.5544662475586, 253.132568359375, 85.2956771850586)",1,4.1367034912109375,1,"(36.25612258911133, -46.14530944824219, 669.0984497070312)",1
7564329910,7525703323,"(0.36158227920532227, 0.16829970479011536)","(-75.50419616699219, 253.50790405273438, 85.4322738647461)",1,4.1554412841796875,1,"(-25.526578903198242, -45.17778015136719, 669.4828491210938)",1,"(0.3302702307701111, 0.16819775104522705)","(-92.82919311523438, 253.53775024414062, 85.44312286376953)",1,4.129608154296875,1,"(36.213462829589844, -46.144615173339844, 669.063232421875)",1
7564346554,7525719967,"(0.36403077840805054, 0.1647450178861618)","(-74.14945220947266, 254.54750061035156, 85.81066131591797)",1,4.147430419921875,1,"(-25.56064796447754, -45.196537017822266, 669.496337890625)",1,"(0.3347054719924927, 0.1650208830833435)","(-90.37516021728516, 254.4668426513672, 85.78129577636719)",1,4.1168212890625,1,"(36.179256439208984, -46.142696380615234, 669.0809326171875)",1
7564363272,7525736685,"(0.36626437306404114, 0.16610272228717804)","(-72.91358184814453, 254.15042114257812, 85.6661605834961)",1,4.1393280029296875,1,"(-25.610992431640625, -45.23105239868164, 669.6295166015625)",1,"(0.33496326208114624, 0.16738136112689972)","(-90.23251342773438, 253.77645874023438, 85.53005981445312)",1,4.1191253662109375,1,"(36.1531982421875, -46.16244888305664, 669.2191772460938)",1
7564379830,7525753243,"(0.38390010595321655, 0.16015346348285675)","(-63.155738830566406, 255.89035034179688, 86.29940795898438)",1,4.1427001953125,1,"(-25.5141544342041, -45.30662155151367, 670.0231323242188)",1,"(0.35178449749946594, 0.17748600244522095)","(-80.92530822753906, 250.8212432861328, 84.45445251464844)",1,4.1246795654296875,1,"(36.27768325805664, -46.21538543701172, 669.574951171875)",1
7564396520,7525769933,"(0.414796382188797, 0.1690623164176941)","(-46.06081771850586, 253.28488159179688, 85.35108184814453)",1,4.1482696533203125,1,"(-25.34266471862793, -45.2989387512207, 669.8321533203125)",1,"(0.38423866033554077, 0.18014469742774963)","(-62.96842956542969, 250.04368591308594, 84.17143249511719)",1,4.1184539794921875,1,"(36.42286682128906, -46.24125289916992, 669.3721313476562)",1
7564413188,7525786600,"(0.43257787823677063, 0.1826290786266327)","(-36.22233581542969, 249.31710815429688, 83.90695190429688)",1,4.1300201416015625,1,"(-25.187776565551758, -45.25106430053711, 669.2111206054688)",1,"(0.3977881669998169, 0.18338699638843536)","(-55.47146224975586, 249.09544372558594, 83.82627868652344)",1,4.10003662109375,1,"(36.51931381225586, -46.23335266113281, 668.7799072265625)",1
7564429750,7525803162,"(0.43292978405952454, 0.17797833681106567)","(-36.027618408203125, 250.67727661132812, 84.40201568603516)",1,4.1118316650390625,1,"(-25.146812438964844, -45.2893180847168, 669.926513671875)",1,"(0.4028480350971222, 0.1811208575963974)","(-52.67182159423828, 249.7581787109375, 84.0675048828125)",1,4.081085205078125,1,"(36.608375549316406, -46.28729248046875, 669.4515991210938)",1
7564446486,7525819898,"(0.4278644025325775, 0.17991559207439423)","(-38.83028793334961, 250.11070251464844, 84.19583129882812)",1,4.0987548828125,1,"(-25.076011657714844, -45.26220703125, 669.8697509765625)",1,"(0.4006843864917755, 0.1824134737253189)","(-53.868980407714844, 249.38015747070312, 83.92991638183594)",1,4.0850830078125,1,"(36.66217041015625, -46.27499008178711, 669.4044799804688)",1
7564463103,7525836515,"(0.43007588386535645, 0.17610470950603485)","(-37.60665512084961, 251.22523498535156, 84.6014633178711)",1,4.095550537109375,1,"(-24.996213912963867, -45.22923278808594, 669.7474975585938)",1,"(0.39617592096328735, 0.18562430143356323)","(-56.36351776123047, 248.44110107421875, 83.58811950683594)",1,4.076416015625,1,"(36.751827239990234, -46.22975540161133, 669.2838134765625)",1
7564479670,7525853082,"(0.43195778131484985, 0.17980040609836578)","(-36.56541061401367, 250.14439392089844, 84.2081069946289)",1,4.0917510986328125,1,"(-24.92909049987793, -45.192134857177734, 670.1715698242188)",1,"(0.40256330370903015, 0.18237154185771942)","(-52.829383850097656, 249.39242553710938, 83.93441009521484)",1,4.06744384765625,1,"(36.83787155151367, -46.2288932800293, 669.675537109375)",1
7564496356,7525869768,"(0.42915067076683044, 0.18432681262493134)","(-38.118621826171875, 248.82057189941406, 83.72628784179688)",1,4.087310791015625,1,"(-24.87641716003418, -45.17197799682617, 670.1980590820312)",1,"(0.3995354473590851, 0.18676546216011047)","(-54.50471878051758, 248.10739135742188, 83.4666748046875)",1,4.0502471923828125,1,"(36.90046310424805, -46.216651916503906, 669.7105102539062)",1
7564513019,7525886431,"(0.42889562249183655, 0.18065637350082397)","(-38.259735107421875, 249.89405822753906, 84.11693572998047)",1,4.0776519775390625,1,"(-24.795595169067383, -45.14462661743164, 670.150390625)",1,"(0.39742428064346313, 0.18668074905872345)","(-55.67283630371094, 248.1321258544922, 83.47570037841797)",1,4.048858642578125,1,"(36.98591613769531, -46.20691680908203, 669.6570434570312)",1
7564529590,7525903002,"(0.4332844018936157, 0.18044200539588928)","(-35.83143615722656, 249.9567413330078, 84.13980865478516)",1,4.0675506591796875,1,"(-24.733409881591797, -45.13401412963867, 670.1016235351562)",1,"(0.40023308992385864, 0.18626277148723602)","(-54.11872482299805, 248.25439453125, 83.52017974853516)",1,4.056243896484375,1,"(37.041412353515625, -46.20028305053711, 669.6043090820312)",1
7564546226,7525919638,"(0.4324495792388916, 0.18169336020946503)","(-36.29334259033203, 249.59075927734375, 84.00660705566406)",1,4.076690673828125,1,"(-24.680343627929688, -45.12840270996094, 669.9336547851562)",1,"(0.4026687443256378, 0.18413391709327698)","(-52.77107238769531, 248.87701416015625, 83.7468032836914)",1,4.0550994873046875,1,"(37.07249069213867, -46.18511962890625, 669.43115234375)",1
7564562935,7525936347,"(0.4274544417858124, 0.1803499460220337)","(-39.0571403503418, 249.98365783691406, 84.14962005615234)",1,4.06561279296875,1,"(-24.594614028930664, -45.12309646606445, 669.8017578125)",1,"(0.3978097438812256, 0.18520665168762207)","(-55.45953369140625, 248.56324768066406, 83.63258361816406)",1,4.0492095947265625,1,"(37.15217971801758, -46.17302322387695, 669.2950439453125)",1
7564579510,7525952922,"(0.43651771545410156, 0.178220734000206)","(-34.042415618896484, 250.6063690185547, 84.3761978149414)",1,4.0636138916015625,1,"(-24.45917510986328, -45.124664306640625, 669.8328247070312)",1,"(0.4118875563144684, 0.18647369742393494)","(-47.6702880859375, 248.19271850585938, 83.4976806640625)",1,4.0460968017578125,1,"(37.276493072509766, -46.1759033203125, 669.3128051757812)",1
7564596192,7525969604,"(0.47648125886917114, 0.17666269838809967)","(-11.93058967590332, 251.06204223632812, 84.54205322265625)",1,4.044097900390625,1,"(-24.165281295776367, -45.0604133605957, 668.9967651367188)",1,"(0.4548375606536865, 0.19451960921287537)","(-23.90605354309082, 245.83958435058594, 82.64122772216797)",1,4.062286376953125,1,"(37.46438980102539, -46.125144958496094, 668.4686279296875)",1
7564612849,7525986261,"(0.5398152470588684, 0.1892879754304886)","(23.112123489379883, 247.36962890625, 83.19815063476562)",1,4.047027587890625,1,"(-23.695737838745117, -44.97039031982422, 668.21630859375)",1,"(0.5133486986160278, 0.19992871582508087)","(8.468154907226562, 244.2576446533203, 82.06543731689453)",1,4.04486083984375,1,"(37.82555389404297, -46.08490753173828, 667.6578979492188)",1
7564629430,7526002842,"(0.5461923480033875, 0.18090566992759705)","(26.640581130981445, 249.82113647460938, 84.0904312133789)",1,4.050811767578125,1,"(-23.58544921875, -45.00090026855469, 668.9699096679688)",1,"(0.5110450387001038, 0.19796693325042725)","(7.193593978881836, 244.8313751220703, 82.27426147460938)",1,4.0564422607421875,1,"(38.02145004272461, -46.132164001464844, 668.3402099609375)",1
7564646060,7526019472,"(0.5456470251083374, 0.179789736866951)","(26.338836669921875, 250.1475067138672, 84.20922088623047)",1,4.0386962890625,1,"(-23.48292350769043, -44.952938079833984, 668.6455078125)",1,"(0.5151024460792542, 0.20247332751750946)","(9.438529968261719, 243.51344299316406, 81.7945785522461)",1,4.05078125,1,"(38.08592224121094, -46.098148345947266, 668.04345703125)",1
7564662765,7526036176,"(0.5460655689239502, 0.1845773458480835)","(26.57046890258789, 248.74729919433594, 83.69959259033203)",1,4.03692626953125,1,"(-23.33695411682129, -44.88067626953125, 668.5325317382812)",1,"(0.5132699012756348, 0.20043960213661194)","(8.42458724975586, 244.10821533203125, 82.01107788085938)",1,4.0477447509765625,1,"(38.23870849609375, -46.073486328125, 667.9263916015625)",1
7564679350,7526052761,"(0.5454503297805786, 0.18654783070087433)","(26.23005485534668, 248.17100524902344, 83.4898452758789)",1,4.03558349609375,1,"(-23.200468063354492, -44.83343505859375, 668.84033203125)",1,"(0.5143240094184875, 0.18961799144744873)","(9.007805824279785, 247.27310180664062, 83.16304779052734)",1,4.0491790771484375,1,"(38.39960861206055, -46.086421966552734, 668.2049560546875)",1
7564696026,7526069437,"(0.5454785823822021, 0.17805784940719604)","(26.245651245117188, 250.65402221679688, 84.39354705810547)",1,4.0420074462890625,1,"(-23.11786460876465, -44.807411193847656, 668.9805908203125)",1,"(0.5143594145774841, 0.19067339599132538)","(9.027423858642578, 246.9644317626953, 83.05071258544922)",1,4.0551300048828125,1,"(38.49982452392578, -46.08900833129883, 668.3414306640625)",1
7564712680,7526086091,"(0.5412314534187317, 0.16930247843265533)","(23.895719528198242, 253.2146453857422, 85.32550811767578)",1,4.0545806884765625,1,"(-22.990503311157227, -44.765403747558594, 669.1871948242188)",1,"(0.5133231282234192, 0.21220970153808594)","(8.454048156738281, 240.66592407226562, 80.75813293457031)",1,4.14471435546875,1,"(38.60310745239258, -46.078556060791016, 668.54248046875)",1
7564729270,7526102681,"(nan, nan)","(nan, nan, nan)",0,nan,0,"(nan, nan, nan)",0,"(nan, nan)","(nan, nan, nan)",0,nan,0,"(nan, nan, nan)",0
7564745896,7526119307,"(nan, nan)","(nan, nan, nan)",0,nan,0,"(nan, nan, nan)",0,"(nan, nan)","(nan, nan, nan)",0,nan,0,"(nan, nan, nan)",0
7564762596,7526136007,"(nan, nan)","(nan, nan, nan)",0,nan,0,"(nan, nan, nan)",0,"(nan, nan)","(nan, nan, nan)",0,nan,0,"(nan, nan, nan)",0
7564779194,7526152605,"(nan, nan)","(nan, nan, nan)",0,nan,0,"(nan, nan, nan)",0,"(nan, nan)","(nan, nan, nan)",0,nan,0,"(nan, nan, nan)",0
7564795862,7526169273,"(nan, nan)","(nan, nan, nan)",0,nan,0,"(nan, nan, nan)",0,"(nan, nan)","(nan, nan, nan)",0,nan,0,"(nan, nan, nan)",0
7564812608,7526186019,"(0.5505779385566711, 0.10056304186582565)","(29.067142486572266, 273.31829833984375, 92.64263916015625)",1,4.2315673828125,1,"(-22.8739013671875, -44.64158630371094, 669.8823852539062)",1,"(nan, nan)","(nan, nan, nan)",0,nan,0,"(nan, nan, nan)",0
7564829110,7526202521,"(0.570501983165741, 0.16137540340423584)","(40.09110641479492, 255.5330047607422, 86.16936492919922)",1,3.950225830078125,1,"(-22.87148094177246, -44.67432403564453, 669.815673828125)",1,"(0.5425053238868713, 0.317862331867218)","(24.60054588317871, 209.76657104492188, 69.51171112060547)",1,3.6396942138671875,1,"(38.895137786865234, -45.965755462646484, 669.134033203125)",1
7564845828,7526219239,"(0.5331394076347351, 0.17560309171676636)","(19.418380737304688, 251.37196350097656, 84.6548843383789)",1,3.9336090087890625,1,"(-22.864713668823242, -44.688655853271484, 669.6293334960938)",1,"(0.522411048412323, 0.28052589297294617)","(13.482366561889648, 220.68606567382812, 73.48606872558594)",1,3.9686737060546875,1,"(38.881675720214844, -45.97529220581055, 668.951904296875)",1
7564862524,7526235935,"(0.5372182726860046, 0.14965270459651947)","(21.67520523071289, 258.9614562988281, 87.4172134399414)",1,3.97943115234375,1,"(-22.82931900024414, -44.7173957824707, 669.3822631835938)",1,"(0.5193659067153931, 0.17014531791210175)","(11.79751205444336, 252.9681396484375, 85.23583221435547)",1,3.973876953125,1,"(38.881160736083984, -45.96175765991211, 668.727294921875)",1
7564879034,7526252445,"(0.5346266627311707, 0.16755712032318115)","(20.241294860839844, 253.72508239746094, 85.5113525390625)",1,3.9344635009765625,1,"(-22.781387329101562, -44.75288772583008, 669.3800048828125)",1,"(0.5180477499961853, 0.14387927949428558)","(11.06813907623291, 260.64996337890625, 88.03177642822266)",1,4.04241943359375,1,"(38.91764450073242, -45.97183609008789, 668.7202758789062)",1
7564895697,7526269108,"(0.5496441721916199, 0.16158100962638855)","(28.55046844482422, 255.47286987304688, 86.14749145507812)",1,4.021240234375,1,"(-22.756990432739258, -44.77342224121094, 669.4688110351562)",1,"(0.5208654999732971, 0.18382857739925385)","(12.627235412597656, 248.96627807617188, 83.77931213378906)",1,4.0032806396484375,1,"(38.94541931152344, -46.00839614868164, 668.798828125)",1
7564912438,7526285848,"(0.5538756251335144, 0.16171641647815704)","(30.891714096069336, 255.43325805664062, 86.13307189941406)",1,4.0099945068359375,1,"(-22.733957290649414, -44.787269592285156, 669.5759887695312)",1,"(0.5222334265708923, 0.18847957253456116)","(13.384123802185059, 247.6060333251953, 83.28421783447266)",1,3.99267578125,1,"(38.99079513549805, -46.033809661865234, 668.9088745117188)",1
7564928954,7526302364,"(0.5552762746810913, 0.1629602164030075)","(31.66670036315918, 255.0695037841797, 86.0006332397461)",1,4.00177001953125,1,"(-22.696054458618164, -44.80239486694336, 669.8942260742188)",1,"(0.5244779586791992, 0.18966349959373474)","(14.626032829284668, 247.2598114013672, 83.15814971923828)",1,3.9940643310546875,1,"(39.03864669799805, -46.07530212402344, 669.2108154296875)",1
7564945567,7526318977,"(0.5527897477149963, 0.16872258484363556)","(30.29092025756836, 253.38424682617188, 85.3872299194336)",1,4.00469970703125,1,"(-22.67559242248535, -44.816322326660156, 670.1708984375)",1,"(0.5256626009941101, 0.18681281805038452)","(15.281514167785645, 248.09353637695312, 83.46159362792969)",1,3.99285888671875,1,"(39.07543182373047, -46.09892272949219, 669.4830322265625)",1
7564962354,7526335764,"(0.5505337715148926, 0.1665370762348175)","(29.042680740356445, 254.02340698242188, 85.619873046875)",1,3.9952392578125,1,"(-22.65224838256836, -44.84243392944336, 670.58935546875)",1,"(0.5238288640975952, 0.1842348277568817)","(14.266880989074707, 248.8474884033203, 83.73600769042969)",1,3.995758056640625,1,"(39.13108825683594, -46.13582992553711, 669.9230346679688)",1
7564978874,7526352284,"(0.5503670573234558, 0.1668504923582077)","(28.95044708251953, 253.93174743652344, 85.5865249633789)",1,4.0000762939453125,1,"(-22.647504806518555, -44.861572265625, 670.9034423828125)",1,"(0.5234251618385315, 0.17813001573085785)","(14.043473243713379, 250.63290405273438, 84.38585662841797)",1,3.991729736328125,1,"(39.16573715209961, -46.16209030151367, 670.2198486328125)",1
7564995533,7526368943,"(0.5495086312294006, 0.166343554854393)","(28.475486755371094, 254.0800018310547, 85.64051818847656)",1,3.993133544921875,1,"(-22.64066505432129, -44.864990234375, 670.9979248046875)",1,"(0.5234110951423645, 0.18009734153747559)","(14.035724639892578, 250.05751037597656, 84.17646026611328)",1,3.9852142333984375,1,"(39.18388748168945, -46.16522979736328, 670.3218383789062)",1
7565012269,7526385679,"(0.5733602643013, 0.16136589646339417)","(41.672607421875, 255.5357666015625, 86.17037200927734)",1,3.998809814453125,1,"(-22.528766632080078, -44.87123489379883, 671.172119140625)",1,"(0.5472041368484497, 0.19208358228206635)","(27.200403213500977, 246.55201721191406, 82.90055847167969)",1,3.9982452392578125,1,"(39.314483642578125, -46.163021087646484, 670.48681640625)",1
7565028794,7526402204,"(0.616950273513794, 0.1711350977420807)","(65.79098510742188, 252.67864990234375, 85.13044738769531)",1,4.0189056396484375,1,"(-22.2453670501709, -44.82231903076172, 670.7831420898438)",1,"(0.5952990651130676, 0.1867838352918625)","(53.81132125854492, 248.10202026367188, 83.46467590332031)",1,4.013214111328125,1,"(39.480125427246094, -46.17983627319336, 670.0966796875)",1
7565045499,7526418909,"(0.6218575835227966, 0.174682155251503)","(68.50614929199219, 251.6412811279297, 84.75288391113281)",1,4.007904052734375,1,"(-22.21139144897461, -44.801876068115234, 670.5612182617188)",1,"(0.5982990860939026, 0.18363220989704132)","(55.471282958984375, 249.02374267578125, 83.8001480102539)",1,4.006317138671875,1,"(39.497283935546875, -46.17433547973633, 669.817138671875)",1
7565062089,7526435499,"(0.6240952014923096, 0.17300762236118317)","(69.74427795410156, 252.13099670410156, 84.93118286132812)",1,4.0093994140625,1,"(-22.226940155029297, -44.81241989135742, 670.4520874023438)",1,"(0.5982581973075867, 0.18809443712234497)","(55.44863510131836, 247.71865844726562, 83.32521057128906)",1,4.0111541748046875,1,"(39.4960823059082, -46.174190521240234, 669.7276611328125)",1
7565078714,7526452124,"(0.6239245533943176, 0.1692962348461151)","(69.6497802734375, 253.21644592285156, 85.32621765136719)",1,4.021026611328125,1,"(-22.232816696166992, -44.830223083496094, 670.2499389648438)",1,"(0.5961869955062866, 0.18969005346298218)","(54.30265808105469, 247.2520294189453, 83.15535736083984)",1,4.016937255859375,1,"(39.49134826660156, -46.1702880859375, 669.5427856445312)",1
7565095369,7526468779,"(0.6276507377624512, 0.16789530217647552)","(71.71148681640625, 253.6261749267578, 85.4753189086914)",1,4.030487060546875,1,"(-22.266206741333008, -44.8590087890625, 670.2488403320312)",1,"(0.5953139662742615, 0.19306603074073792)","(53.81958770751953, 246.2646942138672, 82.79597473144531)",1,4.0177764892578125,1,"(39.48287582397461, -46.18108367919922, 669.5352172851562)",1
7565112003,7526485413,"(0.6275004744529724, 0.17195184528827667)","(71.62837982177734, 252.4397735595703, 85.04351806640625)",1,4.039154052734375,1,"(-22.305234909057617, -44.887420654296875, 670.3280639648438)",1,"(0.5950939655303955, 0.19638092815876007)","(53.697845458984375, 245.29522705078125, 82.44313049316406)",1,4.0227508544921875,1,"(39.45311737060547, -46.20590591430664, 669.6253662109375)",1
7565128634,7526502044,"(0.6214129328727722, 0.17710235714912415)","(68.2601318359375, 250.93345642089844, 84.49526977539062)",1,4.0445709228515625,1,"(-22.346874237060547, -44.920230865478516, 670.3651733398438)",1,"(0.5949690341949463, 0.1939498335123062)","(53.62872314453125, 246.00621032714844, 82.701904296875)",1,4.014373779296875,1,"(39.3958625793457, -46.232486724853516, 669.6644287109375)",1
7565145237,7526518647,"(0.6224411129951477, 0.17575885355472565)","(68.8290786743164, 251.32638549804688, 84.63829803466797)",1,4.0458221435546875,1,"(-22.390417098999023, -44.9499626159668, 670.28173828125)",1,"(0.5974324941635132, 0.19215881824493408)","(54.991756439208984, 246.52999877929688, 82.89252471923828)",1,4.01239013671875,1,"(39.33776092529297, -46.242637634277344, 669.5821533203125)",1
7565161919,7526535328,"(0.624552309513092, 0.17220254242420197)","(69.99713897705078, 252.36647033691406, 85.01683044433594)",1,4.041717529296875,1,"(-22.48273468017578, -45.0048713684082, 670.2556762695312)",1,"(0.5964800715446472, 0.19740305840969086)","(54.46479415893555, 244.99627685546875, 82.33432006835938)",1,4.0201568603515625,1,"(39.261661529541016, -46.25836944580078, 669.5697021484375)",1
7565178554,7526551963,"(0.6006101369857788, 0.15284092724323273)","(56.74994659423828, 258.02899169921875, 87.07781219482422)",1,4.0512237548828125,1,"(-22.6669979095459, -45.00278854370117, 670.1319580078125)",1,"(0.570757269859314, 0.18020805716514587)","(40.23231887817383, 250.02517700195312, 84.16465759277344)",1,4.02386474609375,1,"(39.06144332885742, -46.20024871826172, 669.4674072265625)",1
7565195203,7526568612,"(0.5790894627571106, 0.1470213234424591)","(44.84256362915039, 259.73101806640625, 87.697265625)",1,4.0573272705078125,1,"(-22.78988265991211, -44.94443130493164, 669.6024780273438)",1,"(0.5512473583221436, 0.16360871493816376)","(29.437543869018555, 254.8798370361328, 85.931640625)",1,4.027069091796875,1,"(38.86033248901367, -46.117794036865234, 668.956787109375)",1
7565211931,7526585340,"(0.5758352279663086, 0.1515989452600479)","(43.04198455810547, 258.39227294921875, 87.21002197265625)",1,4.049530029296875,1,"(-22.88853645324707, -44.96278762817383, 669.7103271484375)",1,"(0.5449487566947937, 0.15157397091388702)","(25.952516555786133, 258.3995361328125, 87.21273040771484)",1,4.016143798828125,1,"(38.76088333129883, -46.132171630859375, 669.114501953125)",1
7565228474,7526601883,"(0.5754861235618591, 0.14894938468933105)","(42.84885025024414, 259.1671142578125, 87.49208068847656)",1,4.0522003173828125,1,"(-22.95237922668457, -45.01030731201172, 670.3216552734375)",1,"(0.5437927842140198, 0.14930962026119232)","(25.312891006469727, 259.061767578125, 87.45372009277344)",1,4.01324462890625,1,"(38.769466400146484, -46.16116714477539, 669.6832275390625)",1
7565245073,7526618482,"(0.5746473073959351, 0.14224553108215332)","(42.384708404541016, 261.12774658203125, 88.20565032958984)",1,4.0379486083984375,1,"(-22.95669937133789, -45.00081253051758, 670.1448974609375)",1,"(0.5469638109207153, 0.1508445143699646)","(27.067441940307617, 258.61285400390625, 87.29033660888672)",1,4.006683349609375,1,"(38.74021530151367, -46.138248443603516, 669.5050659179688)",1
7565261846,7526635255,"(0.5744021534919739, 0.1459086686372757)","(42.24908447265625, 260.056396484375, 87.81571960449219)",1,4.03717041015625,1,"(-22.95675277709961, -44.972434997558594, 669.9700927734375)",1,"(0.5455816984176636, 0.15266597270965576)","(26.30267333984375, 258.0801696777344, 87.096435546875)",1,3.9983367919921875,1,"(38.728858947753906, -46.108089447021484, 669.322021484375)",1
7565278394,7526651803,"(0.5729320049285889, 0.14878353476524353)","(41.435638427734375, 259.21563720703125, 87.50971221923828)",1,4.032562255859375,1,"(-22.944080352783203, -44.945404052734375, 669.9188842773438)",1,"(0.5439364910125732, 0.1566130667924881)","(25.392370223999023, 256.92578125, 86.67634582519531)",1,3.9981842041015625,1,"(38.73527908325195, -46.086334228515625, 669.2705688476562)",1
7565295039,7526668448,"(0.5727763175964355, 0.1517733931541443)","(41.3494873046875, 258.3412170410156, 87.19146728515625)",1,4.0407562255859375,1,"(-22.92999267578125, -44.92610168457031, 669.8303833007812)",1,"(0.5439886450767517, 0.15830166637897491)","(25.42125129699707, 256.4319152832031, 86.49657440185547)",1,4.0011138916015625,1,"(38.737674713134766, -46.07584762573242, 669.18359375)",1
7565311762,7526685171,"(0.5738357305526733, 0.14896878600120544)","(41.935665130615234, 259.16143798828125, 87.49004364013672)",1,4.035675048828125,1,"(-22.920499801635742, -44.89796829223633, 669.710693359375)",1,"(0.5427848696708679, 0.16132715344429016)","(24.755220413208008, 255.547119140625, 86.17445373535156)",1,4.0048675537109375,1,"(38.749629974365234, -46.04581832885742, 669.0554809570312)",1
7565328314,7526701723,"(0.5434135794639587, 0.1432720273733139)","(25.103103637695312, 260.8275146484375, 88.09639739990234)",1,4.044647216796875,1,"(-23.06365394592285, -44.859283447265625, 669.4808349609375)",1,"(0.5166276097297668, 0.15700380504131317)","(10.282376289367676, 256.8115539550781, 86.63469696044922)",1,4.014862060546875,1,"(38.591556549072266, -45.99078369140625, 668.8389892578125)",1
7565344908,7526718317,"(0.49700313806533813, 0.13692855834960938)","(-0.5757918953895569, 262.6827697753906, 88.7716293334961)",1,4.0507659912109375,1,"(-23.253894805908203, -44.857872009277344, 669.5748901367188)",1,"(0.4721321761608124, 0.15095700323581696)","(-14.336960792541504, 258.5799865722656, 87.27836608886719)",1,4.01995849609375,1,"(38.3975830078125, -45.95536422729492, 668.957275390625)",1
7565361678,7526735087,"(0.48271527886390686, 0.13831959664821625)","(-8.48129940032959, 262.2759094238281, 88.6236343383789)",1,4.036712646484375,1,"(-23.400882720947266, -44.86345291137695, 670.0382080078125)",1,"(0.45143184065818787, 0.14479243755340576)","(-25.790435791015625, 260.3829040527344, 87.93455505371094)",1,4.0236968994140625,1,"(38.274070739746094, -45.94853210449219, 669.3953247070312)",1
7565378234,7526751643,"(0.4811972379684448, 0.14522549510002136)","(-9.3212251663208, 260.2562255859375, 87.88847351074219)",1,4.027496337890625,1,"(-23.332239151000977, -44.762367248535156, 668.6359252929688)",1,"(0.4479152262210846, 0.14932794868946075)","(-27.73617935180664, 259.0564270019531, 87.45175170898438)",1,4.0108642578125,1,"(38.2331657409668, -45.85707473754883, 668.0621948242188)",1
7565394874,7526768283,"(0.478042870759964, 0.14538957178592682)","(-11.066526412963867, 260.2082214355469, 87.87101745605469)",1,4.01934814453125,1,"(-23.310714721679688, -44.751129150390625, 668.387451171875)",1,"(0.4481196999549866, 0.149597629904747)","(-27.623043060302734, 258.9775390625, 87.42303466796875)",1,4.010498046875,1,"(38.22901916503906, -45.845516204833984, 667.784423828125)",1
7565411592,7526785000,"(0.47888684272766113, 0.147238090634346)","(-10.599578857421875, 259.66766357421875, 87.6742172241211)",1,4.02593994140625,1,"(-23.272951126098633, -44.737144470214844, 668.004638671875)",1,"(0.4499027132987976, 0.15307952463626862)","(-26.636472702026367, 257.9591979980469, 87.05244445800781)",1,4.012451171875,1,"(38.2353630065918, -45.83518600463867, 667.38330078125)",1
7565428154,7526801562,"(0.47484731674194336, 0.14891861379146576)","(-12.834649085998535, 259.1761169433594, 87.49535369873047)",1,4.0296630859375,1,"(-23.211265563964844, -44.73196792602539, 667.627197265625)",1,"(0.4500427544116974, 0.15329396724700928)","(-26.559005737304688, 257.896484375, 87.02961730957031)",1,4.0250244140625,1,"(38.256805419921875, -45.839393615722656, 667.021240234375)",1
7565444840,7526818248,"(0.47586578130722046, 0.1525643914937973)","(-12.27113151550293, 258.10986328125, 87.1072769165039)",1,4.03717041015625,1,"(-23.184646606445312, -44.723731994628906, 667.4116821289062)",1,"(0.4474027156829834, 0.1536831557750702)","(-28.019723892211914, 257.7826843261719, 86.98818969726562)",1,4.0490264892578125,1,"(38.28235626220703, -45.847713470458984, 666.7900390625)",1
7565461508,7526834916,"(0.4757034182548523, 0.15626519918441772)","(-12.360980033874512, 257.02752685546875, 86.7133560180664)",1,4.0493927001953125,1,"(-23.129924774169922, -44.70855712890625, 667.0443725585938)",1,"(0.4457780122756958, 0.15525884926319122)","(-28.918676376342773, 257.3218078613281, 86.82046508789062)",1,4.04864501953125,1,"(38.322486877441406, -45.84120559692383, 666.4010009765625)",1
7565478070,7526851478,"(0.4808376729488373, 0.15742014348506927)","(-9.520155906677246, 256.6897277832031, 86.59038543701172)",1,4.0530548095703125,1,"(-23.077939987182617, -44.68610382080078, 666.5835571289062)",1,"(0.4457974135875702, 0.14789405465126038)","(-28.907930374145508, 259.4757385253906, 87.60443115234375)",1,4.059234619140625,1,"(38.3533935546875, -45.85215377807617, 665.9607543945312)",1
7565494710,7526868119,"(0.4818096458911896, 0.1596204936504364)","(-8.982377052307129, 256.0462341308594, 86.35618591308594)",1,4.0601043701171875,1,"(-23.043720245361328, -44.683204650878906, 666.4329223632812)",1,"(0.44755518436431885, 0.14730773866176605)","(-27.93538475036621, 259.6472473144531, 87.66683197021484)",1,4.064544677734375,1,"(38.37114715576172, -45.854740142822266, 665.8071899414062)",1
7565511423,7526884832,"(0.47944775223731995, 0.15301689505577087)","(-10.28921127319336, 257.9775390625, 87.05908966064453)",1,4.0693359375,1,"(-22.990753173828125, -44.69772720336914, 666.3973388671875)",1,"(0.44862815737724304, 0.14410506188869476)","(-27.34171485900879, 260.5838928222656, 88.00775909423828)",1,4.0797271728515625,1,"(38.41023635864258, -45.88331985473633, 665.7642822265625)",1
7565527990,7526901398,"(0.47896844148635864, 0.14947819709777832)","(-10.554443359375, 259.0124816894531, 87.4358139038086)",1,4.0800323486328125,1,"(-22.95604705810547, -44.72541046142578, 666.4622192382812)",1,"(0.44707927107810974, 0.1538742184638977)","(-28.198705673217773, 257.726806640625, 86.9678726196289)",1,4.0819549560546875,1,"(38.4573974609375, -45.88135528564453, 665.8256225585938)",1
7565544676,7526918084,"(0.4764368534088135, 0.14922280609607697)","(-11.955138206481934, 259.0871887207031, 87.46296691894531)",1,4.08282470703125,1,"(-22.936004638671875, -44.72966766357422, 666.4237060546875)",1,"(0.44555437564849854, 0.15525305271148682)","(-29.042448043823242, 257.32354736328125, 86.82107543945312)",1,4.078765869140625,1,"(38.4832878112793, -45.88616943359375, 665.7858276367188)",1
7565561339,7526934747,"(0.4776935577392578, 0.1529410481452942)","(-11.259810447692871, 257.9997253417969, 87.0671615600586)",1,4.0801849365234375,1,"(-22.9183349609375, -44.72420883178711, 666.3041381835938)",1,"(0.4468175768852234, 0.15611574053764343)","(-28.343488693237305, 257.07122802734375, 86.72920227050781)",1,4.0972900390625,1,"(38.49795913696289, -45.88460159301758, 665.6608276367188)",1
7565577910,7526951318,"(0.4560721516609192, 0.16795337200164795)","(-23.222959518432617, 253.6092071533203, 85.46914672851562)",1,4.092864990234375,1,"(-22.997840881347656, -44.764949798583984, 665.9570922851562)",1,"(0.423226535320282, 0.1742086112499237)","(-41.39640808105469, 251.77978515625, 84.80326843261719)",1,4.0920867919921875,1,"(38.37967300415039, -45.8907470703125, 665.33935546875)",1
7565594642,7526968050,"(0.43196049332618713, 0.17367929220199585)","(-36.56393051147461, 251.93455505371094, 84.85968017578125)",1,4.1060791015625,1,"(-23.109365463256836, -44.8466682434082, 666.2544555664062)",1,"(0.39613211154937744, 0.18203963339328766)","(-56.38777542114258, 249.48948669433594, 83.96971130371094)",1,4.1030731201171875,1,"(38.27445983886719, -45.946048736572266, 665.6637573242188)",1
7565611255,7526984663,"(0.4223061501979828, 0.17809201776981354)","(-41.90565490722656, 250.6439971923828, 84.38993835449219)",1,4.1074676513671875,1,"(-23.177181243896484, -44.92401123046875, 667.25)",1,"(0.39085862040519714, 0.1771116554737091)","(-59.305599212646484, 250.93075561523438, 84.4942626953125)",1,4.1162872314453125,1,"(38.28968811035156, -46.03463363647461, 666.6465454101562)",1
7565627830,7527001238,"(0.4201505482196808, 0.1838059276342392)","(-43.09834289550781, 248.97291564941406, 83.78166198730469)",1,4.10101318359375,1,"(-23.146543502807617, -44.91580581665039, 667.1961059570312)",1,"(0.3884400725364685, 0.175275057554245)","(-60.6437873840332, 251.4678955078125, 84.68976593017578)",1,4.1184844970703125,1,"(38.32716751098633, -46.03461837768555, 666.5784912109375)",1
7565644512,7527017920,"(0.42201197147369385, 0.18537287414073944)","(-42.068458557128906, 248.51466369628906, 83.61485290527344)",1,4.1005706787109375,1,"(-23.145183563232422, -44.92346954345703, 667.3878173828125)",1,"(0.3866613805294037, 0.1781989485025406)","(-61.627925872802734, 250.6127471923828, 84.37852478027344)",1,4.109893798828125,1,"(38.360694885253906, -46.04802703857422, 666.768310546875)",1
7565661169,7527034577,"(0.4237734079360962, 0.18479181826114655)","(-41.09385299682617, 248.6846160888672, 83.67672729492188)",1,4.0997772216796875,1,"(-23.13128089904785, -44.939334869384766, 667.6331787109375)",1,"(0.38602644205093384, 0.17825141549110413)","(-61.9792594909668, 250.59742736816406, 84.3729476928711)",1,4.1072540283203125,1,"(38.416988372802734, -46.0706901550293, 667.0079956054688)",1
7565677750,7527051158,"(0.42752009630203247, 0.1817178875207901)","(-39.02082443237305, 249.58360290527344, 84.00395965576172)",1,4.109100341796875,1,"(-23.111064910888672, -44.93555450439453, 667.5928955078125)",1,"(0.38843706250190735, 0.17760169506072998)","(-60.64542770385742, 250.7873992919922, 84.442138671875)",1,4.1159515380859375,1,"(38.433753967285156, -46.076934814453125, 666.9656372070312)",1
7565694478,7527067886,"(0.4289252758026123, 0.17870517075061798)","(-38.24329376220703, 250.46469116210938, 84.32466125488281)",1,4.114105224609375,1,"(-23.09095573425293, -44.93106460571289, 667.4752197265625)",1,"(0.3888370990753174, 0.17793706059455872)","(-60.42409896850586, 250.6893310546875, 84.4064712524414)",1,4.1189422607421875,1,"(38.443267822265625, -46.076412200927734, 666.8480224609375)",1
7565711085,7527084493,"(0.4286741316318512, 0.18127882480621338)","(-38.38227081298828, 249.7119903564453, 84.05070495605469)",1,4.116790771484375,1,"(-23.068674087524414, -44.91633224487305, 667.3530883789062)",1,"(0.3892093002796173, 0.17811369895935059)","(-60.2181510925293, 250.63768005371094, 84.38763427734375)",1,4.121368408203125,1,"(38.4543571472168, -46.06904983520508, 666.7265014648438)",1
7565727670,7527101078,"(0.4274561107158661, 0.18459494411945343)","(-39.056209564208984, 248.74215698242188, 83.69771575927734)",1,4.1238250732421875,1,"(-23.05716896057129, -44.91013717651367, 667.3554077148438)",1,"(0.3900788724422455, 0.1775306910276413)","(-59.73701858520508, 250.80819702148438, 84.4497299194336)",1,4.118804931640625,1,"(38.457149505615234, -46.06867980957031, 666.7304077148438)",1
7565744346,7527117754,"(0.4283621609210968, 0.1828698217868805)","(-38.55491638183594, 249.2467041015625, 83.88134002685547)",1,4.12835693359375,1,"(-23.06072235107422, -44.91212463378906, 667.3739624023438)",1,"(0.3898523151874542, 0.17590302228927612)","(-59.86237335205078, 251.28421020507812, 84.62293243408203)",1,4.1243133544921875,1,"(38.45730209350586, -46.07071304321289, 666.7484741210938)",1
7565761000,7527134407,"(0.42888689041137695, 0.1851387917995453)","(-38.264549255371094, 248.58311462402344, 83.63980102539062)",1,4.134765625,1,"(-23.068904876708984, -44.92131805419922, 667.3914184570312)",1,"(0.3899804651737213, 0.17523492872714996)","(-59.7914924621582, 251.4796142578125, 84.69405364990234)",1,4.125518798828125,1,"(38.44624710083008, -46.07940673828125, 666.7662353515625)",1
7565777590,7527150997,"(0.4302229583263397, 0.18293961882591248)","(-37.52529525756836, 249.22625732421875, 83.87391662597656)",1,4.1277313232421875,1,"(-23.087345123291016, -44.91991424560547, 667.3511352539062)",1,"(0.3874208331108093, 0.17627394199371338)","(-61.2077522277832, 251.17575073242188, 84.58345794677734)",1,4.13104248046875,1,"(38.437294006347656, -46.07467269897461, 666.730712890625)",1
7565794312,7527167719,"(0.43157824873924255, 0.18307898938655853)","(-36.77543640136719, 249.185546875, 83.85907745361328)",1,4.127685546875,1,"(-23.101804733276367, -44.904266357421875, 667.328369140625)",1,"(0.3888895511627197, 0.1789807230234146)","(-60.395103454589844, 250.3841094970703, 84.29532623291016)",1,4.128997802734375,1,"(38.425880432128906, -46.06190490722656, 666.7083740234375)",1
7565811012,7527184419,"(0.42911410331726074, 0.1701044887304306)","(-38.13884735107422, 252.98007202148438, 85.24018859863281)",1,4.144775390625,1,"(-23.077533721923828, -44.89037322998047, 667.257568359375)",1,"(0.39236894249916077, 0.17430225014686584)","(-58.46994400024414, 251.7523651123047, 84.79338073730469)",1,4.14801025390625,1,"(38.434326171875, -46.03795623779297, 666.6292724609375)",1
7565827510,7527200917,"(0.4789524972438812, 0.1703171730041504)","(-10.563239097595215, 252.91786193847656, 85.21755981445312)",1,4.170989990234375,1,"(-22.800111770629883, -44.78478240966797, 667.5044555664062)",1,"(0.4458482265472412, 0.1701561063528061)","(-28.879837036132812, 252.9649658203125, 85.23468780517578)",1,4.1665191650390625,1,"(38.68342208862305, -45.981414794921875, 666.8600463867188)",1
7565844182,7527217589,"(0.504749596118927, 0.1657060980796814)","(3.7102677822113037, 254.26644897460938, 85.70835876464844)",1,4.183197021484375,1,"(-22.690622329711914, -44.78199768066406, 668.018310546875)",1,"(0.467374712228775, 0.16563135385513306)","(-16.969202041625977, 254.2882843017578, 85.71630859375)",1,4.166412353515625,1,"(38.84812545776367, -45.994895935058594, 667.3348388671875)",1
7565860928,7527234335,"(0.5081074237823486, 0.16361261904239655)","(5.568173408508301, 254.87869262695312, 85.93121337890625)",1,4.1890106201171875,1,"(-22.665952682495117, -44.735477447509766, 667.42041015625)",1,"(0.4703897535800934, 0.15952341258525848)","(-15.301010131835938, 256.0746765136719, 86.36647033691406)",1,4.172027587890625,1,"(38.81737518310547, -45.95631408691406, 666.7239990234375)",1
7565877430,7527250837,"(0.5099037289619446, 0.15957459807395935)","(6.562041759490967, 256.0596618652344, 86.36103820800781)",1,4.1813812255859375,1,"(-22.687389373779297, -44.71224594116211, 667.0223388671875)",1,"(0.46961984038352966, 0.1604735404253006)","(-15.726999282836914, 255.79673767089844, 86.26536560058594)",1,4.1684722900390625,1,"(38.77558135986328, -45.92866134643555, 666.3683471679688)",1
7565894148,7527267555,"(0.5100084543228149, 0.16155289113521576)","(6.620028495788574, 255.4810791015625, 86.15046691894531)",1,4.18157958984375,1,"(-22.728351593017578, -44.73033142089844, 667.0361328125)",1,"(0.47167500853538513, 0.16578534245491028)","(-14.589875221252441, 254.24325561523438, 85.699951171875)",1,4.1744384765625,1,"(38.73874282836914, -45.92961502075195, 666.3720092773438)",1
7565910746,7527284153,"(0.5096304416656494, 0.15979108214378357)","(6.410825729370117, 255.99636840820312, 86.3379898071289)",1,4.1920013427734375,1,"(-22.78591537475586, -44.766666412353516, 667.0025634765625)",1,"(0.47443512082099915, 0.16396334767341614)","(-13.062689781188965, 254.776123046875, 85.89386749267578)",1,4.1783905029296875,1,"(38.67311096191406, -45.943233489990234, 666.3453369140625)",1
7565927350,7527300757,"(0.510585367679596, 0.15267392992973328)","(6.939262866973877, 258.0778503417969, 87.09561157226562)",1,4.195953369140625,1,"(-22.87236976623535, -44.831634521484375, 667.0105590820312)",1,"(0.47263339161872864, 0.1678878664970398)","(-14.059618949890137, 253.6283721923828, 85.4760971069336)",1,4.1781463623046875,1,"(38.60647201538086, -45.947288513183594, 666.3619995117188)",1
7565944017,7527317424,"(0.47845280170440674, 0.1634341925382614)","(-10.83971881866455, 254.9308624267578, 85.95018005371094)",1,4.2149658203125,1,"(-23.0572566986084, -44.93376159667969, 667.3890380859375)",1,"(0.4474532902240753, 0.1744339019060135)","(-27.99175262451172, 251.71388244628906, 84.77928161621094)",1,4.1960906982421875,1,"(38.45942306518555, -46.01883316040039, 666.71826171875)",1
7565960758,7527334165,"(0.3827640116214752, 0.18923863768577576)","(-63.784332275390625, 247.38406372070312, 83.20337677001953)",1,4.2269744873046875,1,"(-23.550315856933594, -45.07068634033203, 667.3445434570312)",1,"(0.3526866137981415, 0.17794367671012878)","(-80.4261703491211, 250.68739318847656, 84.40570831298828)",1,4.2012481689453125,1,"(37.9033203125, -46.12516784667969, 666.7310180664062)",1
7565977270,7527350677,"(0.3775409162044525, 0.1964196264743805)","(-66.67430877685547, 245.28392028808594, 82.43898010253906)",1,4.2138671875,1,"(-23.7631778717041, -45.155635833740234, 667.9525146484375)",1,"(0.3357674777507782, 0.171149343252182)","(-89.78753662109375, 252.67445373535156, 85.12899017333984)",1,4.2212982177734375,1,"(37.780120849609375, -46.19337844848633, 667.3572387695312)",1
7565993983,7527367389,"(0.375453919172287, 0.19329823553562164)","(-67.82902526855469, 246.19680786132812, 82.77123260498047)",1,4.2025299072265625,1,"(-23.80108070373535, -45.20465087890625, 668.6068725585938)",1,"(0.334781289100647, 0.16984032094478607)","(-90.33321380615234, 253.0573272705078, 85.26834869384766)",1,4.21282958984375,1,"(37.81413269042969, -46.25336837768555, 668.0233154296875)",1
7566010577,7527383983,"(0.3742304742336273, 0.197237029671669)","(-68.5059585571289, 245.0448455810547, 82.35198211669922)",1,4.1972808837890625,1,"(-23.80303192138672, -45.193885803222656, 668.3086547851562)",1,"(0.33337822556495667, 0.16963118314743042)","(-91.10948944091797, 253.11849975585938, 85.29057312011719)",1,4.2059783935546875,1,"(37.800270080566406, -46.250492095947266, 667.7376708984375)",1
7566027190,7527400596,"(0.37697869539260864, 0.1956801414489746)","(-66.98538208007812, 245.5001678466797, 82.5177001953125)",1,4.1990814208984375,1,"(-23.7445011138916, -45.18035125732422, 668.1355590820312)",1,"(0.33831098675727844, 0.1761334240436554)","(-88.3802261352539, 251.21682739257812, 84.59840393066406)",1,4.191680908203125,1,"(37.830406188964844, -46.249698638916016, 667.5686645507812)",1
7566043853,7527417259,"(0.42253193259239197, 0.1985878050327301)","(-41.78078842163086, 244.64981079101562, 82.20820617675781)",1,4.2032928466796875,1,"(-23.467098236083984, -45.11008071899414, 667.533203125)",1,"(0.3939281702041626, 0.17525558173656464)","(-57.60719299316406, 251.4735870361328, 84.69183349609375)",1,4.1870269775390625,1,"(38.03190994262695, -46.203433990478516, 666.9545288085938)",1
7566060493,7527433899,"(0.5499637126922607, 0.19180729985237122)","(28.72723960876465, 246.6328125, 82.92996215820312)",1,4.20379638671875,1,"(-22.802570343017578, -45.122745513916016, 668.2757568359375)",1,"(0.531178891658783, 0.19176383316516876)","(18.33362579345703, 246.64552307128906, 82.93460083007812)",1,4.1891937255859375,1,"(38.73584747314453, -46.264427185058594, 667.6823120117188)",1
7566077110,7527450516,"(0.5822082757949829, 0.18872182071208954)","(46.56817626953125, 247.53518676757812, 83.25843811035156)",1,4.1861572265625,1,"(-22.532197952270508, -45.12519454956055, 669.0475463867188)",1,"(0.5554009079933167, 0.18928301334381104)","(31.735729217529297, 247.3710479736328, 83.19867706298828)",1,4.1915435791015625,1,"(38.99722671508789, -46.320865631103516, 668.3164672851562)",1
7566093819,7527467225,"(0.5862435102462769, 0.18815943598747253)","(48.80087661743164, 247.69969177246094, 83.31827545166016)",1,4.18218994140625,1,"(-22.484800338745117, -45.03457260131836, 667.9339599609375)",1,"(0.5572282671928406, 0.19580435752868652)","(32.74678421020508, 245.4638214111328, 82.5045166015625)",1,4.1818389892578125,1,"(38.95917892456055, -46.235870361328125, 667.2262573242188)",1
7566110409,7527483815,"(0.5914043188095093, 0.18962164223194122)","(51.656394958496094, 247.27203369140625, 83.16259002685547)",1,4.16827392578125,1,"(-22.45832061767578, -45.002723693847656, 667.781005859375)",1,"(0.5555293560028076, 0.19481098651885986)","(31.806713104248047, 245.75436401367188, 82.6102066040039)",1,4.1741943359375,1,"(39.00509262084961, -46.2140998840332, 667.1124267578125)",1
7566127034,7527500440,"(0.5928829312324524, 0.18966031074523926)","(52.4744873046875, 247.26071166992188, 83.15849304199219)",1,4.1732025146484375,1,"(-22.466243743896484, -45.029693603515625, 668.357421875)",1,"(0.5544595718383789, 0.19177983701229095)","(31.2148494720459, 246.640869140625, 82.93286895751953)",1,4.1731414794921875,1,"(39.069190979003906, -46.23968505859375, 667.6563110351562)",1
7566143689,7527517095,"(0.5946240425109863, 0.18814930319786072)","(53.43781280517578, 247.70263671875, 83.31934356689453)",1,4.1684417724609375,1,"(-22.46280288696289, -45.030147552490234, 668.4288330078125)",1,"(0.5545522570610046, 0.1894180178642273)","(31.266117095947266, 247.3315887451172, 83.18428802490234)",1,4.16973876953125,1,"(39.094207763671875, -46.238365173339844, 667.7373046875)",1
7566160323,7527533729,"(0.5958912968635559, 0.18490687012672424)","(54.13900375366211, 248.6509246826172, 83.66448211669922)",1,4.166961669921875,1,"(-22.46000862121582, -45.03739929199219, 668.514404296875)",1,"(0.5543107390403748, 0.18896925449371338)","(31.132482528686523, 247.4628448486328, 83.23206329345703)",1,4.17462158203125,1,"(39.1265983581543, -46.241973876953125, 667.8223266601562)",1
7566176954,7527550360,"(0.596183180809021, 0.18434104323387146)","(54.300506591796875, 248.81640625, 83.72472381591797)",1,4.1732025146484375,1,"(-22.437671661376953, -45.04362869262695, 668.4728393554688)",1,"(0.5552223324775696, 0.1879507303237915)","(31.636871337890625, 247.76071166992188, 83.34048461914062)",1,4.184417724609375,1,"(39.147621154785156, -46.24332046508789, 667.7806396484375)",1
7566193557,7527566963,"(0.5945806503295898, 0.185703843832016)","(53.41386413574219, 248.4178466796875, 83.57965087890625)",1,4.1867828369140625,1,"(-22.420337677001953, -45.05608367919922, 668.4746704101562)",1,"(0.5570903420448303, 0.18693381547927856)","(32.67040252685547, 248.05816650390625, 83.44872283935547)",1,4.1824951171875,1,"(39.164024353027344, -46.2484245300293, 667.7799682617188)",1
7566210239,7527583645,"(0.5934481620788574, 0.18929152190685272)","(52.7872314453125, 247.36856079101562, 83.19776916503906)",1,4.197418212890625,1,"(-22.377843856811523, -45.062923431396484, 668.5125732421875)",1,"(0.5569698214530945, 0.19533781707286835)","(32.6037483215332, 245.6002655029297, 82.5541763305664)",1,4.1988067626953125,1,"(39.212059020996094, -46.263545989990234, 667.8179931640625)",1
7566226874,7527600280,"(0.5930548906326294, 0.18961496651172638)","(52.56965637207031, 247.27398681640625, 83.16332244873047)",1,4.200958251953125,1,"(-22.318220138549805, -45.071929931640625, 668.7069702148438)",1,"(0.5556318163871765, 0.1949440985918045)","(31.863439559936523, 245.71542358398438, 82.59611511230469)",1,4.2101593017578125,1,"(39.29060363769531, -46.29616165161133, 667.9951782226562)",1
7566243523,7527616928,"(0.6097721457481384, 0.18508096039295197)","(61.819278717041016, 248.60003662109375, 83.64595031738281)",1,4.2142486572265625,1,"(-22.19344139099121, -45.05885314941406, 668.7276611328125)",1,"(0.5742286443710327, 0.19171929359436035)","(42.153076171875, 246.65853881835938, 82.9393539428711)",1,4.2159576416015625,1,"(39.39795684814453, -46.31412124633789, 668.0308837890625)",1
7566260154,7527633559,"(0.6334441304206848, 0.1846173256635666)","(74.91696166992188, 248.73562622070312, 83.69532775878906)",1,4.231689453125,1,"(-22.015270233154297, -45.03403091430664, 668.7554931640625)",1,"(0.592423141002655, 0.1915540248155594)","(52.220062255859375, 246.70687866210938, 82.95694732666016)",1,4.2122344970703125,1,"(39.5802116394043, -46.321651458740234, 668.0317993164062)",1
7566276794,7527650199,"(0.6316887736320496, 0.1787063032388687)","(73.94575500488281, 250.46437072753906, 84.32455444335938)",1,4.23919677734375,1,"(-21.987607955932617, -45.069801330566406, 669.1651611328125)",1,"(0.5937631130218506, 0.18873125314712524)","(52.96146011352539, 247.53245544433594, 83.25740814208984)",1,4.222900390625,1,"(39.64340591430664, -46.36492919921875, 668.4055786132812)",1
7566293393,7527666799,"(0.6319599747657776, 0.1775396317243576)","(74.09583282470703, 250.80557250976562, 84.44873046875)",1,4.2392578125,1,"(-21.971281051635742, -45.082271575927734, 669.3235473632812)",1,"(0.595955491065979, 0.1903415322303772)","(54.17451477050781, 247.0615234375, 83.08598327636719)",1,4.2360687255859375,1,"(39.669063568115234, -46.37922668457031, 668.578369140625)",1
7566310166,7527683572,"(0.6318795680999756, 0.179639995098114)","(74.05132293701172, 250.19131469726562, 84.22514343261719)",1,4.2498016357421875,1,"(-21.96942138671875, -45.10014343261719, 669.5619506835938)",1,"(0.5959295034408569, 0.19022589921951294)","(54.160160064697266, 247.0953369140625, 83.09831237792969)",1,4.248748779296875,1,"(39.69725799560547, -46.402435302734375, 668.828125)",1
7566326714,7527700120,"(0.6317794919013977, 0.18105174601078033)","(73.99592590332031, 249.77842712402344, 84.07485961914062)",1,4.26568603515625,1,"(-21.994327545166016, -45.127685546875, 669.8297729492188)",1,"(0.5947352051734924, 0.19043691456317902)","(53.49934005737305, 247.03359985351562, 83.07585906982422)",1,4.2593231201171875,1,"(39.70696258544922, -46.42478942871094, 669.0859985351562)",1
7566343359,7527716765,"(0.6329816579818726, 0.17846298217773438)","(74.66117095947266, 250.53550720214844, 84.35043334960938)",1,4.2567596435546875,1,"(-22.01410484313965, -45.14299392700195, 670.0032958984375)",1,"(0.5939086675643921, 0.18957339227199554)","(53.042057037353516, 247.28616333007812, 83.16777801513672)",1,4.2662353515625,1,"(39.70744323730469, -46.43842315673828, 669.2612915039062)",1
7566360082,7527733488,"(0.6325348615646362, 0.17954285442829132)","(74.41392517089844, 250.21971130371094, 84.23543548583984)",1,4.2635650634765625,1,"(-22.049938201904297, -45.16551208496094, 670.2772827148438)",1,"(0.5911658406257629, 0.19277846813201904)","(51.52444076538086, 246.3488006591797, 82.8265609741211)",1,4.27679443359375,1,"(39.71238708496094, -46.44672393798828, 669.5548095703125)",1
7566376634,7527750040,"(0.6308190226554871, 0.1858588606119156)","(73.46459197998047, 248.3725128173828, 83.56312561035156)",1,4.271209716796875,1,"(-22.078554153442383, -45.175392150878906, 670.4917602539062)",1,"(0.5914764404296875, 0.18964868783950806)","(51.69627380371094, 247.26414489746094, 83.15971374511719)",1,4.2849884033203125,1,"(39.70259475708008, -46.448001861572266, 669.7593994140625)",1
7566393228,7527766634,"(0.6315307021141052, 0.18349063396453857)","(73.8582992553711, 249.06512451171875, 83.8152084350586)",1,4.260040283203125,1,"(-22.10772705078125, -45.176307678222656, 670.549072265625)",1,"(0.5889232754707336, 0.19049781560897827)","(50.28364562988281, 247.01583862304688, 83.06930541992188)",1,4.297271728515625,1,"(39.69584274291992, -46.44798278808594, 669.8211669921875)",1
7566409998,7527783403,"(0.5932743549346924, 0.17789866030216217)","(52.691070556640625, 250.7005615234375, 84.4105224609375)",1,4.2428436279296875,1,"(-22.277820587158203, -45.17707443237305, 670.2169799804688)",1,"(0.5568420886993408, 0.18696554005146027)","(32.53309631347656, 248.04884338378906, 83.44532775878906)",1,4.3098907470703125,1,"(39.45646286010742, -46.41144943237305, 669.4730224609375)",1
7566426554,7527799959,"(0.5701298117637634, 0.16721561551094055)","(39.885162353515625, 253.824951171875, 85.54769897460938)",1,4.2269439697265625,1,"(-22.447378158569336, -45.2000732421875, 670.2398681640625)",1,"(0.5358996391296387, 0.1881941854953766)","(20.945602416992188, 247.6895294189453, 83.31453704833984)",1,4.2932281494140625,1,"(39.28801727294922, -46.39668273925781, 669.5332641601562)",1
7566443194,7527816599,"(0.5737460255622864, 0.17482101917266846)","(41.886043548583984, 251.6006622314453, 84.73810577392578)",1,4.24169921875,1,"(-22.481304168701172, -45.251792907714844, 670.9542236328125)",1,"(0.5385848879814148, 0.1883242279291153)","(22.43140411376953, 247.6514892578125, 83.30070495605469)",1,4.2947540283203125,1,"(39.324127197265625, -46.453426361083984, 670.2646484375)",1
7566459912,7527833317,"(0.5725444555282593, 0.17715588212013245)","(41.221221923828125, 250.9178009033203, 84.48956298828125)",1,4.2344970703125,1,"(-22.51230239868164, -45.2691650390625, 671.2429809570312)",1,"(0.5337045192718506, 0.18199680745601654)","(19.731067657470703, 249.5019989013672, 83.97429656982422)",1,4.2656402587890625,1,"(39.33355712890625, -46.48033905029297, 670.5491333007812)",1
7566476474,7527849879,"(0.5712725520133972, 0.17538988590240479)","(40.51747512817383, 251.43429565429688, 84.67755126953125)",1,4.2203521728515625,1,"(-22.518001556396484, -45.25404357910156, 671.04248046875)",1,"(0.5314695239067078, 0.18319110572338104)","(18.49445152282715, 249.15274047851562, 83.84712219238281)",1,4.259185791015625,1,"(39.31689453125, -46.47248840332031, 670.3547973632812)",1
7566493064,7527866469,"(0.5704156756401062, 0.17645303905010223)","(40.04336929321289, 251.1233673095703, 84.56440734863281)",1,4.214019775390625,1,"(-22.519325256347656, -45.24164581298828, 670.8761596679688)",1,"(0.5325180888175964, 0.18453554809093475)","(19.07459831237793, 248.75955200195312, 83.7040023803711)",1,4.2462921142578125,1,"(39.30438995361328, -46.461055755615234, 670.1865844726562)",1
7566509828,7527883233,"(0.5418159365653992, 0.18907596170902252)","(24.219091415405273, 247.431640625, 83.22066497802734)",1,4.198394775390625,1,"(-22.63997459411621, -45.24480438232422, 670.706787109375)",1,"(0.513179361820221, 0.19504639506340027)","(8.37446403503418, 245.68551635742188, 82.58515167236328)",1,4.25262451171875,1,"(39.13473129272461, -46.45726013183594, 670.040283203125)",1
7566526394,7527899799,"(0.4034009873867035, 0.2294512391090393)","(-52.36589050292969, 235.62339782714844, 78.9228286743164)",1,4.21295166015625,1,"(-23.368404388427734, -45.435752868652344, 671.8344116210938)",1,"(0.3864859342575073, 0.21612894535064697)","(-61.72499084472656, 239.51966857910156, 80.34101104736328)",1,4.2505035400390625,1,"(38.5340461730957, -46.59983825683594, 671.1505737304688)",1
7566543030,7527916435,"(0.3352296054363251, 0.2474011927843094)","(-90.08513641357422, 230.37374877929688, 77.01210021972656)",1,4.1773529052734375,1,"(-23.688127517700195, -45.48065948486328, 671.5070190429688)",1,"(0.30859726667404175, 0.23133854568004608)","(-104.82083892822266, 235.07144165039062, 78.7219467163086)",1,4.22406005859375,1,"(38.1239013671875, -46.59989929199219, 670.9464721679688)",1
7566559743,7527933148,"(0.3129987418651581, 0.23981967568397522)","(-102.3854751586914, 232.59103393554688, 77.81918334960938)",1,4.19775390625,1,"(-23.869083404541016, -45.593955993652344, 672.162109375)",1,"(0.27925407886505127, 0.2446291148662567)","(-121.0564193725586, 231.1844482421875, 77.30722045898438)",1,4.2241363525390625,1,"(37.97822952270508, -46.65764617919922, 671.5872802734375)",1
7566576314,7527949719,"(0.31166377663612366, 0.23588927090168)","(-103.1241226196289, 233.7405548095703, 78.23754119873047)",1,4.1915435791015625,1,"(-23.88739585876465, -45.56410598754883, 671.4349365234375)",1,"(0.27567058801651, 0.24132190644741058)","(-123.03915405273438, 232.15170288085938, 77.65924072265625)",1,4.19879150390625,1,"(37.93516159057617, -46.626731872558594, 670.8838500976562)",1
7566592996,7527966401,"(0.3160969018936157, 0.23243211209774017)","(-100.67127990722656, 234.7516326904297, 78.6055679321289)",1,4.1793975830078125,1,"(-23.917009353637695, -45.5831298828125, 671.4736938476562)",1,"(0.27653682231903076, 0.2462427169084549)","(-122.55989837646484, 230.71255493164062, 77.13543701171875)",1,4.1983184814453125,1,"(37.932334899902344, -46.63881301879883, 670.9124755859375)",1
7566609563,7527982968,"(0.31604188680648804, 0.23427937924861908)","(-100.70171356201172, 234.2113494873047, 78.40892791748047)",1,4.1742095947265625,1,"(-23.94584846496582, -45.59891891479492, 671.7867431640625)",1,"(0.2744993567466736, 0.24469171464443207)","(-123.68719482421875, 231.16615295410156, 77.30058288574219)",1,4.191192626953125,1,"(37.95842742919922, -46.66075134277344, 671.2237548828125)",1
7566626234,7527999639,"(0.3150685131549835, 0.2338685840368271)","(-101.24028015136719, 234.33151245117188, 78.45266723632812)",1,4.1763458251953125,1,"(-23.94852638244629, -45.58380889892578, 671.9287719726562)",1,"(0.2738611102104187, 0.2460974007844925)","(-124.04035949707031, 230.7550506591797, 77.15094757080078)",1,4.2011566162109375,1,"(37.98494338989258, -46.65924072265625, 671.35400390625)",1
7566642866,7528016271,"(0.3149259090423584, 0.23909787833690643)","(-101.31917572021484, 232.80213928222656, 77.89598846435547)",1,4.179931640625,1,"(-23.931659698486328, -45.565757751464844, 671.966552734375)",1,"(0.27194902300834656, 0.250629186630249)","(-125.09830474853516, 229.4296875, 76.66851043701172)",1,4.1965789794921875,1,"(38.0130500793457, -46.65081024169922, 671.39013671875)",1
7566659477,7528032881,"(0.31584906578063965, 0.24434570968151093)","(-100.80838775634766, 231.26734924316406, 77.33736419677734)",1,4.18109130859375,1,"(-23.91107940673828, -45.54239273071289, 672.1118774414062)",1,"(0.2724595069885254, 0.25100988149642944)","(-124.81586456298828, 229.3183135986328, 76.62799835205078)",1,4.1984710693359375,1,"(38.05107498168945, -46.644527435302734, 671.5469360351562)",1
7566676154,7528049558,"(0.3172198534011841, 0.24255093932151794)","(-100.04996490478516, 231.7922821044922, 77.5284194946289)",1,4.188446044921875,1,"(-23.915050506591797, -45.555503845214844, 672.5449829101562)",1,"(0.27479249238967896, 0.24563975632190704)","(-123.5250015258789, 230.88888549804688, 77.19963836669922)",1,4.1912841796875,1,"(38.092464447021484, -46.66843795776367, 671.9556884765625)",1
7566692734,7528066138,"(0.31447678804397583, 0.24048638343811035)","(-101.56768035888672, 232.3960418701172, 77.7481918334961)",1,4.1884307861328125,1,"(-23.918106079101562, -45.56694412231445, 672.759765625)",1,"(0.27547338604927063, 0.24242280423641205)","(-123.1482925415039, 231.82974243164062, 77.54208374023438)",1,4.1834716796875,1,"(38.1113395690918, -46.686466217041016, 672.18017578125)",1
7566709489,7528082893,"(0.31389132142066956, 0.23697534203529358)","(-101.8916015625, 233.4228973388672, 78.12193298339844)",1,4.1979827880859375,1,"(-23.940608978271484, -45.60356521606445, 673.0552368164062)",1,"(0.27570801973342896, 0.24315409362316132)","(-123.01842498779297, 231.6158447265625, 77.4642562866211)",1,4.190887451171875,1,"(38.12845993041992, -46.715267181396484, 672.486572265625)",1
7566726074,7528099478,"(0.313386470079422, 0.2403383105993271)","(-102.17095947265625, 232.43934631347656, 77.76394653320312)",1,4.2059326171875,1,"(-23.973590850830078, -45.6578483581543, 673.3636474609375)",1,"(0.2739314138889313, 0.24180574715137482)","(-124.0014419555664, 232.01019287109375, 77.60771942138672)",1,4.207550048828125,1,"(38.12622833251953, -46.756317138671875, 672.7819213867188)",1
7566742700,7528116104,"(0.32955431938171387, 0.23807013034820557)","(-93.22528839111328, 233.1027374267578, 78.0053939819336)",1,4.2216796875,1,"(-23.929210662841797, -45.68562698364258, 673.5361938476562)",1,"(0.28725549578666687, 0.2392805516719818)","(-116.62921142578125, 232.7487030029297, 77.8765640258789)",1,4.2116546630859375,1,"(38.18352508544922, -46.7880973815918, 672.9630737304688)",1
7566759308,7528132712,"(0.39424896240234375, 0.2307146042585373)","(-57.42972183227539, 235.25392150878906, 78.78839874267578)",1,4.250274658203125,1,"(-23.661054611206055, -45.76107406616211, 674.3773193359375)",1,"(0.3581792116165161, 0.22499753534793854)","(-77.38713836669922, 236.9259490966797, 79.39697265625)",1,4.2272796630859375,1,"(38.507102966308594, -46.88238525390625, 673.7626342773438)",1
7566775999,7528149403,"(0.40079984068870544, 0.23402062058448792)","(-53.805118560791016, 234.28704833984375, 78.43647003173828)",1,4.2310791015625,1,"(-23.540260314941406, -45.70409393310547, 673.2614135742188)",1,"(0.3597383201122284, 0.2324519008398056)","(-76.52447509765625, 234.74583435058594, 78.6034164428711)",1,4.22515869140625,1,"(38.523223876953125, -46.82658386230469, 672.6734619140625)",1
7566792666,7528166070,"(0.40233319997787476, 0.22713659703731537)","(-52.95671463012695, 236.3003692626953, 79.16926574707031)",1,4.2207183837890625,1,"(-23.52989959716797, -45.67900085449219, 672.6663208007812)",1,"(0.36164912581443787, 0.2311873883008957)","(-75.46720886230469, 235.1156463623047, 78.73802185058594)",1,4.234405517578125,1,"(38.4808349609375, -46.7901611328125, 672.0557861328125)",1
7566809320,7528182724,"(0.40512609481811523, 0.23256835341453552)","(-51.411399841308594, 234.71176147460938, 78.59107971191406)",1,4.2287445068359375,1,"(-23.520193099975586, -45.686195373535156, 672.59716796875)",1,"(0.35989290475845337, 0.23062793910503387)","(-76.43894958496094, 235.279296875, 78.797607421875)",1,4.236572265625,1,"(38.49530029296875, -46.79435348510742, 671.966796875)",1
7566825919,7528199323,"(0.4084043502807617, 0.239370197057724)","(-49.5975341796875, 232.72247314453125, 77.86701965332031)",1,4.23602294921875,1,"(-23.483829498291016, -45.65373992919922, 672.1326293945312)",1,"(0.3650084137916565, 0.2350115329027176)","(-73.60852813720703, 233.99725341796875, 78.33097076416016)",1,4.2414703369140625,1,"(38.47821807861328, -46.76508712768555, 671.5205688476562)",1
7566842536,7528215940,"(0.4066939651966095, 0.24077798426151276)","(-50.54390335083008, 232.31076049804688, 77.71719360351562)",1,4.24920654296875,1,"(-23.43966293334961, -45.617881774902344, 671.7418212890625)",1,"(0.3637835681438446, 0.24259622395038605)","(-74.28622436523438, 231.7790069580078, 77.52360534667969)",1,4.243927001953125,1,"(38.48208236694336, -46.73526382446289, 671.1187744140625)",1
7566859236,7528232640,"(0.404192715883255, 0.24403652548789978)","(-51.92784118652344, 231.35775756835938, 77.37028503417969)",1,4.25494384765625,1,"(-23.36940574645996, -45.55552673339844, 671.2694702148438)",1,"(0.3651971220970154, 0.24535197019577026)","(-73.5041275024414, 230.97303771972656, 77.23027801513672)",1,4.25048828125,1,"(38.49420928955078, -46.68915939331055, 670.6382446289062)",1
7566875839,7528249243,"(0.40335872769355774, 0.24766145646572113)","(-52.3892936706543, 230.297607421875, 76.98444366455078)",1,4.251220703125,1,"(-23.313631057739258, -45.50121307373047, 671.167236328125)",1,"(0.3598971962928772, 0.2348587065935135)","(-76.43656921386719, 234.04196166992188, 78.34724426269531)",1,4.2610931396484375,1,"(38.55826187133789, -46.672916412353516, 670.5360107421875)",1
7566892502,7528265906,"(0.40439876914024353, 0.24398398399353027)","(-51.813838958740234, 231.37313842773438, 77.37592315673828)",1,4.2507171630859375,1,"(-23.294551849365234, -45.48125076293945, 671.2122192382812)",1,"(0.36072444915771484, 0.23426854610443115)","(-75.97885131835938, 234.21453857421875, 78.4100341796875)",1,4.2703857421875,1,"(38.58809280395508, -46.66664505004883, 670.5780639648438)",1
7566909152,7528282555,"(0.4084567427635193, 0.24932441115379333)","(-49.568572998046875, 229.81126403808594, 76.80744171142578)",1,4.2656402587890625,1,"(-23.25042724609375, -45.44332504272461, 671.2025146484375)",1,"(0.3604251742362976, 0.23941545188426971)","(-76.14444732666016, 232.7092742919922, 77.86216735839844)",1,4.2693939208984375,1,"(38.63362503051758, -46.63404846191406, 670.5637817382812)",1
7566925759,7528299162,"(0.44963258504867554, 0.2372933179140091)","(-26.785953521728516, 233.3299102783203, 78.08808135986328)",1,4.2941131591796875,1,"(-23.01650047302246, -45.44053268432617, 671.5313110351562)",1,"(0.4080967903137207, 0.2371382862329483)","(-49.767723083496094, 233.375244140625, 78.10458374023438)",1,4.271392822265625,1,"(38.842498779296875, -46.646114349365234, 670.8696899414062)",1
7566942371,7528315774,"(0.468892365694046, 0.23070096969604492)","(-16.12953758239746, 235.25794982910156, 78.78982543945312)",1,4.2885589599609375,1,"(-22.881956100463867, -45.43411636352539, 671.7627563476562)",1,"(0.4325178265571594, 0.2350379377603531)","(-36.25556564331055, 233.98951721191406, 78.32814025878906)",1,4.2716064453125,1,"(38.98277282714844, -46.66336441040039, 671.0881958007812)",1
7566959066,7528332469,"(0.4657295048236847, 0.22868050634860992)","(-17.87953758239746, 235.8488311767578, 79.00489807128906)",1,4.28594970703125,1,"(-22.826269149780273, -45.386131286621094, 671.1989135742188)",1,"(0.42898795008659363, 0.23548200726509094)","(-38.20863723754883, 233.85963439941406, 78.28091430664062)",1,4.2688140869140625,1,"(38.99250030517578, -46.61448669433594, 670.5238647460938)",1
7566975679,7528349082,"(0.46804624795913696, 0.2317260354757309)","(-16.597679138183594, 234.95809936523438, 78.68071746826172)",1,4.2945709228515625,1,"(-22.82679557800293, -45.38655090332031, 671.236083984375)",1,"(0.43054232001304626, 0.23821333050727844)","(-37.34861373901367, 233.06082153320312, 77.99019622802734)",1,4.263824462890625,1,"(38.99883270263672, -46.60971450805664, 670.57568359375)",1
7566992337,7528365740,"(0.46754318475723267, 0.2374131679534912)","(-16.876007080078125, 233.29486083984375, 78.07535552978516)",1,4.293853759765625,1,"(-22.82695770263672, -45.3842658996582, 671.1976928710938)",1,"(0.4285130798816681, 0.23422618210315704)","(-38.47138595581055, 234.22691345214844, 78.41461181640625)",1,4.25177001953125,1,"(38.99805450439453, -46.60414123535156, 670.5372924804688)",1
7567009078,7528382481,"(0.4677938222885132, 0.23884354531764984)","(-16.737346649169922, 232.87652587890625, 77.92308044433594)",1,4.301513671875,1,"(-22.83696174621582, -45.380210876464844, 671.119873046875)",1,"(0.4295652210712433, 0.2399933934211731)","(-37.889244079589844, 232.54022216796875, 77.80067443847656)",1,4.24224853515625,1,"(38.98215103149414, -46.59315872192383, 670.4630737304688)",1
7567025599,7528399002,"(0.4659840762615204, 0.23561641573905945)","(-17.738664627075195, 233.82032775878906, 78.26658630371094)",1,4.3022308349609375,1,"(-22.84048080444336, -45.38670349121094, 671.1348876953125)",1,"(0.4278843104839325, 0.23696216940879822)","(-38.81929016113281, 233.4267578125, 78.12332916259766)",1,4.2368927001953125,1,"(38.98543930053711, -46.60801696777344, 670.4794921875)",1
7567042303,7528415706,"(0.46538740396499634, 0.2328704297542572)","(-18.068803787231445, 234.6234130859375, 78.55889129638672)",1,4.3026123046875,1,"(-22.84929084777832, -45.399566650390625, 671.244384765625)",1,"(0.42909687757492065, 0.2378595471382141)","(-38.14837646484375, 233.16433715820312, 78.02778625488281)",1,4.24578857421875,1,"(38.990875244140625, -46.61879348754883, 670.5874633789062)",1
7567058994,7528432397,"(0.466420441865921, 0.234867125749588)","(-17.497230529785156, 234.03948974609375, 78.34635162353516)",1,4.3050384521484375,1,"(-22.864299774169922, -45.42053985595703, 671.472900390625)",1,"(0.4286267161369324, 0.24107550084590912)","(-38.40850067138672, 232.2237548828125, 77.68549346923828)",1,4.2586212158203125,1,"(39.00165939331055, -46.638641357421875, 670.8272705078125)",1
7567075519,7528448922,"(0.46648406982421875, 0.2365652173757553)","(-17.46202278137207, 233.54287719726562, 78.16555786132812)",1,4.3117828369140625,1,"(-22.882122039794922, -45.447444915771484, 671.820556640625)",1,"(0.43025946617126465, 0.23718741536140442)","(-37.50510025024414, 233.36085510253906, 78.09940338134766)",1,4.2495574951171875,1,"(39.0146484375, -46.66328811645508, 671.157958984375)",1
7567092173,7528465576,"(0.4697222411632538, 0.23273351788520813)","(-15.67033576965332, 234.6634979248047, 78.57342529296875)",1,4.30633544921875,1,"(-22.904932022094727, -45.46258544921875, 672.0626831054688)",1,"(0.42807695269584656, 0.23563773930072784)","(-38.71269607543945, 233.8140869140625, 78.26436614990234)",1,4.23583984375,1,"(39.0217170715332, -46.67912292480469, 671.40283203125)",1
7567108909,7528482312,"(0.47062188386917114, 0.2355497181415558)","(-15.172569274902344, 233.83985900878906, 78.273681640625)",1,4.305328369140625,1,"(-22.939029693603516, -45.48806381225586, 672.3833618164062)",1,"(0.4311951994895935, 0.23881231248378754)","(-36.987361907958984, 232.88563537597656, 77.92644500732422)",1,4.236968994140625,1,"(39.01877212524414, -46.690643310546875, 671.74267578125)",1
7567125439,7528498842,"(0.47337186336517334, 0.23349209129810333)","(-13.651010513305664, 234.4416046142578, 78.49272155761719)",1,4.303741455078125,1,"(-22.989967346191406, -45.501609802246094, 672.634033203125)",1,"(0.4306492805480957, 0.242900088429451)","(-37.28943634033203, 231.69015502929688, 77.49129486083984)",1,4.2310028076171875,1,"(39.00736999511719, -46.68938064575195, 671.9769287109375)",1
7567142043,7528515446,"(0.47873371839523315, 0.2334342747926712)","(-10.684286117553711, 234.45852661132812, 78.49885559082031)",1,4.2824554443359375,1,"(-23.03900718688965, -45.50498580932617, 672.7430419921875)",1,"(0.4316070079803467, 0.24402515590190887)","(-36.759498596191406, 231.36109924316406, 77.37149810791016)",1,4.232940673828125,1,"(38.98269271850586, -46.6783447265625, 672.0869140625)",1
7567158825,7528532227,"(0.4797426462173462, 0.2297971397638321)","(-10.126054763793945, 235.52224731445312, 78.88600158691406)",1,4.276092529296875,1,"(-23.042022705078125, -45.49513244628906, 672.6635131835938)",1,"(0.4376921057701111, 0.25037240982055664)","(-33.39259719848633, 229.50477600097656, 76.6958236694336)",1,4.2353973388671875,1,"(38.952693939208984, -46.63798904418945, 671.9913940429688)",1
7567175359,7528548762,"(0.5108901262283325, 0.22466538846492767)","(7.107842922210693, 237.02310180664062, 79.43228912353516)",1,4.2721405029296875,1,"(-22.8614501953125, -45.450557708740234, 672.3222045898438)",1,"(0.4745978116989136, 0.24724005162715912)","(-12.972697257995605, 230.42088317871094, 77.029296875)",1,4.2376861572265625,1,"(39.05437469482422, -46.59653854370117, 671.666015625)",1
7567192009,7528565411,"(0.5248162150382996, 0.2219487875699997)","(14.813150405883789, 237.81761169433594, 79.72145080566406)",1,4.2700042724609375,1,"(-22.857458114624023, -45.48342514038086, 672.8385009765625)",1,"(0.479322224855423, 0.24248357117176056)","(-10.358662605285645, 231.8119659423828, 77.53556823730469)",1,4.236114501953125,1,"(39.125579833984375, -46.62820053100586, 672.1467895507812)",1
7567208741,7528582143,"(0.5226977467536926, 0.22563299536705017)","(13.641018867492676, 236.74008178710938, 79.32935333251953)",1,4.2554931640625,1,"(-22.87417221069336, -45.48054885864258, 672.8343505859375)",1,"(0.48271405696868896, 0.24593175947666168)","(-8.481968879699707, 230.803466796875, 77.16857147216797)",1,4.23297119140625,1,"(39.08669662475586, -46.614166259765625, 672.1292724609375)",1
7567225279,7528598681,"(0.5199669003486633, 0.22638367116451263)","(12.130059242248535, 236.52053833007812, 79.24945068359375)",1,4.238128662109375,1,"(-22.86231231689453, -45.439876556396484, 672.1635131835938)",1,"(0.48399755358695984, 0.24784037470817566)","(-7.771811008453369, 230.2452850341797, 76.96540069580078)",1,4.22906494140625,1,"(39.03303527832031, -46.568115234375, 671.503173828125)",1
7567241877,7528615279,"(0.5204773545265198, 0.22886906564235687)","(12.412463188171387, 235.79367065429688, 78.98487091064453)",1,4.2441864013671875,1,"(-22.8606014251709, -45.43257522583008, 671.99853515625)",1,"(0.48464635014533997, 0.24620288610458374)","(-7.412834167480469, 230.7241668701172, 77.13970947265625)",1,4.212646484375,1,"(39.01698684692383, -46.554988861083984, 671.3390502929688)",1
7567258655,7528632057,"(0.5189695954322815, 0.229312464594841)","(11.57823371887207, 235.66397094726562, 78.93766784667969)",1,4.2342376708984375,1,"(-22.851091384887695, -45.425865173339844, 671.8632202148438)",1,"(0.48461300134658813, 0.24964836239814758)","(-7.431268692016602, 229.71653747558594, 76.7729263305664)",1,4.2069091796875,1,"(39.01181411743164, -46.553524017333984, 671.1949462890625)",1
7567275199,7528648601,"(0.5197553038597107, 0.23046772181987762)","(12.012972831726074, 235.32611083984375, 78.81465911865234)",1,4.22454833984375,1,"(-22.835060119628906, -45.41273498535156, 671.6898803710938)",1,"(0.4839712083339691, 0.24915416538715363)","(-7.7863945960998535, 229.861083984375, 76.82549285888672)",1,4.2001190185546875,1,"(39.01792526245117, -46.544681549072266, 671.0286865234375)",1
7567291747,7528665149,"(0.5207605361938477, 0.22531747817993164)","(12.569146156311035, 236.83238220214844, 79.36288452148438)",1,4.21453857421875,1,"(-22.82777976989746, -45.40150451660156, 671.5404052734375)",1,"(0.4816451370716095, 0.24690958857536316)","(-9.07340145111084, 230.5175018310547, 77.06444549560547)",1,4.2062225341796875,1,"(39.02656555175781, -46.53968048095703, 670.8792724609375)",1
7567308571,7528681973,"(0.5272061824798584, 0.2331932783126831)","(16.135522842407227, 234.52902221679688, 78.52455139160156)",1,4.2142486572265625,1,"(-22.763917922973633, -45.36393356323242, 671.1785278320312)",1,"(0.4899842143058777, 0.24924597144126892)","(-4.4593682289123535, 229.83419799804688, 76.81576538085938)",1,4.2060546875,1,"(39.05415344238281, -46.52015686035156, 670.4889526367188)",1
7567325119,7528698521,"(0.5976641774177551, 0.22546760737895966)","(55.119964599609375, 236.78846740722656, 79.34693908691406)",1,4.2008514404296875,1,"(-22.342966079711914, -45.31878662109375, 670.8651733398438)",1,"(0.571689248085022, 0.24858590960502625)","(40.74801254272461, 230.02725219726562, 76.88602447509766)",1,4.207122802734375,1,"(39.361934661865234, -46.509674072265625, 670.1793212890625)",1
7567341713,7528715115,"(0.63881516456604, 0.21939969062805176)","(77.8887710571289, 238.56309509277344, 79.99286651611328)",1,4.221649169921875,1,"(-22.171138763427734, -45.37016677856445, 671.8449096679688)",1,"(0.608102023601532, 0.24020765721797943)","(60.895206451416016, 232.47755432128906, 77.77787017822266)",1,4.200042724609375,1,"(39.60963439941406, -46.58918380737305, 671.079345703125)",1
7567358486,7528731888,"(0.6462801098823547, 0.22030451893806458)","(82.01911926269531, 238.2984619140625, 79.89654541015625)",1,4.218475341796875,1,"(-22.122377395629883, -45.37619400024414, 672.0157470703125)",1,"(0.6109515428543091, 0.2368813455104828)","(62.471866607666016, 233.45037841796875, 78.1319808959961)",1,4.1875,1,"(39.68137741088867, -46.60667037963867, 671.2227783203125)",1
7567375039,7528748441,"(0.6486032009124756, 0.221015065908432)","(83.30455780029297, 238.09068298339844, 79.82086944580078)",1,4.1976318359375,1,"(-22.09158706665039, -45.31013107299805, 670.9964599609375)",1,"(0.6118151545524597, 0.24381141364574432)","(62.9497184753418, 231.42361450195312, 77.39427947998047)",1,4.1704254150390625,1,"(39.63917922973633, -46.539546966552734, 670.26953125)",1
7567391679,7528765081,"(0.6486600041389465, 0.22524352371692657)","(83.3359603881836, 236.85398864746094, 79.37078857421875)",1,4.1885528564453125,1,"(-22.092958450317383, -45.30342102050781, 670.8101806640625)",1,"(0.6103414297103882, 0.24264417588710785)","(62.13428497314453, 231.76499938964844, 77.51850128173828)",1,4.1612396240234375,1,"(39.63460922241211, -46.53165054321289, 670.0853881835938)",1
7567408402,7528781804,"(0.6494356989860535, 0.22178177535533905)","(83.76515197753906, 237.86643981933594, 79.73926544189453)",1,4.189697265625,1,"(-22.09059715270996, -45.29929733276367, 670.5150146484375)",1,"(0.6092243194580078, 0.24147580564022064)","(61.51618957519531, 232.106689453125, 77.64290618896484)",1,4.1551361083984375,1,"(39.61997604370117, -46.52107238769531, 669.778076171875)",1
7567424959,7528798360,"(0.6503261923789978, 0.2209359109401703)","(84.25787353515625, 238.1138153076172, 79.82929229736328)",1,4.187408447265625,1,"(-22.085895538330078, -45.269630432128906, 670.2888793945312)",1,"(0.6093573570251465, 0.24365302920341492)","(61.58980941772461, 231.4699249267578, 77.4111099243164)",1,4.1488800048828125,1,"(39.6140251159668, -46.49637222290039, 669.5631103515625)",1
7567441548,7528814949,"(0.6489434242248535, 0.21975678205490112)","(83.49282836914062, 238.45863342285156, 79.9548110961914)",1,4.1853790283203125,1,"(-22.08133316040039, -45.2481803894043, 670.208251953125)",1,"(0.6111425757408142, 0.24496889114379883)","(62.5775032043457, 231.08509826660156, 77.27104949951172)",1,4.141204833984375,1,"(39.61802291870117, -46.48031997680664, 669.4813232421875)",1
7567458318,7528831719,"(0.6477697491645813, 0.23009303212165833)","(82.8433609008789, 235.4357147216797, 78.85456848144531)",1,4.1725616455078125,1,"(-22.071144104003906, -45.20455551147461, 670.1505126953125)",1,"(0.6108192801475525, 0.24256466329097748)","(62.398719787597656, 231.78823852539062, 77.52699279785156)",1,4.131591796875,1,"(39.64137268066406, -46.46635818481445, 669.4183349609375)",1
7567474879,7528848280,"(0.6488662958145142, 0.233123317360878)","(83.45008850097656, 234.54946899414062, 78.53199768066406)",1,4.1656494140625,1,"(-22.056968688964844, -45.172080993652344, 670.0708618164062)",1,"(0.6063864231109619, 0.24803794920444489)","(59.94597244262695, 230.18751525878906, 76.94438171386719)",1,4.1293487548828125,1,"(39.666236877441406, -46.45066833496094, 669.3421020507812)",1
7567491514,7528864915,"(0.6490263938903809, 0.23182202875614166)","(83.5387191772461, 234.9300537109375, 78.67048645019531)",1,4.1678619384765625,1,"(-22.048641204833984, -45.16278076171875, 669.9735717773438)",1,"(0.6062249541282654, 0.2509841024875641)","(59.85661315917969, 229.32586669921875, 76.63079071044922)",1,4.1378936767578125,1,"(39.668697357177734, -46.440467834472656, 669.2426147460938)",1
7567508232,7528881633,"(0.6484357118606567, 0.23518171906471252)","(83.21185302734375, 233.9474639892578, 78.31285095214844)",1,4.1696319580078125,1,"(-22.039539337158203, -45.16140365600586, 669.8941040039062)",1,"(0.6075703501701355, 0.2492266744375229)","(60.60102462768555, 229.83984375, 76.81779479980469)",1,4.1304168701171875,1,"(39.6732063293457, -46.443275451660156, 669.1619873046875)",1
7567524799,7528898200,"(0.646426796913147, 0.22941842675209045)","(82.10030364990234, 235.63299560546875, 78.9264144897461)",1,4.14935302734375,1,"(-22.04953384399414, -45.19230270385742, 669.9478759765625)",1,"(0.6090328693389893, 0.25099897384643555)","(61.410282135009766, 229.32151794433594, 76.62911987304688)",1,4.121856689453125,1,"(39.66364288330078, -46.46621322631836, 669.217041015625)",1
7567541384,7528914785,"(0.6430284976959229, 0.24653811752796173)","(80.22006225585938, 230.62612915039062, 77.10407257080078)",1,4.1260223388671875,1,"(-22.099821090698242, -45.28385543823242, 670.013916015625)",1,"(0.6037231087684631, 0.2720293700695038)","(58.47233581542969, 223.17095947265625, 74.3905258178711)",1,4.108154296875,1,"(39.6020622253418, -46.518707275390625, 669.2860107421875)",1
7567558148,7528931549,"(0.5932492017745972, 0.3818995952606201)","(52.677154541015625, 191.0380859375, 62.69519805908203)",1,4.12255859375,1,"(-22.267274856567383, -45.62091827392578, 669.4578247070312)",1,"(0.5490549206733704, 0.4087596535682678)","(28.224464416503906, 183.1825408935547, 59.83597946166992)",1,4.0981903076171875,1,"(39.18824768066406, -46.81321716308594, 668.71435546875)",1
7567574719,7528948120,"(0.5629658699035645, 0.4971221685409546)","(35.9213752746582, 157.33985900878906, 50.43000411987305)",1,4.087127685546875,1,"(-22.441408157348633, -45.86665344238281, 668.418701171875)",1,"(0.5199300646781921, 0.5330451726913452)","(12.109649658203125, 146.83377075195312, 46.6060905456543)",1,4.088775634765625,1,"(38.90115737915039, -46.981266021728516, 667.7586059570312)",1
7567591350,7528964751,"(0.5533517003059387, 0.510983943939209)","(30.60181999206543, 153.2858428955078, 48.95444869995117)",1,4.0731201171875,1,"(-22.51837921142578, -45.93618392944336, 668.6084594726562)",1,"(0.5173263549804688, 0.5489107370376587)","(10.66900634765625, 142.19374084472656, 44.917259216308594)",1,4.0877838134765625,1,"(38.892696380615234, -47.02395248413086, 667.9556884765625)",1
7567608063,7528981464,"(0.5531296133995056, 0.5236513018608093)","(30.47897720336914, 149.58111572265625, 47.60605239868164)",1,4.065185546875,1,"(-22.583261489868164, -45.975242614746094, 668.8541870117188)",1,"(0.5138644576072693, 0.5566188097000122)","(8.753540992736816, 139.9393768310547, 44.09675598144531)",1,4.079559326171875,1,"(38.92120361328125, -47.05609130859375, 668.2069702148438)",1
7567624643,7528998044,"(0.5565133094787598, 0.516861081123352)","(32.351173400878906, 151.5670166015625, 48.32883071899414)",1,4.06195068359375,1,"(-22.62590217590332, -46.04830551147461, 669.2647705078125)",1,"(0.5143340826034546, 0.552542507648468)","(9.013391494750977, 141.13156127929688, 44.5306510925293)",1,4.0701751708984375,1,"(38.95928192138672, -47.11520004272461, 668.5912475585938)",1
7567641220,7529014621,"(0.5541366934776306, 0.5187458395957947)","(31.036178588867188, 151.01580810546875, 48.12821578979492)",1,4.0557098388671875,1,"(-22.630752563476562, -46.06691360473633, 669.3943481445312)",1,"(0.5132400989532471, 0.546922504901886)","(8.40810775756836, 142.77520751953125, 45.12888717651367)",1,4.059417724609375,1,"(38.98989486694336, -47.145751953125, 668.7182006835938)",1
7567657883,7529031284,"(0.5549944639205933, 0.5243386030197144)","(31.51081657409668, 149.380126953125, 47.53287124633789)",1,4.0429229736328125,1,"(-22.61143684387207, -46.07543182373047, 669.4658203125)",1,"(0.5161338448524475, 0.5467734932899475)","(10.009230613708496, 142.8188018798828, 45.144683837890625)",1,4.0537872314453125,1,"(39.028587341308594, -47.17298889160156, 668.7866821289062)",1
7567674563,7529047964,"(0.5560077428817749, 0.5277949571609497)","(32.07143783569336, 148.36929321289062, 47.164955139160156)",1,4.0447998046875,1,"(-22.5736026763916, -46.04893112182617, 669.5040283203125)",1,"(0.5132853388786316, 0.5449309349060059)","(8.433140754699707, 143.3576202392578, 45.340885162353516)",1,4.06170654296875,1,"(39.08591079711914, -47.17348098754883, 668.81591796875)",1
7567691186,7529064587,"(0.5578467845916748, 0.5301255583763123)","(33.08895492553711, 147.6876678466797, 46.9168701171875)",1,4.0518646240234375,1,"(-22.554941177368164, -46.036094665527344, 669.544677734375)",1,"(0.511706531047821, 0.5496734380722046)","(7.559567928314209, 141.97064208984375, 44.836055755615234)",1,4.0681915283203125,1,"(39.126651763916016, -47.16259002685547, 668.8519897460938)",1
7567707895,7529081296,"(0.5586007237434387, 0.5268383026123047)","(33.506141662597656, 148.64906311035156, 47.266754150390625)",1,4.0455169677734375,1,"(-22.529193878173828, -46.00412368774414, 669.5152587890625)",1,"(0.5109338164329529, 0.5528053045272827)","(7.132025718688965, 141.05470275878906, 44.50267028808594)",1,4.0647125244140625,1,"(39.17535400390625, -47.13471984863281, 668.8143310546875)",1
7567724483,7529097884,"(0.562510073184967, 0.5224464535713196)","(35.6691780090332, 149.93350219726562, 47.73427200317383)",1,4.0477752685546875,1,"(-22.50705909729004, -45.96490478515625, 669.36767578125)",1,"(0.5150980949401855, 0.551195502281189)","(9.436140060424805, 141.52548217773438, 44.67405319213867)",1,4.0715179443359375,1,"(39.19367980957031, -47.10403823852539, 668.6734008789062)",1
7567741054,7529114455,"(0.561532199382782, 0.5234602093696594)","(35.128116607666016, 149.6370391845703, 47.62636947631836)",1,4.0534210205078125,1,"(-22.478038787841797, -45.94476318359375, 669.2310180664062)",1,"(0.515753984451294, 0.5562452077865601)","(9.799030303955078, 140.0486602783203, 44.13652420043945)",1,4.0767364501953125,1,"(39.205745697021484, -47.079010009765625, 668.53564453125)",1
7567757809,7529131210,"(0.5497472286224365, 0.5579683780670166)","(28.607500076293945, 139.54470825195312, 43.953086853027344)",1,4.06024169921875,1,"(-22.494291305541992, -45.97813415527344, 669.209228515625)",1,"(0.49851182103157043, 0.5838114023208618)","(0.25893712043762207, 131.98660278320312, 41.202144622802734)",1,4.0806884765625,1,"(39.158973693847656, -47.138145446777344, 668.52392578125)",1
7567774403,7529147804,"(0.5315073132514954, 0.5908339023590088)","(18.51531982421875, 129.9328155517578, 40.45463180541992)",1,4.062835693359375,1,"(-22.55256462097168, -46.114437103271484, 669.7385864257812)",1,"(0.4843903183937073, 0.6073981523513794)","(-7.5544819831848145, 125.08838653564453, 38.69140625)",1,4.0956878662109375,1,"(39.10552978515625, -47.25710678100586, 669.041015625)",1
7567791020,7529164421,"(0.5294771194458008, 0.5884791016578674)","(17.392019271850586, 130.62152099609375, 40.70527267456055)",1,4.0671844482421875,1,"(-22.568260192871094, -46.15276336669922, 669.9862060546875)",1,"(0.4855315089225769, 0.6090293526649475)","(-6.923052787780762, 124.61131286621094, 38.517757415771484)",1,4.092926025390625,1,"(39.13730239868164, -47.2789192199707, 669.3084716796875)",1
7567807725,7529181126,"(0.5258284211158752, 0.5868231654167175)","(15.37321949005127, 131.1057586669922, 40.88160705566406)",1,4.0680389404296875,1,"(-22.56465721130371, -46.15720748901367, 669.8140869140625)",1,"(0.48119306564331055, 0.6139494180679321)","(-9.323513984680176, 123.17239379882812, 37.9940299987793)",1,4.089874267578125,1,"(39.14857482910156, -47.275421142578125, 669.1163330078125)",1
7567824323,7529197724,"(0.5246878266334534, 0.5888079404830933)","(14.742130279541016, 130.52536010742188, 40.67029571533203)",1,4.0776824951171875,1,"(-22.54911231994629, -46.150264739990234, 669.4578857421875)",1,"(0.48100465536117554, 0.6209023594856262)","(-9.427763938903809, 121.13890075683594, 37.25389862060547)",1,4.09967041015625,1,"(39.143550872802734, -47.25872039794922, 668.7718505859375)",1
7567840890,7529214291,"(0.5243558883666992, 0.5903172492980957)","(14.558491706848145, 130.08387756347656, 40.50959777832031)",1,4.0722808837890625,1,"(-22.538291931152344, -46.149139404296875, 669.2828979492188)",1,"(0.48224884271621704, 0.621640145778656)","(-8.739362716674805, 120.92313385009766, 37.17538833618164)",1,4.1092681884765625,1,"(39.142822265625, -47.25645065307617, 668.59814453125)",1
7567857640,7529231041,"(0.5234370231628418, 0.5886011123657227)","(14.050049781799316, 130.58578491210938, 40.692264556884766)",1,4.0737762451171875,1,"(-22.518217086791992, -46.14620590209961, 669.0657348632812)",1,"(0.481765478849411, 0.623526394367218)","(-9.00683879852295, 120.37150573730469, 36.974586486816406)",1,4.1095733642578125,1,"(39.1594123840332, -47.25386428833008, 668.3684692382812)",1
7567874243,7529247644,"(0.5274724960327148, 0.5911857485771179)","(16.28287696838379, 129.82989501953125, 40.417152404785156)",1,4.0802001953125,1,"(-22.500600814819336, -46.13179016113281, 668.7530517578125)",1,"(0.48446059226989746, 0.627826988697052)","(-7.515629768371582, 119.11373138427734, 36.51676940917969)",1,4.1155548095703125,1,"(39.1635856628418, -47.246150970458984, 668.0628051757812)",1
7567890856,7529264257,"(0.532060444355011, 0.5912299156188965)","(18.82144546508789, 129.81700134277344, 40.412452697753906)",1,4.0708160400390625,1,"(-22.481584548950195, -46.11456298828125, 668.483154296875)",1,"(0.48509201407432556, 0.631269633769989)","(-7.166243076324463, 118.10689544677734, 36.15031814575195)",1,4.1186676025390625,1,"(39.16497039794922, -47.23434829711914, 667.7875366210938)",1
7567907556,7529280957,"(0.5051474571228027, 0.5832234025001526)","(3.930436372756958, 132.15858459472656, 41.264713287353516)",1,4.080535888671875,1,"(-22.545921325683594, -46.06785583496094, 668.2448120117188)",1,"(0.46294286847114563, 0.6060896515846252)","(-19.42137336730957, 125.47105407714844, 38.83069610595703)",1,4.1184844970703125,1,"(39.062923431396484, -47.20048522949219, 667.5549926757812)",1
7567924163,7529297564,"(0.37361910939216614, 0.5126990675926208)","(-68.84422302246094, 152.78424072265625, 48.77189254760742)",1,4.09869384765625,1,"(-23.066158294677734, -45.985042572021484, 669.06005859375)",1,"(0.3579753041267395, 0.5289177894592285)","(-77.49996185302734, 148.04090881347656, 47.04542922973633)",1,4.1389312744140625,1,"(38.531288146972656, -47.09816360473633, 668.3482055664062)",1
7567940822,7529314223,"(0.3155094087123871, 0.48528721928596497)","(-100.99635314941406, 160.80116271972656, 51.68981170654297)",1,4.0870361328125,1,"(-23.347047805786133, -45.89795684814453, 668.672607421875)",1,"(0.28609880805015564, 0.49642378091812134)","(-117.26924133300781, 157.5441436767578, 50.50434112548828)",1,4.1439971923828125,1,"(38.154449462890625, -46.99092102050781, 668.0681762695312)",1
7567957472,7529330873,"(0.3029785454273224, 0.4745417833328247)","(-107.92965698242188, 163.9438018798828, 52.833587646484375)",1,4.1002197265625,1,"(-23.55828094482422, -45.9617805480957, 669.64892578125)",1,"(0.25569456815719604, 0.48664048314094543)","(-134.09188842773438, 160.4053955078125, 51.545745849609375)",1,4.16583251953125,1,"(38.06049728393555, -47.03961181640625, 669.0642700195312)",1
7567974079,7529347480,"(0.301403284072876, 0.4754006266593933)","(-108.80125427246094, 163.69261169433594, 52.74219512939453)",1,4.0927581787109375,1,"(-23.60573959350586, -45.95998001098633, 669.1530151367188)",1,"(0.2523915469646454, 0.4835366904735565)","(-135.91946411132812, 161.31314086914062, 51.876094818115234)",1,4.155914306640625,1,"(38.02670669555664, -47.02705764770508, 668.5739135742188)",1
7567990691,7529364092,"(0.29867681860923767, 0.4802565276622772)","(-110.30979919433594, 162.27244567871094, 52.22528076171875)",1,4.0936126708984375,1,"(-23.621183395385742, -45.970611572265625, 669.072998046875)",1,"(0.25373125076293945, 0.48632577061653137)","(-135.1781768798828, 160.49742126464844, 51.5792121887207)",1,4.15240478515625,1,"(38.009071350097656, -47.02867889404297, 668.4848022460938)",1
7568007290,7529380691,"(0.29960402846336365, 0.48260870575904846)","(-109.7967758178711, 161.5845184326172, 51.97489547729492)",1,4.1017913818359375,1,"(-23.651649475097656, -45.99229431152344, 669.0484619140625)",1,"(0.2558625042438507, 0.4916439950466156)","(-133.9989471435547, 158.94203186035156, 51.01310729980469)",1,4.1574859619140625,1,"(37.993038177490234, -47.03623962402344, 668.4674682617188)",1
7568023999,7529397400,"(0.29923561215400696, 0.4747447669506073)","(-110.0006332397461, 163.88442993164062, 52.81203079223633)",1,4.0995941162109375,1,"(-23.690208435058594, -46.03337097167969, 669.2440795898438)",1,"(0.2549792230129242, 0.49591463804244995)","(-134.48770141601562, 157.6930389404297, 50.55851364135742)",1,4.167633056640625,1,"(38.004302978515625, -47.060089111328125, 668.6534423828125)",1
7568040561,7529413962,"(0.29725417494773865, 0.47118768095970154)","(-111.09695434570312, 164.92471313476562, 53.19068145751953)",1,4.09136962890625,1,"(-23.707256317138672, -46.052162170410156, 669.4004516601562)",1,"(0.2542508840560913, 0.4995296001434326)","(-134.89065551757812, 156.6357879638672, 50.17371368408203)",1,4.165863037109375,1,"(38.01392364501953, -47.080753326416016, 668.8148193359375)",1
7568057205,7529430606,"(0.29435014724731445, 0.46513304114341736)","(-112.70378112792969, 166.6954803466797, 53.83515930175781)",1,4.087921142578125,1,"(-23.72490882873535, -46.08664321899414, 669.6652221679688)",1,"(0.25202566385269165, 0.49597108364105225)","(-136.1218719482422, 157.67654418945312, 50.55250549316406)",1,4.169525146484375,1,"(38.03615951538086, -47.11903762817383, 669.0831298828125)",1
7568073919,7529447320,"(0.29406800866127014, 0.4664039611816406)","(-112.85987091064453, 166.32379150390625, 53.699851989746094)",1,4.0985565185546875,1,"(-23.740848541259766, -46.1133918762207, 669.8856811523438)",1,"(0.25168049335479736, 0.49242421984672546)","(-136.31285095214844, 158.7138671875, 50.93003845214844)",1,4.1793060302734375,1,"(38.06049346923828, -47.15648651123047, 669.2900390625)",1
7568090527,7529463928,"(0.29219791293144226, 0.46633511781692505)","(-113.89460754394531, 166.34393310546875, 53.70720672607422)",1,4.0817108154296875,1,"(-23.746427536010742, -46.12788391113281, 670.0256958007812)",1,"(0.2527053952217102, 0.48856818675994873)","(-135.7458038330078, 159.84161376953125, 51.340511322021484)",1,4.1759185791015625,1,"(38.06981658935547, -47.18340301513672, 669.4342651367188)",1
7568107121,7529480522,"(0.2928374409675598, 0.46559011936187744)","(-113.54073333740234, 166.56182861328125, 53.786495208740234)",1,4.088714599609375,1,"(-23.762392044067383, -46.160369873046875, 670.2271118164062)",1,"(0.25456875562667847, 0.48705440759658813)","(-134.71484375, 160.2843017578125, 51.50169372558594)",1,4.1795501708984375,1,"(38.07985305786133, -47.22429275512695, 669.645751953125)",1
7568123839,7529497240,"(0.2943100035190582, 0.46926191449165344)","(-112.72595977783203, 165.4879608154297, 53.39564895629883)",1,4.107940673828125,1,"(-23.780902862548828, -46.204071044921875, 670.4981689453125)",1,"(0.2527221143245697, 0.48112720251083374)","(-135.736572265625, 162.01779174804688, 52.13264083862305)",1,4.168701171875,1,"(38.09552001953125, -47.273067474365234, 669.9039916992188)",1
7568140397,7529513798,"(0.29324427247047424, 0.4679371416568756)","(-113.31565856933594, 165.8754119873047, 53.53664779663086)",1,4.104766845703125,1,"(-23.792009353637695, -46.227012634277344, 670.63623046875)",1,"(0.25238317251205444, 0.47869881987571716)","(-135.92408752441406, 162.72801208496094, 52.391117095947266)",1,4.1643829345703125,1,"(38.101715087890625, -47.2972297668457, 670.0462646484375)",1
7568157037,7529530438,"(0.2946082353591919, 0.46721524000167847)","(-112.56095886230469, 166.08651733398438, 53.613525390625)",1,4.1028900146484375,1,"(-23.805282592773438, -46.25040054321289, 670.7855834960938)",1,"(0.2518943250179291, 0.47729650139808655)","(-136.19454956054688, 163.1381378173828, 52.540374755859375)",1,4.1534881591796875,1,"(38.10972595214844, -47.31792068481445, 670.1995849609375)",1
7568173759,7529547160,"(0.2955412268638611, 0.4681094288825989)","(-112.04470825195312, 165.82501220703125, 53.5182991027832)",1,4.0895538330078125,1,"(-23.8127498626709, -46.26152038574219, 670.8756713867188)",1,"(0.25182828307151794, 0.47983694076538086)","(-136.2310791015625, 162.39517211914062, 52.26995086669922)",1,4.1513519287109375,1,"(38.11219024658203, -47.32044219970703, 670.2853393554688)",1
7568190363,7529563764,"(0.29564496874809265, 0.46765395998954773)","(-111.9873275756836, 165.9582061767578, 53.56681442260742)",1,4.08587646484375,1,"(-23.815006256103516, -46.26531982421875, 670.8944091796875)",1,"(0.253623902797699, 0.48345592617988586)","(-135.2375946044922, 161.33676147460938, 51.88473129272461)",1,4.1482086181640625,1,"(38.115543365478516, -47.31920623779297, 670.305908203125)",1
7568207049,7529580450,"(0.29521089792251587, 0.4691064655780792)","(-112.22750091552734, 165.5334014892578, 53.412193298339844)",1,4.0836181640625,1,"(-23.810333251953125, -46.28379440307617, 670.8844604492188)",1,"(0.25343337655067444, 0.48084789514541626)","(-135.34300231933594, 162.0994873046875, 52.16233444213867)",1,4.127716064453125,1,"(38.11777877807617, -47.32994079589844, 670.2935180664062)",1
7568223683,7529597084,"(0.3051571846008301, 0.46899133920669556)","(-106.72420501708984, 165.56710815429688, 53.424407958984375)",1,4.067291259765625,1,"(-23.73292350769043, -46.31697463989258, 670.8385620117188)",1,"(0.2686493396759033, 0.48809289932250977)","(-126.92401885986328, 159.98062133789062, 51.39117431640625)",1,4.112030029296875,1,"(38.18144226074219, -47.351531982421875, 670.243896484375)",1
7568240231,7529613632,"(0.3452215790748596, 0.4814831018447876)","(-84.55657196044922, 161.9137420654297, 52.09467697143555)",1,4.053985595703125,1,"(-23.509029388427734, -46.29725646972656, 670.229248046875)",1,"(0.3138462007045746, 0.49859628081321716)","(-101.91658782958984, 156.9087371826172, 50.273109436035156)",1,4.0892181396484375,1,"(38.32539749145508, -47.329864501953125, 669.6270141601562)",1
7568256963,7529630364,"(0.39436036348342896, 0.49938705563545227)","(-57.368080139160156, 156.677490234375, 50.18889617919922)",1,4.0655670166015625,1,"(-23.208423614501953, -46.28223419189453, 669.8790893554688)",1,"(0.36186483502388, 0.5145676136016846)","(-75.34786987304688, 152.23777770996094, 48.572994232177734)",1,4.07208251953125,1,"(38.57762145996094, -47.344295501708984, 669.283447265625)",1
7568273603,7529647004,"(0.4003216326236725, 0.49529534578323364)","(-54.069698333740234, 157.87416076660156, 50.62447738647461)",1,4.05059814453125,1,"(-23.21216583251953, -46.35391616821289, 671.06591796875)",1,"(0.361596941947937, 0.5124639868736267)","(-75.49610137939453, 152.85301208496094, 48.796875)",1,4.0738677978515625,1,"(38.703609466552734, -47.43737030029297, 670.40185546875)",1
7568290197,7529663598,"(0.4010908603668213, 0.4987380802631378)","(-53.64411163330078, 156.86732482910156, 50.25799560546875)",1,4.0553131103515625,1,"(-23.173246383666992, -46.34264373779297, 670.9848022460938)",1,"(0.3627585768699646, 0.5168631076812744)","(-74.8533706665039, 151.56643676757812, 48.32859802246094)",1,4.0630340576171875,1,"(38.745880126953125, -47.435855865478516, 670.3355102539062)",1
7568306879,7529680280,"(0.39749065041542053, 0.49614813923835754)","(-55.63607406616211, 157.62474060058594, 50.533695220947266)",1,4.0494384765625,1,"(-23.114282608032227, -46.342124938964844, 671.1463012695312)",1,"(0.3599623739719391, 0.5123235583305359)","(-76.40050506591797, 152.89407348632812, 48.81183624267578)",1,4.0426177978515625,1,"(38.835208892822266, -47.455753326416016, 670.4972534179688)",1
7568323523,7529696924,"(0.39484408497810364, 0.4995960295200348)","(-57.10041809082031, 156.61634826660156, 50.16665267944336)",1,4.0491943359375,1,"(-23.055896759033203, -46.34228515625, 671.1806030273438)",1,"(0.36203762888908386, 0.5108436346054077)","(-75.25225830078125, 153.32688903808594, 48.96937942504883)",1,4.046875,1,"(38.886226654052734, -47.47554397583008, 670.5199584960938)",1
7568340163,7529713564,"(0.398510217666626, 0.5010033249855042)","(-55.07196807861328, 156.20481872558594, 50.016876220703125)",1,4.047149658203125,1,"(-23.039337158203125, -46.34580612182617, 671.1570434570312)",1,"(0.3633595407009125, 0.5147050619125366)","(-74.52084350585938, 152.19757080078125, 48.55834197998047)",1,4.056427001953125,1,"(38.919437408447266, -47.490596771240234, 670.494384765625)",1
7568356794,7529730195,"(0.398001492023468, 0.4973091185092926)","(-55.35345458984375, 157.28521728515625, 50.410118103027344)",1,4.0466766357421875,1,"(-23.01584815979004, -46.3708610534668, 671.0846557617188)",1,"(0.36200791597366333, 0.5089653134346008)","(-75.26869201660156, 153.87625122070312, 49.169307708740234)",1,4.05267333984375,1,"(38.962242126464844, -47.527244567871094, 670.4127807617188)",1
7568373443,7529746844,"(0.3968330919742584, 0.4950313866138458)","(-55.99992370605469, 157.9513702392578, 50.652557373046875)",1,4.051544189453125,1,"(-22.989315032958984, -46.42341995239258, 670.9030151367188)",1,"(0.35932666063308716, 0.5098649263381958)","(-76.75226593017578, 153.61314392089844, 49.073570251464844)",1,4.057586669921875,1,"(38.988128662109375, -47.563941955566406, 670.2407836914062)",1
7568390033,7529763434,"(0.3983571231365204, 0.49474069476127625)","(-55.15668869018555, 158.036376953125, 50.683509826660156)",1,4.0656585693359375,1,"(-22.996232986450195, -46.47355651855469, 670.9808959960938)",1,"(0.35885709524154663, 0.5091712474822998)","(-77.01204681396484, 153.81600952148438, 49.14741516113281)",1,4.04925537109375,1,"(39.0086555480957, -47.59889221191406, 670.3131713867188)",1
7568406806,7529780207,"(0.3989347517490387, 0.497318834066391)","(-54.83705520629883, 157.28237915039062, 50.40904998779297)",1,4.08062744140625,1,"(-22.992450714111328, -46.53767776489258, 671.1797485351562)",1,"(0.3564022183418274, 0.5099745988845825)","(-78.37031555175781, 153.58103942871094, 49.06184387207031)",1,4.0504913330078125,1,"(39.0451774597168, -47.662960052490234, 670.512939453125)",1
7568423363,7529796764,"(0.40097248554229736, 0.49698254466056824)","(-53.70957946777344, 157.38070678710938, 50.444862365722656)",1,4.0851287841796875,1,"(-22.968297958374023, -46.570919036865234, 670.971435546875)",1,"(0.35743969678878784, 0.5120635032653809)","(-77.7962875366211, 152.97010803222656, 48.83955383300781)",1,4.074371337890625,1,"(39.047542572021484, -47.699462890625, 670.3087768554688)",1
7568439902,7529813303,"(0.3984359800815582, 0.4981147348880768)","(-55.11305236816406, 157.04962158203125, 50.324363708496094)",1,4.1013336181640625,1,"(-22.93401336669922, -46.58310317993164, 670.7371826171875)",1,"(0.360201358795166, 0.509963870048523)","(-76.26823425292969, 153.5841522216797, 49.063053131103516)",1,4.0745697021484375,1,"(39.053863525390625, -47.70948028564453, 670.0720825195312)",1
7568456626,7529830027,"(0.3951229155063629, 0.49523434042930603)","(-56.9461669921875, 157.89202880859375, 50.63095474243164)",1,4.096649169921875,1,"(-22.880640029907227, -46.60124206542969, 670.4660034179688)",1,"(0.3630657494068146, 0.507846474647522)","(-74.68338775634766, 154.20343017578125, 49.28839874267578)",1,4.0769500732421875,1,"(39.071502685546875, -47.73265075683594, 669.7919311523438)",1
7568473283,7529846684,"(0.3937591314315796, 0.4915519952774048)","(-57.70074462890625, 158.96896362304688, 51.022926330566406)",1,4.0994415283203125,1,"(-22.827268600463867, -46.622718811035156, 670.4735717773438)",1,"(0.3620237112045288, 0.505420982837677)","(-75.25997161865234, 154.91281127929688, 49.5466194152832)",1,4.077789306640625,1,"(39.130550384521484, -47.76011276245117, 669.7982177734375)",1
7568489868,7529863269,"(0.3950073719024658, 0.48875874280929565)","(-57.010074615478516, 159.78585815429688, 51.32026672363281)",1,4.10479736328125,1,"(-22.800386428833008, -46.62628173828125, 670.5350952148438)",1,"(0.36124053597450256, 0.5084277987480164)","(-75.69329071044922, 154.03341674804688, 49.2265625)",1,4.0915069580078125,1,"(39.17387008666992, -47.76994323730469, 669.8539428710938)",1
7568506540,7529879941,"(0.398343026638031, 0.4979064166545868)","(-55.16445541381836, 157.1105194091797, 50.34653854370117)",1,4.1277923583984375,1,"(-22.77104949951172, -46.60009002685547, 670.5977783203125)",1,"(0.35733428597450256, 0.5074869990348816)","(-77.8546371459961, 154.30857849121094, 49.32667922973633)",1,4.1063995361328125,1,"(39.23279571533203, -47.76773452758789, 669.916015625)",1
7568523203,7529896604,"(0.39770835638046265, 0.4960184693336487)","(-55.51564407348633, 157.6627197265625, 50.54746627807617)",1,4.1386871337890625,1,"(-22.749771118164062, -46.565345764160156, 670.7026977539062)",1,"(0.36010491847991943, 0.5034999251365662)","(-76.32162475585938, 155.47459411621094, 49.75114440917969)",1,4.1114044189453125,1,"(39.264320373535156, -47.757240295410156, 670.0136108398438)",1
7568539834,7529913235,"(0.3982830047607422, 0.49436715245246887)","(-55.19767379760742, 158.14564514160156, 50.723236083984375)",1,4.1486663818359375,1,"(-22.743206024169922, -46.53456497192383, 670.6741333007812)",1,"(0.35936543345451355, 0.5064614415168762)","(-76.73080444335938, 154.60848999023438, 49.43587875366211)",1,4.1236572265625,1,"(39.276885986328125, -47.73884201049805, 669.98779296875)",1
7568556456,7529929857,"(0.39926770329475403, 0.48830467462539673)","(-54.65286636352539, 159.9186553955078, 51.36864471435547)",1,4.1524505615234375,1,"(-22.70377540588379, -46.49795913696289, 670.5159912109375)",1,"(0.36417701840400696, 0.509118914604187)","(-74.06854248046875, 153.83126831054688, 49.152992248535156)",1,4.1270294189453125,1,"(39.30245590209961, -47.701881408691406, 669.8161010742188)",1
7568573123,7529946524,"(0.49221938848495483, 0.5160424113273621)","(-3.2226545810699463, 151.80641174316406, 48.41599655151367)",1,4.2033843994140625,1,"(-22.197336196899414, -46.54769515991211, 671.0917358398438)",1,"(0.4761750102043152, 0.5339054465293884)","(-12.100015640258789, 146.58218383789062, 46.514522552490234)",1,4.1809234619140625,1,"(39.77298355102539, -47.78189468383789, 670.3704223632812)",1
7568589704,7529963105,"(0.5924311876296997, 0.5262483954429626)","(52.224525451660156, 148.82156372070312, 47.3296012878418)",1,4.220367431640625,1,"(-21.70125389099121, -46.57717514038086, 671.1209106445312)",1,"(0.5743522047996521, 0.5623947381973267)","(42.2214241027832, 138.25015258789062, 43.48190689086914)",1,4.1877593994140625,1,"(40.19682693481445, -47.82711410522461, 670.3648071289062)",1
7568606468,7529979869,"(0.6853112578392029, 0.5600720047950745)","(103.61510467529297, 138.92945861816406, 43.72911071777344)",1,4.2228546142578125,1,"(-21.206743240356445, -46.48661422729492, 669.2950439453125)",1,"(0.6515475511550903, 0.5948688983917236)","(84.93360900878906, 128.75271606445312, 40.025123596191406)",1,4.15362548828125,1,"(40.474945068359375, -47.762596130371094, 668.4100952148438)",1
7568623043,7529996444,"(0.6911852955818176, 0.560925304889679)","(106.8652114868164, 138.67990112304688, 43.638282775878906)",1,4.2253570556640625,1,"(-21.25075340270996, -46.51837921142578, 669.3646240234375)",1,"(0.6519017815589905, 0.5954219698905945)","(85.12962341308594, 128.5909423828125, 39.96623992919922)",1,4.1596221923828125,1,"(40.471641540527344, -47.77519226074219, 668.4885864257812)",1
7568639574,7530012975,"(0.6912528276443481, 0.5608912706375122)","(106.90257263183594, 138.68984985351562, 43.64190673828125)",1,4.2036590576171875,1,"(-21.29555892944336, -46.546146392822266, 669.5807495117188)",1,"(0.6528202891349792, 0.59244704246521)","(85.63786315917969, 129.4610137939453, 40.282958984375)",1,4.158233642578125,1,"(40.47241973876953, -47.80679702758789, 668.781982421875)",1
7568656383,7530029784,"(0.6910536289215088, 0.5504453778266907)","(106.7923812866211, 141.74490356445312, 44.75386428833008)",1,4.195404052734375,1,"(-21.37178611755371, -46.56989669799805, 669.2705078125)",1,"(0.6527746319770813, 0.5932745337486267)","(85.6125717163086, 129.21897888183594, 40.194828033447266)",1,4.16973876953125,1,"(40.40943145751953, -47.81307601928711, 668.4620361328125)",1
7568672969,7530046370,"(0.6861423254013062, 0.5489809513092041)","(104.07494354248047, 142.17318725585938, 44.90972900390625)",1,4.203125,1,"(-21.409984588623047, -46.5770378112793, 668.8645629882812)",1,"(0.6550647616386414, 0.5913528800010681)","(86.87976837158203, 129.78097534179688, 40.39938735961914)",1,4.165618896484375,1,"(40.345035552978516, -47.8108024597168, 668.0787963867188)",1
7568689540,7530062941,"(0.6827183365821838, 0.5602966547012329)","(102.18042755126953, 138.86378479003906, 43.7052001953125)",1,4.2248992919921875,1,"(-21.423673629760742, -46.579933166503906, 668.7268676757812)",1,"(0.6559276580810547, 0.5912238359451294)","(87.35712432861328, 129.8187255859375, 40.41312789916992)",1,4.152130126953125,1,"(40.31092071533203, -47.81470489501953, 667.9452514648438)",1
7568706299,7530079700,"(0.6897562742233276, 0.5633934140205383)","(106.07451629638672, 137.95809936523438, 43.37557601928711)",1,4.2252655029296875,1,"(-21.49016571044922, -46.5838508605957, 668.5025634765625)",1,"(0.6560385227203369, 0.5936881303787231)","(87.41847229003906, 129.0980224609375, 40.150814056396484)",1,4.1599884033203125,1,"(40.26338577270508, -47.81904983520508, 667.7071533203125)",1
7568722889,7530096290,"(0.6974028944969177, 0.5623154044151306)","(110.30542755126953, 138.27334594726562, 43.4903450012207)",1,4.225555419921875,1,"(-21.567092895507812, -46.59334945678711, 668.3355712890625)",1,"(0.6491355299949646, 0.5943816900253296)","(83.59905242919922, 128.8951873779297, 40.077003479003906)",1,4.1776885986328125,1,"(40.23180389404297, -47.824710845947266, 667.5557861328125)",1
7568739408,7530112809,"(0.6939164400100708, 0.5462536811828613)","(108.3763427734375, 142.9707794189453, 45.20008850097656)",1,4.212554931640625,1,"(-21.566452026367188, -46.549930572509766, 668.3607177734375)",1,"(0.6545480489730835, 0.588815450668335)","(86.59380340576172, 130.5231170654297, 40.66949462890625)",1,4.17156982421875,1,"(40.21433639526367, -47.78047561645508, 667.5830078125)",1
7568756215,7530129616,"(0.7050474286079407, 0.44210436940193176)","(114.53514099121094, 173.43048095703125, 56.28648376464844)",1,4.22216796875,1,"(-21.48522186279297, -46.351783752441406, 668.537353515625)",1,"(0.6832082867622375, 0.4758125841617584)","(102.45154571533203, 163.5721435546875, 52.69830322265625)",1,4.1561431884765625,1,"(40.178062438964844, -47.544837951660156, 667.774169921875)",1
7568772809,7530146210,"(0.7089057564735413, 0.40039917826652527)","(116.66995239257812, 185.62767028808594, 60.7258415222168)",1,4.218231201171875,1,"(-21.50645637512207, -46.25584030151367, 668.7999267578125)",1,"(0.6841246485710144, 0.4463563859462738)","(102.95857238769531, 172.1869354248047, 55.83389663696289)",1,4.1641845703125,1,"(40.12831497192383, -47.44873809814453, 668.0158081054688)",1
7568789278,7530162679,"(0.7096856236457825, 0.3997471034526825)","(117.10145568847656, 185.81837463378906, 60.79526138305664)",1,4.220367431640625,1,"(-21.557754516601562, -46.257469177246094, 668.5503540039062)",1,"(0.6876596212387085, 0.44748610258102417)","(104.91443634033203, 171.85653686523438, 55.7136116027832)",1,4.160430908203125,1,"(40.08013153076172, -47.45052719116211, 667.7823486328125)",1
7568806129,7530179530,"(0.7072631120681763, 0.3918192684650421)","(115.76106262207031, 188.136962890625, 61.63921356201172)",1,4.2261199951171875,1,"(-21.623605728149414, -46.27799606323242, 668.2599487304688)",1,"(0.6863335967063904, 0.44212064146995544)","(104.18074798583984, 173.42575073242188, 56.28476333618164)",1,4.1614532470703125,1,"(40.02046203613281, -47.44553756713867, 667.4893188476562)",1
7568822723,7530196124,"(0.7081088423728943, 0.39630410075187683)","(116.22898864746094, 186.8253173828125, 61.16181564331055)",1,4.2218017578125,1,"(-21.703166961669922, -46.28707504272461, 668.2633666992188)",1,"(0.6832536458969116, 0.43932804465293884)","(102.47664642333984, 174.24244689941406, 56.582035064697266)",1,4.152313232421875,1,"(39.983131408691406, -47.449703216552734, 667.4971923828125)",1
7568839244,7530212645,"(0.712158203125, 0.3953726589679718)","(118.46954345703125, 187.09771728515625, 61.26096725463867)",1,4.2165069580078125,1,"(-21.7548885345459, -46.29574966430664, 668.2120361328125)",1,"(0.6824727654457092, 0.43975549936294556)","(102.0445785522461, 174.11744689941406, 56.53653335571289)",1,4.153564453125,1,"(39.964786529541016, -47.45039367675781, 667.4583129882812)",1
7568855948,7530229349,"(0.7127822637557983, 0.3939965069293976)","(118.81481170654297, 187.50018310546875, 61.407501220703125)",1,4.194305419921875,1,"(-21.796016693115234, -46.28281784057617, 667.99609375)",1,"(0.6835318803787231, 0.4364880621433258)","(102.63056182861328, 175.0730438232422, 56.88434982299805)",1,4.1402740478515625,1,"(39.91804885864258, -47.43414306640625, 667.2283935546875)",1
7568872643,7530246044,"(0.7109339833259583, 0.394442081451416)","(117.79215240478516, 187.3699188232422, 61.3599967956543)",1,4.1829071044921875,1,"(-21.801963806152344, -46.271305084228516, 667.6015625)",1,"(0.6821838617324829, 0.4400774836540222)","(101.8847427368164, 174.0232696533203, 56.50226974487305)",1,4.1470794677734375,1,"(39.87439727783203, -47.41887283325195, 666.853271484375)",1
7568889210,7530262611,"(0.708220362663269, 0.399892121553421)","(116.29071807861328, 185.7759552001953, 60.77986526489258)",1,4.1939849853515625,1,"(-21.796926498413086, -46.25637435913086, 667.3531494140625)",1,"(0.6826664805412292, 0.4372473955154419)","(102.1517105102539, 174.85096740722656, 56.803504943847656)",1,4.1424560546875,1,"(39.853302001953125, -47.41011047363281, 666.6063842773438)",1
7568905960,7530279361,"(0.7056277394294739, 0.40052658319473267)","(114.856201171875, 185.5904083251953, 60.712345123291016)",1,4.176361083984375,1,"(-21.78585433959961, -46.2341194152832, 667.0088500976562)",1,"(0.6813909411430359, 0.4373769462108612)","(101.44599914550781, 174.8130645751953, 56.78972625732422)",1,4.143463134765625,1,"(39.83390808105469, -47.3946418762207, 666.24169921875)",1
7568922563,7530295964,"(0.7056801319122314, 0.399212509393692)","(114.88520812988281, 185.9747314453125, 60.852230072021484)",1,4.151275634765625,1,"(-21.77452278137207, -46.21311569213867, 666.6824340820312)",1,"(0.6807008385658264, 0.43626317381858826)","(101.06414794921875, 175.13882446289062, 56.908287048339844)",1,4.13446044921875,1,"(39.824886322021484, -47.383304595947266, 665.9271850585938)",1
7568939079,7530312480,"(0.7062785029411316, 0.39867931604385376)","(115.21626281738281, 186.1306610107422, 60.909000396728516)",1,4.1362762451171875,1,"(-21.76797866821289, -46.19613265991211, 666.4747314453125)",1,"(0.6821271777153015, 0.43448394536972046)","(101.85334014892578, 175.6591796875, 57.09770965576172)",1,4.13079833984375,1,"(39.822086334228516, -47.36669158935547, 665.7237548828125)",1
7568955876,7530329277,"(0.708135724067688, 0.3959425091743469)","(116.24385070800781, 186.9310760498047, 61.20033264160156)",1,4.1251678466796875,1,"(-21.752620697021484, -46.17458724975586, 666.21337890625)",1,"(0.6782551407814026, 0.4421059191226959)","(99.7109375, 173.4300537109375, 56.28633499145508)",1,4.1354522705078125,1,"(39.827354431152344, -47.344520568847656, 665.4453735351562)",1
7568972483,7530345884,"(0.7101643085479736, 0.39899373054504395)","(117.36627960205078, 186.03871154785156, 60.8754768371582)",1,4.1051788330078125,1,"(-21.729690551757812, -46.158973693847656, 666.0254516601562)",1,"(0.6763779520988464, 0.4434777796268463)","(98.6723403930664, 173.02880859375, 56.14031219482422)",1,4.1348419189453125,1,"(39.84528350830078, -47.3311882019043, 665.2666015625)",1
7568989045,7530362446,"(0.7100753784179688, 0.4014214873313904)","(117.31710815429688, 185.3286895751953, 60.61705017089844)",1,4.1012115478515625,1,"(-21.716163635253906, -46.153079986572266, 665.963623046875)",1,"(0.6773098111152649, 0.4421740174293518)","(99.18785858154297, 173.41012573242188, 56.27907180786133)",1,4.13177490234375,1,"(39.85343933105469, -47.32917785644531, 665.1978149414062)",1
7569005792,7530379193,"(0.7088161110877991, 0.40411362051963806)","(116.62039947509766, 184.54135131835938, 60.330448150634766)",1,4.0966033935546875,1,"(-21.684785842895508, -46.162960052490234, 666.0090942382812)",1,"(0.6779654026031494, 0.4427153170108795)","(99.55062866210938, 173.2518310546875, 56.2214469909668)",1,4.137054443359375,1,"(39.88881301879883, -47.343360900878906, 665.2481079101562)",1
7569022403,7530395805,"(0.7058747410774231, 0.40397292375564575)","(114.9928970336914, 184.5824737548828, 60.345481872558594)",1,4.08795166015625,1,"(-21.64937973022461, -46.20307159423828, 666.3168334960938)",1,"(0.6802258491516113, 0.43892496824264526)","(100.80138397216797, 174.36033630371094, 56.62492752075195)",1,4.1413726806640625,1,"(39.93011474609375, -47.39216995239258, 665.5393676757812)",1
7569038915,7530412317,"(0.7036436200141907, 0.40837496519088745)","(113.7584228515625, 183.29505920410156, 59.876888275146484)",1,4.0959014892578125,1,"(-21.619569778442383, -46.245933532714844, 666.5079345703125)",1,"(0.682598888874054, 0.4399030804634094)","(102.11437225341797, 174.07427978515625, 56.520782470703125)",1,4.140625,1,"(39.96615982055664, -47.42124938964844, 665.7315673828125)",1
7569055706,7530429108,"(0.7150341868400574, 0.4785667359828949)","(120.06076049804688, 162.7666778564453, 52.405120849609375)",1,4.11090087890625,1,"(-21.539716720581055, -46.430267333984375, 666.6561889648438)",1,"(0.6846993565559387, 0.5154403448104858)","(103.27655792236328, 151.9824981689453, 48.480010986328125)",1,4.1506195068359375,1,"(39.9878044128418, -47.59203338623047, 665.8821411132812)",1
7569072319,7530445721,"(0.7212370038032532, 0.6050309538841248)","(123.49285888671875, 125.78069305419922, 38.94342803955078)",1,4.110992431640625,1,"(-21.401357650756836, -46.69270706176758, 666.7879638671875)",1,"(0.684354305267334, 0.6332901120185852)","(103.08566284179688, 117.51596069335938, 35.935245513916016)",1,4.1514739990234375,1,"(40.04244613647461, -47.836891174316406, 666.009033203125)",1
7569088881,7530462283,"(0.7232558727264404, 0.6234436631202698)","(124.60983276367188, 120.39566040039062, 36.98341751098633)",1,4.1088104248046875,1,"(-21.368093490600586, -46.74407958984375, 667.030029296875)",1,"(0.68660968542099, 0.6539276838302612)","(104.3335189819336, 111.48026275634766, 33.73844528198242)",1,4.156768798828125,1,"(40.13978576660156, -47.9125862121582, 666.2335205078125)",1
7569105718,7530479120,"(0.7276833653450012, 0.6256201267242432)","(127.05960845947266, 119.75917053222656, 36.75168228149414)",1,4.105987548828125,1,"(-21.32213592529297, -46.7209587097168, 667.1550903320312)",1,"(0.6848846673965454, 0.6542046070098877)","(103.37905883789062, 111.39926147460938, 33.70899200439453)",1,4.1541595458984375,1,"(40.30939865112305, -47.92634201049805, 666.3494873046875)",1
7569122243,7530495645,"(0.7179234623908997, 0.6253743171691895)","(121.65943908691406, 119.83104705810547, 36.77786636352539)",1,4.1095123291015625,1,"(-21.1717529296875, -46.69632339477539, 666.9623413085938)",1,"(0.6860378980636597, 0.6566861867904663)","(104.01715087890625, 110.67350769042969, 33.444786071777344)",1,4.1562347412109375,1,"(40.424312591552734, -47.924644470214844, 666.1522827148438)",1
7569138751,7530512153,"(0.7208801507949829, 0.6309917569160461)","(123.29537200927734, 118.18816375732422, 36.17988586425781)",1,4.1157989501953125,1,"(-21.11458396911621, -46.6837272644043, 666.8704833984375)",1,"(0.6817423701286316, 0.6569926738739014)","(101.6404800415039, 110.58389282226562, 33.41217803955078)",1,4.1529541015625,1,"(40.51376724243164, -47.92927169799805, 666.051513671875)",1
7569155634,7530529036,"(0.7264619469642639, 0.6308339834213257)","(126.38381958007812, 118.23428344726562, 36.19668960571289)",1,4.1205902099609375,1,"(-21.040557861328125, -46.66741180419922, 666.538818359375)",1,"(0.6872631311416626, 0.6600512266159058)","(104.69508361816406, 109.68936920166016, 33.08663558959961)",1,4.174468994140625,1,"(40.58383560180664, -47.9289436340332, 665.6917114257812)",1
7569172169,7530545571,"(0.7184125781059265, 0.6309835314750671)","(121.93004608154297, 118.19053649902344, 36.1807746887207)",1,4.126678466796875,1,"(-20.925296783447266, -46.651390075683594, 666.11865234375)",1,"(0.6860902905464172, 0.6606453061103821)","(104.04612731933594, 109.5156021118164, 33.02335739135742)",1,4.1797332763671875,1,"(40.645992279052734, -47.92206954956055, 665.2908935546875)",1
7569188717,7530562119,"(0.7165341973304749, 0.6303092837333679)","(120.89075469970703, 118.38776397705078, 36.252559661865234)",1,4.1259002685546875,1,"(-20.89752769470215, -46.664310455322266, 666.1107177734375)",1,"(0.6813268661499023, 0.6589315533638)","(101.4105453491211, 110.01681518554688, 33.20579147338867)",1,4.1934356689453125,1,"(40.6964111328125, -47.94747543334961, 665.2724609375)",1
7569205453,7530578855,"(0.7203286290168762, 0.63446044921875)","(122.99024200439453, 117.17369079589844, 35.810707092285156)",1,4.138336181640625,1,"(-20.870216369628906, -46.668067932128906, 665.9337158203125)",1,"(0.680275559425354, 0.6618496775627136)","(100.82884979248047, 109.16337585449219, 32.89517593383789)",1,4.21435546875,1,"(40.72400665283203, -47.96044921875, 665.0800170898438)",1
7569222083,7530595485,"(0.7194104790687561, 0.6317030787467957)","(122.48220825195312, 117.9801025390625, 36.10426330566406)",1,4.1621551513671875,1,"(-20.834253311157227, -46.682518005371094, 665.6878051757812)",1,"(0.6835827827453613, 0.6563706398010254)","(102.65873718261719, 110.76579284667969, 33.47843933105469)",1,4.2211761474609375,1,"(40.74100875854492, -47.971500396728516, 664.84912109375)",1
7569238683,7530612085,"(0.7242200970649719, 0.6319023966789246)","(125.14338684082031, 117.92180633544922, 36.08303451538086)",1,4.173126220703125,1,"(-20.802785873413086, -46.697303771972656, 665.6898193359375)",1,"(0.6845178604125977, 0.6541058421134949)","(103.17616271972656, 111.42815399169922, 33.719520568847656)",1,4.230224609375,1,"(40.77720642089844, -47.990943908691406, 664.8528442382812)",1
7569255465,7530628867,"(0.7388555407524109, 0.6309949159622192)","(133.2412109375, 118.18722534179688, 36.179561614990234)",1,4.1877288818359375,1,"(-20.72175407409668, -46.74387741088867, 665.7937622070312)",1,"(0.6951101422309875, 0.662002682685852)","(109.03680419921875, 109.1186752319336, 32.878883361816406)",1,4.24395751953125,1,"(40.87423324584961, -48.030181884765625, 664.9584350585938)",1
7569272003,7530645405,"(0.736886203289032, 0.6264537572860718)","(132.1515350341797, 119.51533508300781, 36.66295623779297)",1,4.2060699462890625,1,"(-20.69953727722168, -46.79037857055664, 666.1859130859375)",1,"(0.6925953030586243, 0.6630610823631287)","(107.64533233642578, 108.8091049194336, 32.766231536865234)",1,4.25762939453125,1,"(40.94133758544922, -48.06983947753906, 665.3245849609375)",1
7569288551,7530661953,"(0.738057553768158, 0.6259246468544006)","(132.7996368408203, 119.67008972167969, 36.71928787231445)",1,4.2135162353515625,1,"(-20.68389892578125, -46.80300521850586, 666.2161865234375)",1,"(0.6974394917488098, 0.6576061248779297)","(110.32564544677734, 110.40446472167969, 33.34687423706055)",1,4.260589599609375,1,"(40.95984649658203, -48.07981872558594, 665.3644409179688)",1
7569305283,7530678685,"(0.7379884719848633, 0.6248155832290649)","(132.76141357421875, 119.99443817138672, 36.837371826171875)",1,4.225433349609375,1,"(-20.66611671447754, -46.801673889160156, 666.2055053710938)",1,"(0.6977575421333313, 0.6601037979125977)","(110.50164031982422, 109.67401885986328, 33.08097457885742)",1,4.2849884033203125,1,"(40.981441497802734, -48.06633758544922, 665.3521118164062)",1
7569321929,7530695331,"(0.7365720868110657, 0.6337707042694092)","(131.97772216796875, 117.37540435791016, 35.884132385253906)",1,4.2316741943359375,1,"(-20.641855239868164, -46.75199508666992, 666.1884155273438)",1,"(0.6979870200157166, 0.663097620010376)","(110.62859344482422, 108.79841613769531, 32.76232147216797)",1,4.295318603515625,1,"(40.9921875, -48.032470703125, 665.333740234375)",1
7569338421,7530711823,"(0.7384644150733948, 0.6355782151222229)","(133.0247802734375, 116.84676361083984, 35.69171905517578)",1,4.2404937744140625,1,"(-20.63187026977539, -46.730472564697266, 666.2025146484375)",1,"(0.6988552212715149, 0.6619507074356079)","(111.1090087890625, 109.13385009765625, 32.88440704345703)",1,4.3092803955078125,1,"(41.001346588134766, -48.01788330078125, 665.34619140625)",1
7569355295,7530728697,"(0.7402545809745789, 0.6403995156288147)","(134.01524353027344, 115.43675994873047, 35.1784782409668)",1,4.245574951171875,1,"(-20.616392135620117, -46.68008804321289, 666.1878051757812)",1,"(0.6998333930969238, 0.663973331451416)","(111.65021514892578, 108.54231262207031, 32.66909408569336)",1,4.325927734375,1,"(41.029144287109375, -47.978668212890625, 665.3281860351562)",1
7569371843,7530745245,"(0.7388848662376404, 0.6347830891609192)","(133.25738525390625, 117.07931518554688, 35.7763557434082)",1,4.2494964599609375,1,"(-20.580717086791992, -46.657020568847656, 666.2693481445312)",1,"(0.696535050868988, 0.6688193082809448)","(109.8251953125, 107.12505340576172, 32.15330123901367)",1,4.3346405029296875,1,"(41.07817077636719, -47.94434356689453, 665.4077758789062)",1
7569388387,7530761789,"(0.733483612537384, 0.6375706195831299)","(130.26889038085938, 116.26407623291016, 35.479618072509766)",1,4.2570648193359375,1,"(-20.53140640258789, -46.64167404174805, 666.3671875)",1,"(0.6941584944725037, 0.6703780889511108)","(108.51026916503906, 106.66913604736328, 31.987380981445312)",1,4.337860107421875,1,"(41.12398910522461, -47.938541412353516, 665.5053100585938)",1
7569405211,7530778613,"(0.727586030960083, 0.6372485756874084)","(127.00575256347656, 116.35832214355469, 35.51386642456055)",1,4.2605743408203125,1,"(-20.450054168701172, -46.634178161621094, 666.3515625)",1,"(0.6947344541549683, 0.6670186519622803)","(108.8289566040039, 107.65165710449219, 32.34495162963867)",1,4.35003662109375,1,"(41.189998626708984, -47.9338264465332, 665.4777221679688)",1
7569421763,7530795165,"(0.7363817691802979, 0.6319660544395447)","(131.87240600585938, 117.90321350097656, 36.07624816894531)",1,4.24932861328125,1,"(-20.417999267578125, -46.6207389831543, 666.210693359375)",1,"(0.6961132884025574, 0.6709363460540771)","(109.59185791015625, 106.50587463378906, 31.92793083190918)",1,4.3625335693359375,1,"(41.23055648803711, -47.91844940185547, 665.3300170898438)",1
7569438257,7530811659,"(0.7379313111305237, 0.6340499520301819)","(132.7298126220703, 117.29370880126953, 35.85441207885742)",1,4.248291015625,1,"(-20.375934600830078, -46.606056213378906, 666.088623046875)",1,"(0.6948025226593018, 0.6711263060569763)","(108.86664581298828, 106.45032501220703, 31.90769386291504)",1,4.363525390625,1,"(41.264896392822266, -47.9159049987793, 665.2094116210938)",1
7569455126,7530828528,"(0.7295426726341248, 0.6382692456245422)","(128.08837890625, 116.05977630615234, 35.405235290527344)",1,4.254150390625,1,"(-20.288009643554688, -46.607826232910156, 666.154541015625)",1,"(0.6933063268661499, 0.6684295535087585)","(108.0387954711914, 107.239013671875, 32.19474411010742)",1,4.368408203125,1,"(41.347415924072266, -47.94291305541992, 665.2755126953125)",1
7569471683,7530845085,"(0.72773677110672, 0.6357472538948059)","(127.08916473388672, 116.79735565185547, 35.67375946044922)",1,4.2490081787109375,1,"(-20.227893829345703, -46.62364196777344, 666.241943359375)",1,"(0.6919318437576294, 0.6689445972442627)","(107.27827453613281, 107.08840942382812, 32.13995361328125)",1,4.377105712890625,1,"(41.410865783691406, -47.976741790771484, 665.3455810546875)",1
7569488222,7530861624,"(0.7332488894462585, 0.6322667002677917)","(130.13902282714844, 117.81526947021484, 36.04424285888672)",1,4.2531890869140625,1,"(-20.208358764648438, -46.624271392822266, 666.0718383789062)",1,"(0.695449948310852, 0.6660584807395935)","(109.224853515625, 107.93243408203125, 32.447181701660156)",1,4.38116455078125,1,"(41.42540740966797, -47.989906311035156, 665.1765747070312)",1
7569505042,7530878444,"(0.7359934449195862, 0.6357386112213135)","(131.65753173828125, 116.79988098144531, 35.67464065551758)",1,4.25830078125,1,"(-20.168703079223633, -46.619564056396484, 665.9447021484375)",1,"(0.6978376507759094, 0.6632364988327026)","(110.54592895507812, 108.75782012939453, 32.74753189086914)",1,4.3860321044921875,1,"(41.46159744262695, -48.01530456542969, 665.043701171875)",1
7569521603,7530895005,"(0.7198774218559265, 0.6279533505439758)","(122.7406005859375, 119.07676696777344, 36.50334167480469)",1,4.2658538818359375,1,"(-20.200326919555664, -46.619441986083984, 666.092529296875)",1,"(0.6859973073005676, 0.6571571230888367)","(103.99469757080078, 110.53578186035156, 33.39466094970703)",1,4.3930206298828125,1,"(41.4376335144043, -48.00745391845703, 665.1932373046875)",1
7569538188,7530911590,"(0.6426060199737549, 0.5900444984436035)","(79.98631286621094, 130.16368103027344, 40.538658142089844)",1,4.263671875,1,"(-20.4804744720459, -46.58323669433594, 666.5394897460938)",1,"(0.6288931369781494, 0.6320814490318298)","(72.3989486694336, 117.86943817138672, 36.063907623291016)",1,4.4220733642578125,1,"(41.19858932495117, -47.956478118896484, 665.5838012695312)",1
7569554958,7530928360,"(0.5290843844413757, 0.5426570177078247)","(17.174720764160156, 144.022705078125, 45.58293533325195)",1,4.264404296875,1,"(-21.03246307373047, -46.499996185302734, 667.326416015625)",1,"(0.4994661808013916, 0.5669074058532715)","(0.7869943976402283, 136.9303436279297, 43.00153350830078)",1,4.43634033203125,1,"(40.62075424194336, -47.827659606933594, 666.471435546875)",1
7569571523,7530944925,"(0.5140168070793152, 0.5373129844665527)","(8.837864875793457, 145.58563232421875, 46.151756286621094)",1,4.25372314453125,1,"(-21.095977783203125, -46.41402053833008, 666.5997314453125)",1,"(0.4793478846549988, 0.5606577396392822)","(-10.344472885131836, 138.75816345214844, 43.666805267333984)",1,4.4371185302734375,1,"(40.460601806640625, -47.71701431274414, 665.8584594726562)",1
7569588058,7530961460,"(0.5114042162895203, 0.5338977575302124)","(7.3923163414001465, 146.58444213867188, 46.51530456542969)",1,4.242279052734375,1,"(-21.11713981628418, -46.4512939453125, 667.1394653320312)",1,"(0.4764229655265808, 0.5634094476699829)","(-11.962818145751953, 137.95338439941406, 43.3739128112793)",1,4.423065185546875,1,"(40.512542724609375, -47.749916076660156, 666.3444213867188)",1
7569604776,7530978178,"(0.5115499496459961, 0.5359480381011963)","(7.472960948944092, 145.98483276367188, 46.29706573486328)",1,4.2460784912109375,1,"(-21.14529800415039, -46.4620246887207, 667.1639404296875)",1,"(0.4750078618526459, 0.5640288591384888)","(-12.745821952819824, 137.77227783203125, 43.30794906616211)",1,4.418701171875,1,"(40.52592849731445, -47.75027847290039, 666.3513793945312)",1
7569621439,7530994841,"(0.5134018063545227, 0.5436376333236694)","(8.497562408447266, 143.73590087890625, 45.47856140136719)",1,4.24737548828125,1,"(-21.1685791015625, -46.458370208740234, 666.9427490234375)",1,"(0.47423800826072693, 0.5640653371810913)","(-13.171764373779297, 137.76158142089844, 43.304054260253906)",1,4.413909912109375,1,"(40.512454986572266, -47.73957061767578, 666.1432495117188)",1
7569638024,7531011426,"(0.513210654258728, 0.5407377481460571)","(8.391847610473633, 144.583984375, 45.78724670410156)",1,4.258209228515625,1,"(-21.189476013183594, -46.470848083496094, 666.9425048828125)",1,"(0.47427722811698914, 0.5647152066230774)","(-13.150065422058105, 137.57150268554688, 43.2348747253418)",1,4.4209136962890625,1,"(40.51064682006836, -47.742958068847656, 666.14306640625)",1
7569654691,7531028093,"(0.5162226557731628, 0.5436143279075623)","(10.058327674865723, 143.7427215576172, 45.48101806640625)",1,4.266815185546875,1,"(-21.209300994873047, -46.4896125793457, 667.0946655273438)",1,"(0.47338318824768066, 0.5633038878440857)","(-13.644742965698242, 137.9842529296875, 43.3851318359375)",1,4.437042236328125,1,"(40.52931594848633, -47.767852783203125, 666.302001953125)",1
7569671359,7531044761,"(0.5149892568588257, 0.5423534512519836)","(9.375892639160156, 144.11143493652344, 45.61529541015625)",1,4.2659759521484375,1,"(-21.210168838500977, -46.52422332763672, 667.24755859375)",1,"(0.4729733467102051, 0.5639629364013672)","(-13.871511459350586, 137.79151916503906, 43.314964294433594)",1,4.4354705810546875,1,"(40.55487060546875, -47.79881286621094, 666.44287109375)",1
7569687894,7531061296,"(0.5142137408256531, 0.5421389937400818)","(8.946808815002441, 144.1741943359375, 45.63810729980469)",1,4.263580322265625,1,"(-21.20735740661621, -46.54275131225586, 667.316162109375)",1,"(0.47148558497428894, 0.5710732936859131)","(-14.694686889648438, 135.71200561523438, 42.558067321777344)",1,4.4447784423828125,1,"(40.57491683959961, -47.81950759887695, 666.5081176757812)",1
7569704607,7531078009,"(0.5157791972160339, 0.5452849268913269)","(9.812978744506836, 143.25411987304688, 45.30318832397461)",1,4.28094482421875,1,"(-21.189538955688477, -46.5621223449707, 667.304931640625)",1,"(0.47324252128601074, 0.5744313597679138)","(-13.72258186340332, 134.7299346923828, 42.20060348510742)",1,4.44732666015625,1,"(40.595218658447266, -47.83230972290039, 666.4923095703125)",1
7569721279,7531094681,"(0.5156056880950928, 0.5480332374572754)","(9.716997146606445, 142.4503631591797, 45.010616302490234)",1,4.2874298095703125,1,"(-21.17319679260254, -46.56484603881836, 667.3067016601562)",1,"(0.4746434986591339, 0.5699855089187622)","(-12.94741439819336, 136.0301513671875, 42.67392349243164)",1,4.4515533447265625,1,"(40.60990524291992, -47.8461799621582, 666.4900512695312)",1
7569737860,7531111262,"(0.5155599117279053, 0.5472570657730103)","(9.691655158996582, 142.67735290527344, 45.093265533447266)",1,4.2880706787109375,1,"(-21.162696838378906, -46.55751037597656, 667.2969360351562)",1,"(0.4743119776248932, 0.5717206001281738)","(-13.130831718444824, 135.52268981933594, 42.48918914794922)",1,4.461517333984375,1,"(40.61512756347656, -47.84579849243164, 666.475830078125)",1
7569754523,7531127925,"(0.5154998302459717, 0.5469973087310791)","(9.658421516418457, 142.75331115722656, 45.120880126953125)",1,4.29681396484375,1,"(-21.149600982666016, -46.5311164855957, 667.160888671875)",1,"(0.4770054519176483, 0.5714584589004517)","(-11.640551567077637, 135.599365234375, 42.51710510253906)",1,4.4628448486328125,1,"(40.61411666870117, -47.828102111816406, 666.3347778320312)",1
7569771199,7531144601,"(0.514643669128418, 0.5523850917816162)","(9.184688568115234, 141.17759704589844, 44.54738998413086)",1,4.3150787353515625,1,"(-21.14954948425293, -46.530086517333984, 667.156005859375)",1,"(0.47851696610450745, 0.5689712166786194)","(-10.804221153259277, 136.3267822265625, 42.781864166259766)",1,4.458740234375,1,"(40.618385314941406, -47.83599090576172, 666.3343505859375)",1
7569787728,7531161130,"(0.5171830058097839, 0.5540717244148254)","(10.589714050292969, 140.68434143066406, 44.367862701416016)",1,4.3263702392578125,1,"(-21.1578426361084, -46.542484283447266, 667.2018432617188)",1,"(0.48005184531211853, 0.5675991773605347)","(-9.954977989196777, 136.7280731201172, 42.92789840698242)",1,4.455657958984375,1,"(40.624332427978516, -47.853275299072266, 666.3795166015625)",1
7569804437,7531177839,"(0.518303632736206, 0.554789125919342)","(11.20974063873291, 140.4745330810547, 44.29146194458008)",1,4.328857421875,1,"(-21.16546058654785, -46.56138229370117, 667.1737060546875)",1,"(0.4771513342857361, 0.564916729927063)","(-11.55982494354248, 137.5125732421875, 43.21342849731445)",1,4.4544830322265625,1,"(40.623252868652344, -47.8700065612793, 666.349853515625)",1
7569821119,7531194521,"(0.5173639059066772, 0.5545077919960022)","(10.689769744873047, 140.55679321289062, 44.321468353271484)",1,4.3287506103515625,1,"(-21.22162437438965, -46.54307174682617, 667.0844116210938)",1,"(0.4730090796947479, 0.5678030848503113)","(-13.851730346679688, 136.66844177246094, 42.90614700317383)",1,4.4640045166015625,1,"(40.584068298339844, -47.84892654418945, 666.2708129882812)",1
7569837694,7531211096,"(0.4774237871170044, 0.5245219469070435)","(-11.40908432006836, 149.32650756835938, 47.51335906982422)",1,4.32940673828125,1,"(-21.371849060058594, -46.523494720458984, 667.4107666015625)",1,"(0.44354763627052307, 0.543330729007721)","(-30.152751922607422, 143.82566833496094, 45.51118087768555)",1,4.4659881591796875,1,"(40.4479866027832, -47.82041549682617, 666.5814819335938)",1
7569854353,7531227755,"(0.41167017817497253, 0.48668214678764343)","(-47.790557861328125, 160.39317321777344, 51.54129409790039)",1,4.3217926025390625,1,"(-21.660951614379883, -46.45341491699219, 667.6004638671875)",1,"(0.3777933418750763, 0.4975357949733734)","(-66.53462982177734, 157.21890258789062, 50.38596725463867)",1,4.4691009521484375,1,"(40.09072494506836, -47.748260498046875, 666.7979125976562)",1
7569871039,7531244441,"(0.41046231985092163, 0.4882192611694336)","(-48.458866119384766, 159.94363403320312, 51.377689361572266)",1,4.3220672607421875,1,"(-21.720529556274414, -46.40996551513672, 667.1405029296875)",1,"(0.36853525042533875, 0.49463561177253723)","(-71.65711975097656, 158.06712341308594, 50.69469451904297)",1,4.461883544921875,1,"(40.02183151245117, -47.71138000488281, 666.41015625)",1
7569887660,7531261062,"(0.41005098819732666, 0.48370471596717834)","(-48.68644332885742, 161.2639617919922, 51.8582763671875)",1,4.3206634521484375,1,"(-21.75246238708496, -46.4460334777832, 667.4590454101562)",1,"(0.37032437324523926, 0.4912790060043335)","(-70.66719055175781, 159.04876708984375, 51.0520133972168)",1,4.4429779052734375,1,"(40.04045104980469, -47.74122619628906, 666.6996459960938)",1
7569904365,7531277767,"(0.4080234467983246, 0.485916405916214)","(-49.80829620361328, 160.61715698242188, 51.622825622558594)",1,4.3116607666015625,1,"(-21.771045684814453, -46.44601821899414, 667.2368774414062)",1,"(0.37243303656578064, 0.499671071767807)","(-69.5004653930664, 156.59442138671875, 50.15864944458008)",1,4.442352294921875,1,"(40.010807037353516, -47.735328674316406, 666.47314453125)",1
7569920959,7531294361,"(0.40519875288009644, 0.4868583083152771)","(-51.37120819091797, 160.3416748046875, 51.52252960205078)",1,4.300140380859375,1,"(-21.805212020874023, -46.462554931640625, 667.0761108398438)",1,"(0.3731604516506195, 0.5016465783119202)","(-69.09799194335938, 156.0166778564453, 49.94841384887695)",1,4.426727294921875,1,"(39.9741096496582, -47.738834381103516, 666.3226928710938)",1
7569937530,7531310932,"(0.4056346118450165, 0.48982834815979004)","(-51.13003921508789, 159.47305297851562, 51.206390380859375)",1,4.294769287109375,1,"(-21.838438034057617, -46.47625732421875, 666.9754028320312)",1,"(0.3693735599517822, 0.4997725486755371)","(-71.1932601928711, 156.56472778320312, 50.147911071777344)",1,4.4119415283203125,1,"(39.95619583129883, -47.742759704589844, 666.2237548828125)",1
7569954280,7531327682,"(0.40787363052368164, 0.4913705587387085)","(-49.891204833984375, 159.02203369140625, 51.042236328125)",1,4.29132080078125,1,"(-21.90176773071289, -46.4994010925293, 666.859130859375)",1,"(0.3668314814567566, 0.49925553798675537)","(-72.59980773925781, 156.71595764160156, 50.202877044677734)",1,4.3959503173828125,1,"(39.91970443725586, -47.74936294555664, 666.1082153320312)",1
7569970879,7531344281,"(0.4106868803501129, 0.495478093624115)","(-48.33462905883789, 157.8207244873047, 50.60502243041992)",1,4.297454833984375,1,"(-21.952760696411133, -46.5383415222168, 666.8035278320312)",1,"(0.36623552441596985, 0.5024754405021667)","(-72.9295883178711, 155.77427673339844, 49.86013412475586)",1,4.38616943359375,1,"(39.87814712524414, -47.763099670410156, 666.06201171875)",1
7569987496,7531360898,"(0.41187459230422974, 0.495676726102829)","(-47.67746353149414, 157.7626190185547, 50.58389663696289)",1,4.29296875,1,"(-21.978734970092773, -46.56325149536133, 666.836669921875)",1,"(0.36927327513694763, 0.5064639449119568)","(-71.24879455566406, 154.6077880859375, 49.43555450439453)",1,4.38311767578125,1,"(39.852294921875, -47.775691986083984, 666.0956420898438)",1
7570004196,7531377598,"(0.4078100621700287, 0.4857558012008667)","(-49.92634582519531, 160.6641082763672, 51.63994216918945)",1,4.29425048828125,1,"(-21.99938201904297, -46.606170654296875, 666.96826171875)",1,"(0.3712167739868164, 0.5038532614707947)","(-70.17344665527344, 155.37130737304688, 49.71345901489258)",1,4.376007080078125,1,"(39.82947540283203, -47.800777435302734, 666.2322998046875)",1
7570020799,7531394201,"(0.4072823226451874, 0.4849451780319214)","(-50.2183723449707, 160.9011993408203, 51.7261962890625)",1,4.29669189453125,1,"(-22.01509666442871, -46.61774444580078, 666.9772338867188)",1,"(0.3700261414051056, 0.5077143311500549)","(-70.83222961425781, 154.24209594726562, 49.30248260498047)",1,4.3763427734375,1,"(39.81649398803711, -47.801719665527344, 666.2386474609375)",1
7570037365,7531410767,"(0.4048919677734375, 0.48788776993751526)","(-51.54094314575195, 160.04058837890625, 51.412960052490234)",1,4.29595947265625,1,"(-22.015783309936523, -46.61544418334961, 666.928955078125)",1,"(0.37036553025245667, 0.5074313282966614)","(-70.64441680908203, 154.3248291015625, 49.33262252807617)",1,4.3699188232421875,1,"(39.80521011352539, -47.79723358154297, 666.1906127929688)",1
7570054112,7531427514,"(0.4072253406047821, 0.48731133341789246)","(-50.2498779296875, 160.20916748046875, 51.47437286376953)",1,4.296234130859375,1,"(-22.01651382446289, -46.60785675048828, 666.8116455078125)",1,"(0.37048640847206116, 0.5094616413116455)","(-70.57755279541016, 153.73106384277344, 49.11653518676758)",1,4.3726654052734375,1,"(39.79779815673828, -47.78752517700195, 666.0680541992188)",1
7570070719,7531444121,"(0.40684252977371216, 0.4918568730354309)","(-50.46170425415039, 158.87979125976562, 50.9904670715332)",1,4.2999267578125,1,"(-22.00421142578125, -46.59539794921875, 666.7008666992188)",1,"(0.37245893478393555, 0.5034090876579285)","(-69.48616027832031, 155.50120544433594, 49.76079559326172)",1,4.3564605712890625,1,"(39.794837951660156, -47.7750358581543, 665.9598999023438)",1
7570087331,7531460733,"(0.40779945254325867, 0.48956072330474854)","(-49.932220458984375, 159.55133056640625, 51.234886169433594)",1,4.302581787109375,1,"(-22.00011444091797, -46.58979415893555, 666.6410522460938)",1,"(0.3702804744243622, 0.5034173727035522)","(-70.6915054321289, 155.498779296875, 49.7598991394043)",1,4.3681640625,1,"(39.80208206176758, -47.77471160888672, 665.8988037109375)",1
7570104026,7531477428,"(0.40679532289505005, 0.48968741297721863)","(-50.48781967163086, 159.5142822265625, 51.22141647338867)",1,4.304351806640625,1,"(-21.987628936767578, -46.58543395996094, 666.5397338867188)",1,"(0.36982831358909607, 0.5058908462524414)","(-70.94166564941406, 154.775390625, 49.496604919433594)",1,4.36810302734375,1,"(39.808982849121094, -47.77076721191406, 665.7909545898438)",1
7570120639,7531494041,"(0.34089919924736023, 0.4677512049674988)","(-86.94817352294922, 165.9297637939453, 53.55647659301758)",1,4.3097076416015625,1,"(-22.152416229248047, -46.51145935058594, 666.0787353515625)",1,"(0.31792300939559937, 0.4840978980064392)","(-99.6609115600586, 161.1490020751953, 51.816429138183594)",1,4.3844757080078125,1,"(39.56272888183594, -47.70836639404297, 665.351318359375)",1
7570137201,7531510603,"(0.29716047644615173, 0.4497932493686676)","(-111.14881134033203, 171.18179321289062, 55.46802520751953)",1,4.318878173828125,1,"(-22.353456497192383, -46.51850891113281, 666.2954711914062)",1,"(0.2652033269405365, 0.46547186374664307)","(-128.83071899414062, 166.59637451171875, 53.79908752441406)",1,4.401031494140625,1,"(39.34016418457031, -47.70814895629883, 665.5990600585938)",1
7570153942,7531527344,"(0.28138378262519836, 0.4471253752708435)","(-119.87805938720703, 171.96206665039062, 55.75199508666992)",1,4.3176727294921875,1,"(-22.494979858398438, -46.58146286010742, 667.2855834960938)",1,"(0.2415512502193451, 0.4635319113731384)","(-141.91738891601562, 167.16378784179688, 54.005531311035156)",1,4.4026641845703125,1,"(39.27197265625, -47.761070251464844, 666.5431518554688)",1
7570170559,7531543961,"(0.2829911708831787, 0.45045411586761475)","(-118.9886703491211, 170.9884796142578, 55.397727966308594)",1,4.31793212890625,1,"(-22.43302345275879, -46.50510787963867, 666.1210327148438)",1,"(0.24287529289722443, 0.46610376238822937)","(-141.18479919433594, 166.4115753173828, 53.731815338134766)",1,4.39337158203125,1,"(39.25322341918945, -47.69327926635742, 665.450927734375)",1
7570187167,7531560569,"(0.2823273241519928, 0.44883325695991516)","(-119.35596466064453, 171.4625244140625, 55.570274353027344)",1,4.321197509765625,1,"(-22.41462516784668, -46.49960708618164, 665.8760375976562)",1,"(0.24545159935951233, 0.47036635875701904)","(-139.75933837890625, 165.16494750976562, 53.27809143066406)",1,4.3934478759765625,1,"(39.25920486450195, -47.67829132080078, 665.175537109375)",1
7570203761,7531577163,"(0.28572335839271545, 0.4482456147670746)","(-117.4769515991211, 171.63442993164062, 55.632781982421875)",1,4.3310546875,1,"(-22.39119529724121, -46.5015983581543, 665.6014404296875)",1,"(0.2464892715215683, 0.47187450528144836)","(-139.18519592285156, 164.72386169433594, 53.1175537109375)",1,4.4023895263671875,1,"(39.28495788574219, -47.66878890991211, 664.8912353515625)",1
7570220479,7531593881,"(0.2848777770996094, 0.44381389021873474)","(-117.94481658935547, 172.9305419921875, 56.1044921875)",1,4.336578369140625,1,"(-22.36835479736328, -46.50634765625, 665.5234375)",1,"(0.24421440064907074, 0.4708555340766907)","(-140.44387817382812, 165.02188110351562, 53.22599792480469)",1,4.41705322265625,1,"(39.32321548461914, -47.67377471923828, 664.816650390625)",1
7570237037,7531610439,"(0.2828716039657593, 0.44387081265449524)","(-119.0548324584961, 172.9138946533203, 56.09843063354492)",1,4.348419189453125,1,"(-22.359039306640625, -46.513389587402344, 665.591552734375)",1,"(0.24526704847812653, 0.47500601410865784)","(-139.8614501953125, 163.8080291748047, 52.78420639038086)",1,4.4162139892578125,1,"(39.34728240966797, -47.68489456176758, 664.8854370117188)",1
7570253677,7531627079,"(0.28580358624458313, 0.4469875991344452)","(-117.43257141113281, 172.0023193359375, 55.76670837402344)",1,4.3604736328125,1,"(-22.353357315063477, -46.51994705200195, 665.7135009765625)",1,"(0.2427036315202713, 0.4744994044303894)","(-141.27980041503906, 163.95619201660156, 52.83812713623047)",1,4.420318603515625,1,"(39.39079284667969, -47.698551177978516, 665.0037231445312)",1
7570270399,7531643801,"(0.2854892611503601, 0.4444732069969177)","(-117.60646057128906, 172.73768615722656, 56.03432083129883)",1,4.3716888427734375,1,"(-22.33995819091797, -46.51701354980469, 665.69140625)",1,"(0.24143993854522705, 0.47131720185279846)","(-141.97898864746094, 164.88687133789062, 53.176876068115234)",1,4.4278411865234375,1,"(39.416561126708984, -47.70646667480469, 664.9790649414062)",1
7570287003,7531660405,"(0.2827495336532593, 0.44492748379707336)","(-119.12238311767578, 172.6048583984375, 55.985958099365234)",1,4.3806915283203125,1,"(-22.33418083190918, -46.51263427734375, 665.6859130859375)",1,"(0.24402619898319244, 0.475961297750473)","(-140.54798889160156, 163.5286407470703, 52.68251037597656)",1,4.432098388671875,1,"(39.422027587890625, -47.7084846496582, 664.9715576171875)",1
7570303591,7531676993,"(0.2845601439476013, 0.44892314076423645)","(-118.12059020996094, 171.43626403808594, 55.56060791015625)",1,4.3834686279296875,1,"(-22.3305606842041, -46.51228332519531, 665.652099609375)",1,"(0.24541378021240234, 0.4768805503845215)","(-139.78025817871094, 163.25978088378906, 52.58463668823242)",1,4.447296142578125,1,"(39.4257698059082, -47.70850372314453, 664.9349975585938)",1
7570320319,7531693721,"(0.2858479619026184, 0.44887495040893555)","(-117.40802001953125, 171.45034790039062, 55.56582260131836)",1,4.395751953125,1,"(-22.337478637695312, -46.528038024902344, 665.6128540039062)",1,"(0.24586254358291626, 0.47107255458831787)","(-139.5319366455078, 164.95840454101562, 53.20289993286133)",1,4.455780029296875,1,"(39.42472457885742, -47.72496032714844, 664.8987426757812)",1
7570336871,7531710273,"(0.28598734736442566, 0.4493558704853058)","(-117.33090209960938, 171.30972290039062, 55.51462936401367)",1,4.39910888671875,1,"(-22.353540420532227, -46.53924560546875, 665.6149291992188)",1,"(0.2442246675491333, 0.47085514664649963)","(-140.4381866455078, 165.02200317382812, 53.22604751586914)",1,4.456329345703125,1,"(39.42578125, -47.73457717895508, 664.9014282226562)",1
7570353603,7531727005,"(0.28672894835472107, 0.4504213035106659)","(-116.92057037353516, 170.9981231689453, 55.40116500854492)",1,4.4083709716796875,1,"(-22.377544403076172, -46.557952880859375, 665.6032104492188)",1,"(0.24295267462730408, 0.46733587980270386)","(-141.14199829101562, 166.05123901367188, 53.60068130493164)",1,4.4636993408203125,1,"(39.413204193115234, -47.75864791870117, 664.888916015625)",1
7570370239,7531743641,"(0.2791040539741516, 0.45296192169189453)","(-121.13941955566406, 170.25509643554688, 55.13072204589844)",1,4.4029083251953125,1,"(-22.389036178588867, -46.56587600708008, 665.5685424804688)",1,"(0.24313297867774963, 0.4689773619174957)","(-141.04222106933594, 165.57118225097656, 53.425899505615234)",1,4.4715728759765625,1,"(39.389862060546875, -47.7689208984375, 664.8590698242188)",1
7570386837,7531760239,"(0.2776857018470764, 0.45494863390922546)","(-121.92420196533203, 169.67405700683594, 54.919219970703125)",1,4.4117889404296875,1,"(-22.404569625854492, -46.57374954223633, 665.620361328125)",1,"(0.24249152839183807, 0.4611167907714844)","(-141.3971405029297, 167.87008666992188, 54.262672424316406)",1,4.4677734375,1,"(39.36540603637695, -47.785980224609375, 664.9098510742188)",1
7570403519,7531776921,"(0.27724000811576843, 0.45420438051223755)","(-122.17081451416016, 169.8917236328125, 54.99846267700195)",1,4.413848876953125,1,"(-22.451171875, -46.58804702758789, 665.7243041992188)",1,"(0.24407553672790527, 0.4613562226295471)","(-140.5207061767578, 167.80006408691406, 54.237186431884766)",1,4.4576568603515625,1,"(39.3257942199707, -47.799556732177734, 665.0249633789062)",1
7570420154,7531793556,"(0.2832476496696472, 0.4584823250770569)","(-118.8467788696289, 168.6405792236328, 54.54310607910156)",1,4.40277099609375,1,"(-22.519960403442383, -46.61676025390625, 665.8931274414062)",1,"(0.24594415724277496, 0.4585433304309845)","(-139.48681640625, 168.62271118164062, 54.53662872314453)",1,4.4545745849609375,1,"(39.29039764404297, -47.8328971862793, 665.1893310546875)",1
7570436803,7531810205,"(0.2848753333091736, 0.4557061493396759)","(-117.94619750976562, 169.4525146484375, 54.83863067626953)",1,4.399383544921875,1,"(-22.555992126464844, -46.62983703613281, 665.9150390625)",1,"(0.24570037424564362, 0.45846036076545715)","(-139.6217041015625, 168.64700317382812, 54.54544448852539)",1,4.437042236328125,1,"(39.268890380859375, -47.843753814697266, 665.2213745117188)",1
7570453338,7531826740,"(0.2862280309200287, 0.4527759850025177)","(-117.19773864746094, 170.3094482421875, 55.150535583496094)",1,4.3921966552734375,1,"(-22.575088500976562, -46.6421012878418, 665.8660888671875)",1,"(0.24601227045059204, 0.4612227976322174)","(-139.4490966796875, 167.83908081054688, 54.25140380859375)",1,4.4284515380859375,1,"(39.25395202636719, -47.855743408203125, 665.16845703125)",1
7570470074,7531843476,"(0.3822207450866699, 0.47594308853149414)","(-64.08491516113281, 163.53392028808594, 52.68450164794922)",1,4.4176025390625,1,"(-22.15581512451172, -46.72793960571289, 666.4781494140625)",1,"(0.3513311445713043, 0.48992395401000977)","(-81.17615509033203, 159.4451141357422, 51.19620895385742)",1,4.4505615234375,1,"(39.691158294677734, -47.933677673339844, 665.736083984375)",1
7570486673,7531860075,"(0.4682842195034027, 0.49210381507873535)","(-16.465999603271484, 158.80755615234375, 50.96421813964844)",1,4.4050750732421875,1,"(-21.780332565307617, -46.73530960083008, 666.6008911132812)",1,"(0.44174450635910034, 0.5080877542495728)","(-31.150432586669922, 154.13287353515625, 49.26274871826172)",1,4.4197845458984375,1,"(40.04425811767578, -47.97123336791992, 665.8385620117188)",1
7570503350,7531876752,"(0.5028699636459351, 0.4990939497947693)","(2.6702969074249268, 156.76321411132812, 50.22007751464844)",1,4.37701416015625,1,"(-21.489564895629883, -46.638153076171875, 665.1005859375)",1,"(0.4670330882072449, 0.5197999477386475)","(-17.158235549926758, 150.70750427246094, 48.01599884033203)",1,4.371307373046875,1,"(40.12313461303711, -47.89499282836914, 664.2991333007812)",1
7570519999,7531893401,"(0.507577657699585, 0.490028977394104)","(5.27508544921875, 159.4143524169922, 51.18504333496094)",1,4.3549957275390625,1,"(-21.57942008972168, -46.69284439086914, 665.7088623046875)",1,"(0.4725090563297272, 0.5241860747337341)","(-14.12839126586914, 149.42469787597656, 47.54914093017578)",1,4.3570098876953125,1,"(40.102935791015625, -47.926025390625, 664.9024047851562)",1
7570536542,7531909944,"(0.5053653717041016, 0.49395397305488586)","(4.05102014541626, 158.26646423339844, 50.76726531982422)",1,4.3594818115234375,1,"(-21.62224769592285, -46.70490646362305, 665.83740234375)",1,"(0.47161445021629333, 0.5216689109802246)","(-14.623379707336426, 150.16087341308594, 47.817073822021484)",1,4.3465576171875,1,"(40.08892822265625, -47.93239212036133, 665.0672607421875)",1
7570553266,7531926668,"(0.5094364285469055, 0.4951482117176056)","(6.30352783203125, 157.91717529296875, 50.64010238647461)",1,4.3462677001953125,1,"(-21.687637329101562, -46.70006561279297, 665.8778076171875)",1,"(0.46830031275749207, 0.521003782749176)","(-16.457067489624023, 150.35537719726562, 47.88787078857422)",1,4.3393402099609375,1,"(40.07329559326172, -47.93047332763672, 665.1121215820312)",1
7570569919,7531943321,"(0.508669376373291, 0.4998248815536499)","(5.879123210906982, 156.54945373535156, 50.142269134521484)",1,4.338043212890625,1,"(-21.724519729614258, -46.68344497680664, 665.8657836914062)",1,"(0.46763864159584045, 0.5232571363449097)","(-16.823190689086914, 149.69638061523438, 47.64800262451172)",1,4.3291778564453125,1,"(40.05516815185547, -47.91246032714844, 665.1019287109375)",1
7570586508,7531959910,"(0.5075904130935669, 0.5026834011077881)","(5.282098770141602, 155.7134552001953, 49.83798599243164)",1,4.3409423828125,1,"(-21.730545043945312, -46.65459442138672, 665.7639770507812)",1,"(0.4684315323829651, 0.5228703618049622)","(-16.38450050354004, 149.80953979492188, 47.68917465209961)",1,4.3236846923828125,1,"(40.043983459472656, -47.89720916748047, 664.9973754882812)",1
7570603180,7531976582,"(0.5070319771766663, 0.4991625249385834)","(4.973145961761475, 156.7431640625, 50.21281051635742)",1,4.3344268798828125,1,"(-21.7271785736084, -46.61445236206055, 665.5546875)",1,"(0.46866896748542786, 0.5202915668487549)","(-16.253124237060547, 150.56373596191406, 47.96366882324219)",1,4.3218841552734375,1,"(40.03764724731445, -47.86849594116211, 664.7816162109375)",1
7570619839,7531993241,"(0.5092388987541199, 0.5005661845207214)","(6.194234848022461, 156.33265686035156, 50.0633659362793)",1,4.3358154296875,1,"(-21.72145652770996, -46.580223083496094, 665.3806762695312)",1,"(0.46717730164527893, 0.5192197561264038)","(-17.078458786010742, 150.87716674804688, 48.077754974365234)",1,4.318206787109375,1,"(40.03989791870117, -47.84241485595703, 664.6150512695312)",1
7570636378,7532009780,"(0.5111859440803528, 0.49738481640815735)","(7.271519660949707, 157.26309204101562, 50.40203094482422)",1,4.3389434814453125,1,"(-21.71397590637207, -46.56549072265625, 665.2466430664062)",1,"(0.4674479067325592, 0.5189815759658813)","(-16.928733825683594, 150.94683837890625, 48.103118896484375)",1,4.3157806396484375,1,"(40.044376373291016, -47.82404708862305, 664.482421875)",1
7570653096,7532026498,"(0.5095113515853882, 0.49781954288482666)","(6.3449907302856445, 157.1359100341797, 50.35578536987305)",1,4.3260650634765625,1,"(-21.70539665222168, -46.54623031616211, 665.0391235351562)",1,"(0.4667574167251587, 0.5203865170478821)","(-17.310789108276367, 150.53594970703125, 47.95359420776367)",1,4.3176727294921875,1,"(40.04423904418945, -47.79671096801758, 664.2656860351562)",1
7570669759,7532043161,"(0.507546603679657, 0.5009409189224243)","(5.2579026222229, 156.22308349609375, 50.02349853515625)",1,4.328369140625,1,"(-21.708757400512695, -46.554622650146484, 664.8538208007812)",1,"(0.46448051929473877, 0.5198612213134766)","(-18.570579528808594, 150.68960571289062, 48.00946807861328)",1,4.32281494140625,1,"(40.01689147949219, -47.79842758178711, 664.0906372070312)",1
7570686344,7532059746,"(0.49391305446624756, 0.506290853023529)","(-2.2855429649353027, 154.6584014892578, 49.45402526855469)",1,4.332916259765625,1,"(-21.75251007080078, -46.60152816772461, 664.875244140625)",1,"(0.4527340531349182, 0.5361968874931335)","(-25.069917678833008, 145.91204833984375, 46.27055740356445)",1,4.3400726318359375,1,"(39.951175689697266, -47.81187438964844, 664.09619140625)",1
7570703011,7532076413,"(0.4872643053531647, 0.5094415545463562)","(-5.96431827545166, 153.73692321777344, 49.11863708496094)",1,4.3303375244140625,1,"(-21.82294464111328, -46.6804084777832, 664.9463500976562)",1,"(0.44376057386398315, 0.540182888507843)","(-30.03493881225586, 144.74630737304688, 45.84629821777344)",1,4.3350372314453125,1,"(39.89616012573242, -47.85993194580078, 664.1744384765625)",1
7570719679,7532093081,"(0.48599594831466675, 0.5136400461196899)","(-6.666119575500488, 152.50904846191406, 48.671714782714844)",1,4.322998046875,1,"(-21.8115234375, -46.70624542236328, 664.5597534179688)",1,"(0.44392216205596924, 0.5341610908508301)","(-29.945528030395508, 146.50741577148438, 46.487281799316406)",1,4.3317108154296875,1,"(39.887115478515625, -47.89077377319336, 663.8120727539062)",1
7570736214,7532109616,"(0.4854567050933838, 0.5122644305229187)","(-6.964485168457031, 152.9113311767578, 48.818115234375)",1,4.323883056640625,1,"(-21.80426025390625, -46.74120330810547, 664.64794921875)",1,"(0.44272199273109436, 0.5350244045257568)","(-30.60958480834961, 146.25494384765625, 46.39536666870117)",1,4.3507232666015625,1,"(39.900169372558594, -47.93754577636719, 663.8890380859375)",1
7570752927,7532126329,"(0.4863845705986023, 0.5209524035453796)","(-6.45106315612793, 150.37042236328125, 47.8933219909668)",1,4.3420867919921875,1,"(-21.771087646484375, -46.771575927734375, 664.829345703125)",1,"(0.4403298497200012, 0.5309152007102966)","(-31.933162689208984, 147.4567108154297, 46.83285903930664)",1,4.35552978515625,1,"(39.95431900024414, -47.98551559448242, 664.07275390625)",1
7570769599,7532143001,"(0.48594725131988525, 0.5193766355514526)","(-6.6930341720581055, 150.831298828125, 48.06105041503906)",1,4.344818115234375,1,"(-21.70555877685547, -46.78014373779297, 664.83154296875)",1,"(0.44591718912124634, 0.5253701210021973)","(-28.841705322265625, 149.0784454345703, 47.423095703125)",1,4.344635009765625,1,"(40.014102935791016, -47.992244720458984, 664.067626953125)",1
7570786180,7532159582,"(0.48960158228874207, 0.5146551728248596)","(-4.671080589294434, 152.21214294433594, 48.563621520996094)",1,4.3392181396484375,1,"(-21.664323806762695, -46.792755126953125, 664.9519653320312)",1,"(0.44660285115242004, 0.5241567492485046)","(-28.462312698364258, 149.43328857421875, 47.55221176147461)",1,4.3419036865234375,1,"(40.073360443115234, -48.008487701416016, 664.1788940429688)",1
7570802843,7532176245,"(0.4861680865287781, 0.5173501372337341)","(-6.570866584777832, 151.42396545410156, 48.27680206298828)",1,4.35028076171875,1,"(-21.567209243774414, -46.79993438720703, 665.22412109375)",1,"(0.44533073902130127, 0.5243293046951294)","(-29.16614532470703, 149.3828582763672, 47.53385543823242)",1,4.3463134765625,1,"(40.192386627197266, -48.04457473754883, 664.4482421875)",1
7570819519,7532192921,"(0.48890823125839233, 0.5134043097496033)","(-5.054737091064453, 152.5779571533203, 48.69685745239258)",1,4.34979248046875,1,"(-21.48105239868164, -46.78248596191406, 665.2924194335938)",1,"(0.4466027319431305, 0.5234954953193665)","(-28.46238899230957, 149.6266632080078, 47.62265396118164)",1,4.35076904296875,1,"(40.29103088378906, -48.03889083862305, 664.5003051757812)",1
7570836048,7532209450,"(0.4888189733028412, 0.514392077922821)","(-5.104124069213867, 152.28912353515625, 48.591670989990234)",1,4.3450927734375,1,"(-21.411577224731445, -46.749507904052734, 665.2033081054688)",1,"(0.4462186396121979, 0.5221291184425354)","(-28.674894332885742, 150.02630615234375, 47.76808166503906)",1,4.352691650390625,1,"(40.34161376953125, -48.025875091552734, 664.4088134765625)",1
7570852855,7532226257,"(0.4854867458343506, 0.5144020915031433)","(-6.94783878326416, 152.28619384765625, 48.590579986572266)",1,4.3433380126953125,1,"(-21.30225944519043, -46.69186782836914, 665.1126098632812)",1,"(0.4437725245952606, 0.5227004289627075)","(-30.028310775756836, 149.8592071533203, 47.70726776123047)",1,4.3559417724609375,1,"(40.43703842163086, -47.99437713623047, 664.3089599609375)",1
7570869439,7532242841,"(0.4887888729572296, 0.5173085927963257)","(-5.120767593383789, 151.43612670898438, 48.281192779541016)",1,4.3454437255859375,1,"(-21.23490333557129, -46.63870620727539, 665.1416015625)",1,"(0.446416974067688, 0.525407075881958)","(-28.565160751342773, 149.06765747070312, 47.41912841796875)",1,4.3602752685546875,1,"(40.51259994506836, -47.96552658081055, 664.326416015625)",1
7570886014,7532259416,"(0.4873042106628418, 0.5139552354812622)","(-5.942241191864014, 152.4168701171875, 48.63817596435547)",1,4.343292236328125,1,"(-21.17824935913086, -46.607147216796875, 665.0453491210938)",1,"(0.44561150670051575, 0.530364453792572)","(-29.010814666748047, 147.6177978515625, 46.89143753051758)",1,4.37896728515625,1,"(40.55057144165039, -47.93921661376953, 664.230224609375)",1
7570902673,7532276075,"(0.48517903685569763, 0.5152488350868225)","(-7.118076801300049, 152.0385284423828, 48.50046920776367)",1,4.357666015625,1,"(-21.098901748657227, -46.58793258666992, 665.0847778320312)",1,"(0.4443356692790985, 0.5310898423194885)","(-29.716726303100586, 147.40562438964844, 46.814205169677734)",1,4.377227783203125,1,"(40.630184173583984, -47.91701889038086, 664.271484375)",1
7570919359,7532292761,"(0.4862731397151947, 0.5173635482788086)","(-6.5127081871032715, 151.42002868652344, 48.27535629272461)",1,4.3698272705078125,1,"(-21.05348777770996, -46.593143463134766, 665.245361328125)",1,"(0.44617199897766113, 0.5338535308837891)","(-28.7006893157959, 146.5973663330078, 46.52003860473633)",1,4.3687896728515625,1,"(40.69805908203125, -47.9123420715332, 664.4203491210938)",1
7570935980,7532309382,"(0.4891658127307892, 0.5108752846717834)","(-4.912196636199951, 153.31761169433594, 48.96602249145508)",1,4.3643798828125,1,"(-21.034372329711914, -46.59815216064453, 665.2639770507812)",1,"(0.44841235876083374, 0.5293500423431396)","(-27.461111068725586, 147.91448974609375, 46.99941635131836)",1,4.3622589111328125,1,"(40.72419357299805, -47.92124557495117, 664.4346923828125)",1
7570952588,7532325990,"(0.49205246567726135, 0.5161828994750977)","(-3.315009355545044, 151.7653350830078, 48.40102005004883)",1,4.355621337890625,1,"(-20.98360824584961, -46.61745071411133, 665.2178955078125)",1,"(0.4481755495071411, 0.5289750695228577)","(-27.592132568359375, 148.02415466308594, 47.03936004638672)",1,4.3670654296875,1,"(40.776466369628906, -47.958518981933594, 664.3820190429688)",1
7570969279,7532342681,"(0.5074472427368164, 0.6018177270889282)","(5.202917575836182, 126.72039031982422, 39.28543472290039)",1,4.3466644287109375,1,"(-20.80768394470215, -46.793357849121094, 664.9654541015625)",1,"(0.45498189330101013, 0.6120890974998474)","(-23.826196670532227, 123.71640014648438, 38.19206237792969)",1,4.3624267578125,1,"(40.83329772949219, -48.12293243408203, 664.1439208984375)",1
7570985850,7532359252,"(0.5082252025604248, 0.6453744173049927)","(5.633356094360352, 113.98175048828125, 34.64897537231445)",1,4.3557586669921875,1,"(-20.7404842376709, -46.87775421142578, 665.0482788085938)",1,"(0.45780694484710693, 0.658389151096344)","(-22.263072967529297, 110.17545318603516, 33.263553619384766)",1,4.37298583984375,1,"(40.875179290771484, -48.221187591552734, 664.2033081054688)",1
7571002600,7532376002,"(0.5024539828300476, 0.6365602016448975)","(2.440114974975586, 116.55961608886719, 35.587181091308594)",1,4.3372650146484375,1,"(-20.696971893310547, -46.932071685791016, 665.0299072265625)",1,"(0.46754637360572815, 0.6674583554267883)","(-16.87422752380371, 107.52303314208984, 32.29818344116211)",1,4.3603363037109375,1,"(40.927146911621094, -48.261898040771484, 664.1765747070312)",1
7571019203,7532392605,"(0.5027139186859131, 0.6379762887954712)","(2.5839571952819824, 116.14543914794922, 35.436458587646484)",1,4.3223419189453125,1,"(-20.647544860839844, -46.93987274169922, 665.0344848632812)",1,"(0.46892568469047546, 0.6708558201789856)","(-16.111099243164062, 106.52942657470703, 31.936534881591797)",1,4.343292236328125,1,"(40.99824905395508, -48.27625274658203, 664.1825561523438)",1
7571035816,7532409218,"(0.5020621418952942, 0.6354799866676331)","(2.2233622074127197, 116.87548065185547, 35.7021484375)",1,4.3285980224609375,1,"(-20.620487213134766, -46.95335388183594, 665.0629272460938)",1,"(0.4661027491092682, 0.6716301441192627)","(-17.673032760620117, 106.30297088623047, 31.854101181030273)",1,4.345855712890625,1,"(41.05500793457031, -48.294429779052734, 664.2098999023438)",1
7571052516,7532425918,"(0.505158007144928, 0.634868323802948)","(3.9363021850585938, 117.05438995361328, 35.767234802246094)",1,4.3206329345703125,1,"(-20.595617294311523, -46.954959869384766, 664.9024658203125)",1,"(0.46501603722572327, 0.6710002422332764)","(-18.274309158325195, 106.4871826171875, 31.921123504638672)",1,4.3311767578125,1,"(41.096744537353516, -48.30214309692383, 664.0324096679688)",1
7571069123,7532442525,"(0.5075559616088867, 0.6400288939476013)","(5.26307487487793, 115.54511260986328, 35.21794891357422)",1,4.3043365478515625,1,"(-20.577972412109375, -46.932437896728516, 664.5125122070312)",1,"(0.4643639028072357, 0.6730405688285828)","(-18.6351318359375, 105.89048767089844, 31.703948974609375)",1,4.325225830078125,1,"(41.09440994262695, -48.28602600097656, 663.6564331054688)",1
7571085685,7532459087,"(0.5072619318962097, 0.6424217820167542)","(5.1003546714782715, 114.84530639648438, 34.963253021240234)",1,4.300140380859375,1,"(-20.5732479095459, -46.92292022705078, 664.3175659179688)",1,"(0.46866554021835327, 0.672764003276825)","(-16.255020141601562, 105.97134399414062, 31.733369827270508)",1,4.3193511962890625,1,"(41.08161544799805, -48.27546691894531, 663.4577026367188)",1
7571102432,7532475834,"(0.5058544278144836, 0.646620512008667)","(4.321617603302002, 113.61732482910156, 34.516319274902344)",1,4.30078125,1,"(-20.568201065063477, -46.903987884521484, 664.028076171875)",1,"(0.4654709994792938, 0.67283034324646)","(-18.022563934326172, 105.95198059082031, 31.726318359375)",1,4.30682373046875,1,"(41.058895111083984, -48.254356384277344, 663.1598510742188)",1
7571119043,7532492445,"(0.5035020709037781, 0.6427564024925232)","(3.020062208175659, 114.74745178222656, 34.92763137817383)",1,4.29119873046875,1,"(-20.581295013427734, -46.897342681884766, 663.776123046875)",1,"(0.46289265155792236, 0.6738281846046448)","(-19.449134826660156, 105.66009521484375, 31.62008285522461)",1,4.2946014404296875,1,"(41.02750015258789, -48.23455810546875, 662.9236450195312)",1
7571135651,7532509053,"(0.5000454187393188, 0.6433886289596558)","(1.1075176000595093, 114.56253814697266, 34.86030197143555)",1,4.2702484130859375,1,"(-20.60329818725586, -46.89104080200195, 663.6513061523438)",1,"(0.45895951986312866, 0.6756970286369324)","(-21.625362396240234, 105.11357116699219, 31.42115592956543)",1,4.29931640625,1,"(41.007755279541016, -48.227474212646484, 662.8008422851562)",1
7571152346,7532525748,"(0.5028490424156189, 0.6433429718017578)","(2.6587038040161133, 114.57587432861328, 34.86517333984375)",1,4.2632598876953125,1,"(-20.651039123535156, -46.89495086669922, 663.5867309570312)",1,"(0.4624309837818146, 0.6787141561508179)","(-19.704608917236328, 104.23117065429688, 31.100013732910156)",1,4.307586669921875,1,"(40.96038818359375, -48.227760314941406, 662.7373046875)",1
7571168963,7532542365,"(0.5068890452384949, 0.6428654193878174)","(4.894073009490967, 114.71553039550781, 34.9160041809082)",1,4.2601470947265625,1,"(-20.709041595458984, -46.90716552734375, 663.599365234375)",1,"(0.46493294835090637, 0.6743541955947876)","(-18.32027816772461, 105.50630950927734, 31.5640926361084)",1,4.3032379150390625,1,"(40.92735290527344, -48.2365837097168, 662.7586059570312)",1
7571185617,7532559019,"(0.51075679063797, 0.6430635452270508)","(7.034111022949219, 114.65760040283203, 34.89492416381836)",1,4.256134033203125,1,"(-20.741281509399414, -46.9103889465332, 663.5786743164062)",1,"(0.4648761451244354, 0.673389732837677)","(-18.351707458496094, 105.78839111328125, 31.66673469543457)",1,4.2989349365234375,1,"(40.898155212402344, -48.239356994628906, 662.7362670898438)",1
7571202262,7532575664,"(0.5090460777282715, 0.6432080864906311)","(6.08754825592041, 114.61532592773438, 34.87956619262695)",1,4.2606353759765625,1,"(-20.764263153076172, -46.91429901123047, 663.5584106445312)",1,"(0.46593165397644043, 0.6708805561065674)","(-17.767696380615234, 106.52222442626953, 31.9338436126709)",1,4.3041229248046875,1,"(40.86669921875, -48.244422912597656, 662.7183837890625)",1
7571218883,7532592285,"(0.5029006004333496, 0.6512478590011597)","(2.6872525215148926, 112.2640151977539, 34.02370071411133)",1,4.274017333984375,1,"(-20.777128219604492, -46.911094665527344, 663.4947509765625)",1,"(0.463351309299469, 0.672833263874054)","(-19.195392608642578, 105.95111846923828, 31.72602081298828)",1,4.3038787841796875,1,"(40.82929229736328, -48.236629486083984, 662.6558227539062)",1
7571235487,7532608889,"(0.49834245443344116, 0.6485428810119629)","(0.16521382331848145, 113.05510711669922, 34.31163024902344)",1,4.2756500244140625,1,"(-20.790769577026367, -46.917850494384766, 663.5128784179688)",1,"(0.4664663076400757, 0.672648012638092)","(-17.471820831298828, 106.00526428222656, 31.745738983154297)",1,4.28759765625,1,"(40.80902862548828, -48.22773361206055, 662.675048828125)",1
7571252177,7532625579,"(0.4995853006839752, 0.6481233239173889)","(0.8528961539268494, 113.1778564453125, 34.35630798339844)",1,4.2597198486328125,1,"(-20.8446102142334, -46.91941833496094, 663.5111694335938)",1,"(0.46520358324050903, 0.6718785166740417)","(-18.17050552368164, 106.23033142089844, 31.827640533447266)",1,4.2889556884765625,1,"(40.76984786987305, -48.226314544677734, 662.6798095703125)",1
7571268799,7532642201,"(0.5068839192390442, 0.6474637985229492)","(4.891193389892578, 113.37071990966797, 34.42648696899414)",1,4.256683349609375,1,"(-20.925140380859375, -46.93181610107422, 663.56298828125)",1,"(0.46263787150382996, 0.6734514236450195)","(-19.59012222290039, 105.77033996582031, 31.660213470458984)",1,4.2948455810546875,1,"(40.72800064086914, -48.22624206542969, 662.7393188476562)",1
7571285357,7532658759,"(0.5091645121574402, 0.6405229568481445)","(6.153071403503418, 115.400634765625, 35.16535186767578)",1,4.247589111328125,1,"(-20.94883155822754, -46.88798141479492, 663.483154296875)",1,"(0.46534550189971924, 0.6671578288078308)","(-18.091989517211914, 107.6109848022461, 32.330142974853516)",1,4.3021697998046875,1,"(40.68716812133789, -48.19498825073242, 662.6602172851562)",1
7571302093,7532675495,"(0.5174766778945923, 0.5841938257217407)","(10.752189636230469, 131.874755859375, 41.16147994995117)",1,4.2606048583984375,1,"(-20.886754989624023, -46.74098587036133, 663.6210327148438)",1,"(0.48527929186820984, 0.599441647529602)","(-7.062608242034912, 127.41533660888672, 39.53839874267578)",1,4.2962646484375,1,"(40.663108825683594, -48.04597854614258, 662.8060302734375)",1
7571318719,7532692121,"(0.5224592089653015, 0.5500097274780273)","(13.509034156799316, 141.87229919433594, 44.800254821777344)",1,4.263336181640625,1,"(-20.8781681060791, -46.651512145996094, 663.7785034179688)",1,"(0.48567408323287964, 0.5758151412010193)","(-6.844192028045654, 134.32521057128906, 42.05331802368164)",1,4.291748046875,1,"(40.65023422241211, -47.9598388671875, 662.9454345703125)",1
7571335323,7532708725,"(0.5269622206687927, 0.5544290542602539)","(16.00054931640625, 140.57980346679688, 44.32981872558594)",1,4.277587890625,1,"(-20.931859970092773, -46.65427780151367, 663.9794311523438)",1,"(0.4838052988052368, 0.576439619064331)","(-7.878190994262695, 134.142578125, 41.98685073852539)",1,4.2923431396484375,1,"(40.65594482421875, -47.97482681274414, 663.1483154296875)",1
7571352009,7532725411,"(0.5266966819763184, 0.5491911768913269)","(15.853646278381348, 142.11172485351562, 44.887351989746094)",1,4.27093505859375,1,"(-20.998125076293945, -46.68091583251953, 664.3536376953125)",1,"(0.48388373851776123, 0.5790182948112488)","(-7.834798336029053, 133.38841247558594, 41.71238708496094)",1,4.2963104248046875,1,"(40.67427444458008, -48.00775909423828, 663.5361938476562)",1
7571368639,7532742041,"(0.5223269462585449, 0.5475380420684814)","(13.435848236083984, 142.59518432617188, 45.06332778930664)",1,4.2605438232421875,1,"(-21.030061721801758, -46.69938278198242, 664.3944702148438)",1,"(0.4826689064502716, 0.5763844847679138)","(-8.506953239440918, 134.15866088867188, 41.992713928222656)",1,4.2936553955078125,1,"(40.6539421081543, -48.02484130859375, 663.5741577148438)",1
7571385191,7532758593,"(0.5190843939781189, 0.5542853474617004)","(11.641738891601562, 140.62184143066406, 44.3451042175293)",1,4.266754150390625,1,"(-21.049644470214844, -46.709774017333984, 664.3717041015625)",1,"(0.482757568359375, 0.5777336955070496)","(-8.457876205444336, 133.76406860351562, 41.84912109375)",1,4.2946014404296875,1,"(40.636390686035156, -48.03776168823242, 663.55126953125)",1
7571401923,7532775325,"(0.5218488574028015, 0.5576550364494324)","(13.171333312988281, 139.63636779785156, 43.986392974853516)",1,4.2580413818359375,1,"(-21.132652282714844, -46.73314666748047, 664.2373046875)",1,"(0.48353976011276245, 0.5727929472923279)","(-8.0250883102417, 135.20904541015625, 42.375038146972656)",1,4.281829833984375,1,"(40.56988525390625, -48.0535774230957, 663.421630859375)",1
7571418559,7532791961,"(0.5237845778465271, 0.5554673075675964)","(14.242316246032715, 140.2761688232422, 44.21931457519531)",1,4.2523193359375,1,"(-21.23094367980957, -46.78974533081055, 664.28076171875)",1,"(0.482798308134079, 0.5732965469360352)","(-8.435323715209961, 135.06178283691406, 42.32146072387695)",1,4.2922515869140625,1,"(40.494903564453125, -48.0893440246582, 663.4746704101562)",1
7571435157,7532808559,"(0.5238211154937744, 0.5578751564025879)","(14.262558937072754, 139.5719757080078, 43.9630241394043)",1,4.247467041015625,1,"(-21.280651092529297, -46.81315231323242, 664.1838989257812)",1,"(0.4828881621360779, 0.572557270526886)","(-8.385639190673828, 135.2780303955078, 42.400146484375)",1,4.30157470703125,1,"(40.43759536743164, -48.10017013549805, 663.3807373046875)",1
7571451839,7532825241,"(0.5265412330627441, 0.5509781837463379)","(15.767581939697266, 141.5890655517578, 44.69712448120117)",1,4.2531890869140625,1,"(-21.38052749633789, -46.86890411376953, 664.017578125)",1,"(0.47983884811401367, 0.5689868330955505)","(-10.072843551635742, 136.32223510742188, 42.78020095825195)",1,4.298065185546875,1,"(40.34664535522461, -48.126319885253906, 663.2222900390625)",1
7571468479,7532841881,"(0.5250404477119446, 0.5505486130714417)","(14.93720817565918, 141.71469116210938, 44.742862701416016)",1,4.243804931640625,1,"(-21.45977020263672, -46.91896438598633, 664.0420532226562)",1,"(0.48257872462272644, 0.5685398578643799)","(-8.556862831115723, 136.4529571533203, 42.827754974365234)",1,4.2929840087890625,1,"(40.27172088623047, -48.15424728393555, 663.2586059570312)",1
7571485027,7532858429,"(0.5192699432373047, 0.5506597757339478)","(11.744406700134277, 141.6822052001953, 44.73106002807617)",1,4.2445068359375,1,"(-21.469457626342773, -46.9344482421875, 664.0064697265625)",1,"(0.48323050141334534, 0.5668929815292358)","(-8.196212768554688, 136.9346160888672, 43.0030517578125)",1,4.292694091796875,1,"(40.23517990112305, -48.161231994628906, 663.2319946289062)",1
7571501754,7532875156,"(0.5184114575386047, 0.5549207329750061)","(11.269397735595703, 140.4359893798828, 44.277496337890625)",1,4.241607666015625,1,"(-21.505823135375977, -46.941280364990234, 663.9283447265625)",1,"(0.4813986122608185, 0.5651739239692688)","(-9.209811210632324, 137.43734741210938, 43.186065673828125)",1,4.2760772705078125,1,"(40.19778060913086, -48.16360092163086, 663.1571044921875)",1
7571518399,7532891801,"(0.5211899280548096, 0.5537954568862915)","(12.806751251220703, 140.76513671875, 44.39727020263672)",1,4.2403106689453125,1,"(-21.53960418701172, -46.94558334350586, 664.0477294921875)",1,"(0.4800052344799042, 0.5686854124069214)","(-9.980744361877441, 136.4103546142578, 42.81226348876953)",1,4.2820892333984375,1,"(40.1815299987793, -48.16770553588867, 663.2720947265625)",1
7571534993,7532908395,"(0.5218105912208557, 0.5566995739936829)","(13.150171279907227, 139.91578674316406, 44.08812713623047)",1,4.22662353515625,1,"(-21.54774284362793, -46.927242279052734, 664.0840454101562)",1,"(0.48066532611846924, 0.5693227648735046)","(-9.615525245666504, 136.22396850585938, 42.744422912597656)",1,4.280029296875,1,"(40.17520523071289, -48.15643310546875, 663.3072509765625)",1
7571551670,7532925072,"(0.5226497054100037, 0.550589382648468)","(13.6144380569458, 141.70277404785156, 44.738548278808594)",1,4.214599609375,1,"(-21.552724838256836, -46.91084289550781, 664.1381225585938)",1,"(0.48100775480270386, 0.5716691613197327)","(-9.42604923248291, 135.53773498535156, 42.49468994140625)",1,4.2689971923828125,1,"(40.17525100708008, -48.13114547729492, 663.3644409179688)",1
7571568319,7532941721,"(0.519396185874939, 0.5521364212036133)","(11.81427001953125, 141.25033569335938, 44.5738525390625)",1,4.2183990478515625,1,"(-21.54768943786621, -46.88182067871094, 664.2398681640625)",1,"(0.48179057240486145, 0.5734360814094543)","(-8.992925643920898, 135.02096557617188, 42.306556701660156)",1,4.2534942626953125,1,"(40.17763137817383, -48.114891052246094, 663.4611206054688)",1
7571584862,7532958264,"(0.5215668082237244, 0.5565534234046936)","(13.01525592803955, 139.9585418701172, 44.10366439819336)",1,4.21636962890625,1,"(-21.54863166809082, -46.86672592163086, 664.273681640625)",1,"(0.4803568422794342, 0.5748803019523621)","(-9.786231994628906, 134.59861755371094, 42.15284729003906)",1,4.24603271484375,1,"(40.17876052856445, -48.10163497924805, 663.49267578125)",1
7571601586,7532974988,"(0.5213919281959534, 0.5578725934028625)","(12.918493270874023, 139.5727081298828, 43.96327590942383)",1,4.20782470703125,1,"(-21.553150177001953, -46.84605407714844, 664.290283203125)",1,"(0.4796923100948334, 0.573564887046814)","(-10.153887748718262, 134.9833221435547, 42.29289245605469)",1,4.23321533203125,1,"(40.177040100097656, -48.08578872680664, 663.5094604492188)",1
7571618239,7532991641,"(0.521986186504364, 0.555472195148468)","(13.24732494354248, 140.2747344970703, 44.218814849853516)",1,4.1916656494140625,1,"(-21.56060218811035, -46.840572357177734, 664.29833984375)",1,"(0.4804271161556244, 0.5750206112861633)","(-9.747315406799316, 134.55755615234375, 42.137939453125)",1,4.22540283203125,1,"(40.171993255615234, -48.07406234741211, 663.5186767578125)",1
7571634828,7533008230,"(0.5231409072875977, 0.5547231435775757)","(13.886207580566406, 140.49378967285156, 44.29851531982422)",1,4.188720703125,1,"(-21.563899993896484, -46.84080123901367, 664.3014526367188)",1,"(0.48003455996513367, 0.5767658352851868)","(-9.964529991149902, 134.04713439941406, 41.95215606689453)",1,4.218170166015625,1,"(40.16719436645508, -48.07389831542969, 663.5225830078125)",1
7571651500,7533024902,"(0.5255419611930847, 0.5541403889656067)","(15.214743614196777, 140.66424560546875, 44.36054611206055)",1,4.18048095703125,1,"(-21.53827476501465, -46.84971237182617, 664.2647705078125)",1,"(0.4896625280380249, 0.5742985606193542)","(-4.637376308441162, 134.76870727539062, 42.21478271484375)",1,4.220977783203125,1,"(40.17517852783203, -48.08487319946289, 663.481689453125)",1
7571668154,7533041556,"(0.6068090796470642, 0.554419219493866)","(60.179832458496094, 140.58270263671875, 44.33085632324219)",1,4.1971435546875,1,"(-21.138654708862305, -46.905738830566406, 664.4981079101562)",1,"(0.5808729529380798, 0.5818365812301636)","(45.829345703125, 132.56414794921875, 41.41239547729492)",1,4.2367706298828125,1,"(40.52593231201172, -48.16176986694336, 663.7005004882812)",1
7571684698,7533058100,"(0.6758913397789001, 0.5778698921203613)","(98.4030990600586, 133.72427368164062, 41.83460998535156)",1,4.23138427734375,1,"(-20.827268600463867, -47.04154586791992, 665.8225708007812)",1,"(0.6466311812400818, 0.6075806021690369)","(82.21338653564453, 125.03501892089844, 38.67201232910156)",1,4.2339324951171875,1,"(40.894100189208984, -48.31106185913086, 664.9561157226562)",1
7571701512,7533074914,"(0.7220578193664551, 0.6064725518226624)","(123.94698333740234, 125.3591079711914, 38.789955139160156)",1,4.2295074462890625,1,"(-20.535390853881836, -47.08350372314453, 665.8632202148438)",1,"(0.6869553923606873, 0.6303234696388245)","(104.5247573852539, 118.38361358642578, 36.25104904174805)",1,4.219696044921875,1,"(41.14884567260742, -48.39311218261719, 664.9403686523438)",1
7571718079,7533091481,"(0.7214712500572205, 0.6027063131332397)","(123.6224136352539, 126.4605484008789, 39.190834045410156)",1,4.222991943359375,1,"(-20.524147033691406, -47.06949234008789, 665.494140625)",1,"(0.688238263130188, 0.6291396021842957)","(105.23458099365234, 118.7298355102539, 36.37706756591797)",1,4.2172698974609375,1,"(41.14979553222656, -48.3790168762207, 664.5958862304688)",1
7571734568,7533107970,"(0.7232029438018799, 0.603476345539093)","(124.58055114746094, 126.23534393310547, 39.10889434814453)",1,4.2082977294921875,1,"(-20.520463943481445, -47.07956314086914, 665.6455078125)",1,"(0.6895557641983032, 0.628852128982544)","(105.96359252929688, 118.81392669677734, 36.407684326171875)",1,4.21868896484375,1,"(41.17753982543945, -48.40164566040039, 664.7786865234375)",1
7571751428,7533124831,"(0.720076322555542, 0.6045587062835693)","(122.85063934326172, 125.91879272460938, 38.993656158447266)",1,4.2099761962890625,1,"(-20.498674392700195, -47.058773040771484, 665.453125)",1,"(0.6899685263633728, 0.6290267109870911)","(106.19196319580078, 118.76286315917969, 36.38914108276367)",1,4.215545654296875,1,"(41.19318771362305, -48.39606475830078, 664.5711669921875)",1
7571768003,7533141406,"(0.7213653922080994, 0.6031106114387512)","(123.56388854980469, 126.3423080444336, 39.14781188964844)",1,4.204437255859375,1,"(-20.487194061279297, -47.02842712402344, 665.1857299804688)",1,"(0.6897121071815491, 0.6304060816764832)","(106.05009460449219, 118.35945892333984, 36.24226379394531)",1,4.21588134765625,1,"(41.19293212890625, -48.36983108520508, 664.3123779296875)",1
7571784534,7533157937,"(0.72318035364151, 0.6067878007888794)","(124.56807708740234, 125.26689147949219, 38.756370544433594)",1,4.2026824951171875,1,"(-20.488407135009766, -47.00149917602539, 665.0079956054688)",1,"(0.6912323832511902, 0.6319299936294556)","(106.89128112792969, 117.91374969482422, 36.08003616333008)",1,4.2239990234375,1,"(41.18402099609375, -48.34930419921875, 664.14013671875)",1
7571801343,7533174746,"(0.7246389389038086, 0.6060941815376282)","(125.37512969970703, 125.4697036743164, 38.83023452758789)",1,4.2119293212890625,1,"(-20.505964279174805, -46.981201171875, 664.753173828125)",1,"(0.6909463405609131, 0.6328155398368835)","(106.73295593261719, 117.6547622680664, 35.985816955566406)",1,4.2255706787109375,1,"(41.16144943237305, -48.31978225708008, 663.873779296875)",1
7571817923,7533191326,"(0.728033721446991, 0.6063632965087891)","(127.25347900390625, 125.39103698730469, 38.80154800415039)",1,4.2197418212890625,1,"(-20.546918869018555, -46.973358154296875, 664.5719604492188)",1,"(0.6930126547813416, 0.6326795816421509)","(107.87630462646484, 117.69449615478516, 36.000267028808594)",1,4.2237396240234375,1,"(41.129661560058594, -48.3056755065918, 663.7037963867188)",1
7571834500,7533207903,"(0.7296380400657654, 0.6039901971817017)","(128.14111328125, 126.08509826660156, 39.05418014526367)",1,4.2147064208984375,1,"(-20.576448440551758, -46.973960876464844, 664.4906005859375)",1,"(0.6903838515281677, 0.6362879276275635)","(106.42173767089844, 116.63921356201172, 35.61615753173828)",1,4.222442626953125,1,"(41.10580825805664, -48.297149658203125, 663.6280517578125)",1
7571851259,7533224662,"(0.7248125672340393, 0.6078042984008789)","(125.47119903564453, 124.9696044921875, 38.64818572998047)",1,4.2093048095703125,1,"(-20.597389221191406, -46.97822952270508, 664.4716186523438)",1,"(0.6874108910560608, 0.6365073919296265)","(104.77684783935547, 116.57500457763672, 35.59282302856445)",1,4.232757568359375,1,"(41.0810546875, -48.29446792602539, 663.613037109375)",1
7571867843,7533241246,"(0.7201665639877319, 0.6057227253913879)","(122.90055084228516, 125.57842254638672, 38.8697509765625)",1,4.2129669189453125,1,"(-20.612144470214844, -46.994998931884766, 664.4910888671875)",1,"(0.6898433566093445, 0.633123517036438)","(106.12271881103516, 117.56468963623047, 35.9530143737793)",1,4.22802734375,1,"(41.05059051513672, -48.30525588989258, 663.630859375)",1
7571884368,7533257771,"(0.7209895253181458, 0.6060553193092346)","(123.35591888427734, 125.4811019897461, 38.83435821533203)",1,4.21124267578125,1,"(-20.632646560668945, -47.01091766357422, 664.3980712890625)",1,"(0.6883087754249573, 0.635779857635498)","(105.27364349365234, 116.7878189086914, 35.67021942138672)",1,4.2239837646484375,1,"(41.03067398071289, -48.31441879272461, 663.5433959960938)",1
7571901175,7533274578,"(0.7202620506286621, 0.6032450199127197)","(122.95337677001953, 126.3030014038086, 39.13349533081055)",1,4.200836181640625,1,"(-20.65450668334961, -47.037689208984375, 664.3125)",1,"(0.6882866024971008, 0.6324084401130676)","(105.26138305664062, 117.77381896972656, 36.029117584228516)",1,4.2176513671875,1,"(41.00873565673828, -48.34024429321289, 663.4552612304688)",1
7571917763,7533291166,"(0.7354171276092529, 0.6193546056747437)","(131.33872985839844, 121.59158325195312, 37.41865921020508)",1,4.19793701171875,1,"(-20.621469497680664, -47.11819076538086, 664.3320922851562)",1,"(0.6994660496711731, 0.6519072651863098)","(111.44693756103516, 112.07119750976562, 33.953521728515625)",1,4.2147216796875,1,"(41.021812438964844, -48.39591979980469, 663.4784545898438)",1
7571934334,7533307737,"(0.7375214099884033, 0.6315022706985474)","(132.5030059814453, 118.03882598876953, 36.12556457519531)",1,4.194000244140625,1,"(-20.604129791259766, -47.159088134765625, 664.4756469726562)",1,"(0.6986016035079956, 0.669508159160614)","(110.9686050415039, 106.92361450195312, 32.07992172241211)",1,4.23046875,1,"(41.04835510253906, -48.43809509277344, 663.6138916015625)",1
7571951089,7533324492,"(0.7306206226348877, 0.6388845443725586)","(128.6847686767578, 115.87980651855469, 35.33978271484375)",1,4.173431396484375,1,"(-20.615970611572266, -47.14912033081055, 664.3552856445312)",1,"(0.6980241537094116, 0.6710742712020874)","(110.64915466308594, 106.46553039550781, 31.913217544555664)",1,4.216796875,1,"(41.02006912231445, -48.441158294677734, 663.4720458984375)",1
7571967683,7533341086,"(0.7303658723831177, 0.6445027589797974)","(128.54385375976562, 114.23670196533203, 34.74166488647461)",1,4.1543121337890625,1,"(-20.623830795288086, -47.108314514160156, 663.750732421875)",1,"(0.6991918087005615, 0.6718443036079407)","(111.2951889038086, 106.24032592773438, 31.831289291381836)",1,4.2082672119140625,1,"(40.95820236206055, -48.403900146484375, 662.9049682617188)",1
7571984204,7533357607,"(0.7324146628379822, 0.6450332999229431)","(129.67742919921875, 114.08155822753906, 34.68520736694336)",1,4.1495361328125,1,"(-20.645601272583008, -47.101959228515625, 663.4273071289062)",1,"(0.7032166123390198, 0.6732419729232788)","(113.5221176147461, 105.83155059814453, 31.6824893951416)",1,4.204498291015625,1,"(40.91203689575195, -48.380584716796875, 662.59033203125)",1
7572001005,7533374408,"(0.7372152805328369, 0.6453868746757507)","(132.33360290527344, 113.97813415527344, 34.64760208129883)",1,4.1359405517578125,1,"(-20.68741798400879, -47.09062576293945, 663.06494140625)",1,"(0.7018955945968628, 0.676485002040863)","(112.7912368774414, 104.88311004638672, 31.33731460571289)",1,4.197540283203125,1,"(40.850887298583984, -48.35403823852539, 662.212890625)",1
7572017603,7533391006,"(0.7415432929992676, 0.6440130472183228)","(134.72825622558594, 114.37992095947266, 34.7938346862793)",1,4.1238250732421875,1,"(-20.734270095825195, -47.09010696411133, 662.9828491210938)",1,"(0.7024205923080444, 0.6753143072128296)","(113.08164978027344, 105.22549438476562, 31.461904525756836)",1,4.1875457763671875,1,"(40.819881439208984, -48.34319305419922, 662.1375122070312)",1
7572034170,7533407573,"(0.744610071182251, 0.645793616771698)","(136.4251708984375, 113.8591537475586, 34.60428237915039)",1,4.1109161376953125,1,"(-20.754362106323242, -47.09138870239258, 663.1281127929688)",1,"(0.7039893865585327, 0.6733081340789795)","(113.94972229003906, 105.81222534179688, 31.675472259521484)",1,4.1855010986328125,1,"(40.814517974853516, -48.350738525390625, 662.2724609375)",1
7572050920,7533424323,"(0.7473418116569519, 0.643487274646759)","(137.9365997314453, 114.53366088867188, 34.84984588623047)",1,4.10516357421875,1,"(-20.770811080932617, -47.10432434082031, 663.3799438476562)",1,"(0.703125536441803, 0.67679363489151)","(113.47175598144531, 104.7928695678711, 31.304418563842773)",1,4.190338134765625,1,"(40.83671951293945, -48.37148666381836, 662.5449829101562)",1
7572067523,7533440926,"(0.7435756325721741, 0.647714376449585)","(135.85281372070312, 113.29739379882812, 34.39986801147461)",1,4.111328125,1,"(-20.754898071289062, -47.11871337890625, 663.6287841796875)",1,"(0.7044945359230042, 0.6756159663200378)","(114.22918701171875, 105.13729095458984, 31.42976951599121)",1,4.187530517578125,1,"(40.871665954589844, -48.396209716796875, 662.7774047851562)",1
7572084039,7533457442,"(0.7075092196464539, 0.6418570280075073)","(115.8972396850586, 115.01048278808594, 35.02337646484375)",1,4.1204071044921875,1,"(-20.862180709838867, -47.11043167114258, 663.9054565429688)",1,"(0.6786894202232361, 0.6635106801986694)","(99.95124816894531, 108.67759704589844, 32.71835708618164)",1,4.1870574951171875,1,"(40.812255859375, -48.40839385986328, 663.0313110351562)",1
7572100836,7533474239,"(0.5572091341018677, 0.605093240737915)","(32.73617172241211, 125.76248168945312, 38.93674087524414)",1,4.115386962890625,1,"(-21.455806732177734, -46.946964263916016, 663.1248779296875)",1,"(0.5442759990692139, 0.6123144030570984)","(25.580286026000977, 123.65058898925781, 38.168033599853516)",1,4.2017059326171875,1,"(40.090999603271484, -48.21350860595703, 662.2098999023438)",1
7572117443,7533490846,"(0.4049050509929657, 0.5475982427597046)","(-51.5337028503418, 142.57754516601562, 45.05693817138672)",1,4.082244873046875,1,"(-22.11650276184082, -46.75639724731445, 661.8862915039062)",1,"(0.39893317222595215, 0.5508237481117249)","(-54.837955474853516, 141.63424682617188, 44.713584899902344)",1,4.1944580078125,1,"(39.24415588378906, -47.95989990234375, 661.154541015625)",1
7572134005,7533507408,"(0.34239909052848816, 0.5204174518585205)","(-86.1182632446289, 150.52691650390625, 47.95022964477539)",1,4.07598876953125,1,"(-22.422887802124023, -46.73554229736328, 662.4856567382812)",1,"(0.3245341181755066, 0.5222977995872498)","(-96.0029525756836, 149.9769744873047, 47.750144958496094)",1,4.2231597900390625,1,"(38.928340911865234, -47.916412353515625, 661.8292846679688)",1
7572150752,7533524155,"(0.3256611227989197, 0.5051394104957581)","(-95.3793716430664, 154.9951629638672, 49.576568603515625)",1,4.1091156005859375,1,"(-22.626625061035156, -46.74956130981445, 663.7238159179688)",1,"(0.2892330586910248, 0.495006263256073)","(-115.53504180908203, 157.95870971679688, 50.65522003173828)",1,4.2608642578125,1,"(38.85913848876953, -47.94681930541992, 663.0632934570312)",1
7572167354,7533540757,"(0.3242027759552002, 0.4826418161392212)","(-96.18626403808594, 161.57479858398438, 51.97141647338867)",1,4.1317901611328125,1,"(-22.700700759887695, -46.69548034667969, 663.541748046875)",1,"(0.28373974561691284, 0.5080580115318298)","(-118.57449340820312, 154.14158630371094, 49.26588439941406)",1,4.204315185546875,1,"(38.82769012451172, -47.89517593383789, 662.8781127929688)",1
7572183971,7533557374,"(0.31196731328964233, 0.4689081311225891)","(-102.9561767578125, 165.59140014648438, 53.43330764770508)",1,4.184722900390625,1,"(-22.791730880737305, -46.71125793457031, 663.879638671875)",1,"(0.2634313702583313, 0.46799877285957336)","(-129.8111572265625, 165.8573760986328, 53.5301399230957)",1,4.238983154296875,1,"(38.75995635986328, -47.90444564819336, 663.2250366210938)",1
7572200570,7533573973,"(0.2914012372493744, 0.44809672236442566)","(-114.33538055419922, 171.67796325683594, 55.64859390258789)",1,4.1728057861328125,1,"(-22.88760757446289, -46.74412155151367, 664.2142333984375)",1,"(0.24082128703594208, 0.4284593164920807)","(-142.32130432128906, 177.42115783691406, 57.73900604248047)",1,4.2957000732421875,1,"(38.686134338378906, -47.928890228271484, 663.5480346679688)",1
7572217274,7533590677,"(0.28560957312583923, 0.4454745352268219)","(-117.5398941040039, 172.44483947753906, 55.9277229309082)",1,4.1437225341796875,1,"(-22.882421493530273, -46.80318069458008, 664.05419921875)",1,"(0.24682126939296722, 0.4253162443637848)","(-139.00149536132812, 178.3403778076172, 58.07356262207031)",1,4.315460205078125,1,"(38.68726348876953, -47.958492279052734, 663.401611328125)",1
7572233937,7533607340,"(0.27813586592674255, 0.45798811316490173)","(-121.67511749267578, 168.7851104736328, 54.5957145690918)",1,4.0947113037109375,1,"(-22.881256103515625, -46.833065032958984, 664.24365234375)",1,"(0.251804918050766, 0.46698954701423645)","(-136.24403381347656, 166.1525115966797, 53.6375617980957)",1,4.2545928955078125,1,"(38.7140007019043, -47.99649429321289, 663.5894165039062)",1
7572250485,7533623888,"(0.27939900755882263, 0.4571627974510193)","(-120.97620391845703, 169.02647399902344, 54.683536529541016)",1,4.105255126953125,1,"(-22.863107681274414, -46.89285659790039, 664.5071411132812)",1,"(0.24921070039272308, 0.47119611501693726)","(-137.67941284179688, 164.92227172851562, 53.18974685668945)",1,4.2465972900390625,1,"(38.769630432128906, -48.0439338684082, 663.85888671875)",1
7572267194,7533640597,"(0.2795080244541168, 0.4443269670009613)","(-120.91590118408203, 172.7804718017578, 56.04986572265625)",1,4.1134796142578125,1,"(-22.835208892822266, -46.920108795166016, 664.7405395507812)",1,"(0.24330595135688782, 0.4680268466472626)","(-140.946533203125, 165.84915161132812, 53.52711486816406)",1,4.2596893310546875,1,"(38.84260940551758, -48.06432342529297, 664.0742797851562)",1
7572283807,7533657210,"(0.2796843945980072, 0.4497608244419098)","(-120.81831359863281, 171.19126892089844, 55.471492767333984)",1,4.1140289306640625,1,"(-22.82523536682129, -46.93355178833008, 664.9322509765625)",1,"(0.24239614605903625, 0.47115910053253174)","(-141.44992065429688, 164.93307495117188, 53.193695068359375)",1,4.268707275390625,1,"(38.88609313964844, -48.07439422607422, 664.267578125)",1
7572300497,7533673900,"(0.28249940276145935, 0.45224621891975403)","(-119.26077270507812, 170.46438598632812, 55.20695877075195)",1,4.1204986572265625,1,"(-22.799352645874023, -46.90873718261719, 665.1265869140625)",1,"(0.24194304645061493, 0.46741849184036255)","(-141.70062255859375, 166.027099609375, 53.59185028076172)",1,4.2767486572265625,1,"(38.94676971435547, -48.073638916015625, 664.4581298828125)",1
7572317114,7533690517,"(0.2825208604335785, 0.45748206973075867)","(-119.24890899658203, 168.93312072753906, 54.64959716796875)",1,4.13006591796875,1,"(-22.752988815307617, -46.854957580566406, 665.0980834960938)",1,"(0.2446562796831131, 0.4692266583442688)","(-140.19937133789062, 165.49827575683594, 53.3994026184082)",1,4.2794189453125,1,"(38.980709075927734, -48.04917907714844, 664.4253540039062)",1
7572333773,7533707176,"(0.28316450119018555, 0.4532132148742676)","(-118.89277648925781, 170.1815643310547, 55.104000091552734)",1,4.1322021484375,1,"(-22.727632522583008, -46.84737777709961, 665.1583862304688)",1,"(0.24697265028953552, 0.4635215699672699)","(-138.917724609375, 167.16677856445312, 54.00669860839844)",1,4.2745208740234375,1,"(39.00634002685547, -48.045066833496094, 664.482421875)",1
7572350413,7533723816,"(0.2792091965675354, 0.45516085624694824)","(-121.08124542236328, 169.61199951171875, 54.89662170410156)",1,4.1348114013671875,1,"(-22.695667266845703, -46.841041564941406, 665.4014282226562)",1,"(0.244612917304039, 0.46051257848739624)","(-140.22337341308594, 168.04681396484375, 54.326969146728516)",1,4.275054931640625,1,"(39.0681037902832, -48.05369567871094, 664.7376098632812)",1
7572367034,7533740437,"(0.2765241265296936, 0.4547632038593292)","(-122.56690979003906, 169.72828674316406, 54.93898391723633)",1,4.1389617919921875,1,"(-22.672983169555664, -46.860137939453125, 665.7643432617188)",1,"(0.24052828550338745, 0.45950302481651306)","(-142.48338317871094, 168.342041015625, 54.4344596862793)",1,4.273223876953125,1,"(39.11818313598633, -48.077659606933594, 665.0730590820312)",1
7572383643,7533757046,"(0.2753503918647766, 0.45615342259407043)","(-123.21631622314453, 169.3217010498047, 54.79098129272461)",1,4.12841796875,1,"(-22.671091079711914, -46.8776741027832, 666.0011596679688)",1,"(0.24001221358776093, 0.4611351788043976)","(-142.76895141601562, 167.86471557617188, 54.26069641113281)",1,4.261993408203125,1,"(39.149288177490234, -48.10202407836914, 665.3177490234375)",1
7572400329,7533773732,"(0.27586326003074646, 0.4545400142669678)","(-122.93255615234375, 169.7935791015625, 54.962764739990234)",1,4.131134033203125,1,"(-22.667301177978516, -46.91568374633789, 666.3491821289062)",1,"(0.2390841841697693, 0.4565228819847107)","(-143.28240966796875, 169.21363830566406, 54.7516975402832)",1,4.24951171875,1,"(39.19172286987305, -48.142494201660156, 665.6732177734375)",1
7572416954,7533790357,"(0.277638703584671, 0.4556134045124054)","(-121.95020294189453, 169.47962951660156, 54.8484992980957)",1,4.1191253662109375,1,"(-22.669584274291992, -46.94135665893555, 666.5546875)",1,"(0.23836559057235718, 0.4567365050315857)","(-143.68003845214844, 169.15115356445312, 54.728939056396484)",1,4.233001708984375,1,"(39.222694396972656, -48.165523529052734, 665.8639526367188)",1
7572433609,7533807012,"(0.2783553898334503, 0.45235684514045715)","(-121.55368041992188, 170.43203735351562, 55.195152282714844)",1,4.10296630859375,1,"(-22.665189743041992, -46.94468307495117, 666.6185913085938)",1,"(0.2392798662185669, 0.4605661630630493)","(-143.17416381835938, 168.0311279296875, 54.3212776184082)",1,4.2298126220703125,1,"(39.23632049560547, -48.176719665527344, 665.9312744140625)",1
7572450147,7533823550,"(0.28056976199150085, 0.4521200358867645)","(-120.32846069335938, 170.50131225585938, 55.22037124633789)",1,4.1016998291015625,1,"(-22.65550422668457, -46.95308303833008, 666.6327514648438)",1,"(0.24116577208042145, 0.46330612897872925)","(-142.1306915283203, 167.22979736328125, 54.02960968017578)",1,4.2128143310546875,1,"(39.250213623046875, -48.192115783691406, 665.9414672851562)",1
7572466879,7533840282,"(0.2791239023208618, 0.45311298966407776)","(-121.12845611572266, 170.21090698242188, 55.11463165283203)",1,4.1059417724609375,1,"(-22.636661529541016, -46.95888137817383, 666.5133056640625)",1,"(0.24405333399772644, 0.4661604166030884)","(-140.53298950195312, 166.39503479003906, 53.72576141357422)",1,4.2015838623046875,1,"(39.256690979003906, -48.20301818847656, 665.8274536132812)",1
7572483477,7533856880,"(0.2799355089664459, 0.4524359107017517)","(-120.67938995361328, 170.40890502929688, 55.18671798706055)",1,4.10040283203125,1,"(-22.62701416015625, -46.96400833129883, 666.4324340820312)",1,"(0.2440440058708191, 0.46355965733528137)","(-140.5381317138672, 167.15562438964844, 54.00261688232422)",1,4.1945953369140625,1,"(39.25674819946289, -48.21855545043945, 665.7406005859375)",1
7572500159,7533873562,"(0.280709445476532, 0.44608139991760254)","(-120.25114440917969, 172.2673797607422, 55.863136291503906)",1,4.099609375,1,"(-22.615894317626953, -46.98126983642578, 666.3051147460938)",1,"(0.24367238581180573, 0.46514058113098145)","(-140.74375915527344, 166.69326782226562, 53.8343391418457)",1,4.1829681396484375,1,"(39.258358001708984, -48.23981857299805, 665.6101684570312)",1
7572516799,7533890202,"(0.27939650416374207, 0.44510868191719055)","(-120.97760772705078, 172.55181884765625, 55.96670913696289)",1,4.1005859375,1,"(-22.62416648864746, -46.9911994934082, 666.2138671875)",1,"(0.2424096018075943, 0.4583355784416199)","(-141.44244384765625, 168.68350219726562, 54.55868148803711)",1,4.1708221435546875,1,"(39.24578857421875, -48.25312423706055, 665.525634765625)",1
7572533443,7533906846,"(0.28529247641563416, 0.44983378052711487)","(-117.71540069580078, 171.16993713378906, 55.4637451171875)",1,4.0905303955078125,1,"(-22.58393669128418, -46.99787902832031, 666.1994018554688)",1,"(0.24873611330986023, 0.4599562883377075)","(-137.94200134277344, 168.20950317382812, 54.386173248291016)",1,4.1793365478515625,1,"(39.28180694580078, -48.27238464355469, 665.5086059570312)",1
7572549978,7533923381,"(0.3522772192955017, 0.4838450849056244)","(-80.65269470214844, 161.22291564941406, 51.84331130981445)",1,4.116668701171875,1,"(-22.30975341796875, -47.07804870605469, 666.710205078125)",1,"(0.3260878026485443, 0.4900284707546234)","(-95.14330291748047, 159.4145050048828, 51.18510437011719)",1,4.1997222900390625,1,"(39.57719421386719, -48.380035400390625, 665.9882202148438)",1
7572566719,7533940122,"(0.3952304720878601, 0.5108320116996765)","(-56.88666915893555, 153.33029174804688, 48.97065734863281)",1,4.114959716796875,1,"(-22.051607131958008, -47.05870819091797, 665.8306884765625)",1,"(0.3689615726470947, 0.5148661732673645)","(-71.42123413085938, 152.15042114257812, 48.54121398925781)",1,4.1761932373046875,1,"(39.69502639770508, -48.37128829956055, 665.099853515625)",1
7572583313,7533956716,"(0.40118691325187683, 0.5134061574935913)","(-53.590965270996094, 152.57742309570312, 48.6966552734375)",1,4.1160888671875,1,"(-22.090469360351562, -47.10171127319336, 666.2647094726562)",1,"(0.37099120020866394, 0.5213736295700073)","(-70.29824829101562, 150.24725341796875, 47.848541259765625)",1,4.1735992431640625,1,"(39.705413818359375, -48.405887603759766, 665.5055541992188)",1
7572599990,7533973393,"(0.40646058320999146, 0.5136590600013733)","(-50.67302322387695, 152.50347900390625, 48.66969680786133)",1,4.12762451171875,1,"(-22.189138412475586, -47.17555618286133, 667.1534423828125)",1,"(0.3657870292663574, 0.5227257013320923)","(-73.1777114868164, 149.85182189941406, 47.70453643798828)",1,4.1798858642578125,1,"(39.734867095947266, -48.46603775024414, 666.4087524414062)",1
7572616639,7533990042,"(0.40126481652259827, 0.5167684555053711)","(-53.54783248901367, 151.5940704345703, 48.338714599609375)",1,4.1337890625,1,"(-22.215103149414062, -47.141136169433594, 666.5706787109375)",1,"(0.36396095156669617, 0.5188294649124146)","(-74.1880874633789, 150.99131774902344, 48.11930847167969)",1,4.1858062744140625,1,"(39.66917419433594, -48.43244171142578, 665.8528442382812)",1
7572633182,7534006585,"(0.3987966477870941, 0.5134682059288025)","(-54.913490295410156, 152.55929565429688, 48.69001770019531)",1,4.1471099853515625,1,"(-22.238121032714844, -47.133567810058594, 666.2554321289062)",1,"(0.3640412986278534, 0.5198584198951721)","(-74.14362335205078, 150.69039916992188, 48.0097541809082)",1,4.19708251953125,1,"(39.6346321105957, -48.41569900512695, 665.539306640625)",1
7572649906,7534023309,"(0.4034692943096161, 0.5154731273651123)","(-52.3281135559082, 151.97293090820312, 48.47655487060547)",1,4.1524658203125,1,"(-22.284772872924805, -47.12469482421875, 665.8992919921875)",1,"(0.367404043674469, 0.5235216021537781)","(-72.28302764892578, 149.61907958984375, 47.61983871459961)",1,4.2077484130859375,1,"(39.563507080078125, -48.39592361450195, 665.17919921875)",1
7572666559,7534039962,"(0.40515437722206116, 0.5179569125175476)","(-51.3957633972168, 151.24649047851562, 48.212162017822266)",1,4.1590118408203125,1,"(-22.33065414428711, -47.137203216552734, 665.9080810546875)",1,"(0.36799824237823486, 0.5236173868179321)","(-71.95426177978516, 149.59104919433594, 47.609649658203125)",1,4.2169647216796875,1,"(39.53106689453125, -48.406951904296875, 665.198974609375)",1
7572683148,7534056551,"(0.40669798851013184, 0.5187865495681763)","(-50.54166793823242, 151.00389099121094, 48.12385177612305)",1,4.177490234375,1,"(-22.36272430419922, -47.154212951660156, 666.0615844726562)",1,"(0.36876609921455383, 0.5225677490234375)","(-71.52937316894531, 149.8980255126953, 47.721370697021484)",1,4.224456787109375,1,"(39.51484298706055, -48.424163818359375, 665.3516845703125)",1
7572699820,7534073223,"(0.40566468238830566, 0.5122471451759338)","(-51.113372802734375, 152.91641235351562, 48.81996536254883)",1,4.1870880126953125,1,"(-22.398649215698242, -47.18293762207031, 666.3038940429688)",1,"(0.36819109320640564, 0.5209234952926636)","(-71.84754180908203, 150.37892150878906, 47.89640808105469)",1,4.2380218505859375,1,"(39.507694244384766, -48.45139694213867, 665.6062622070312)",1
7572716479,7534089882,"(0.4020131230354309, 0.513190746307373)","(-53.133819580078125, 152.64044189453125, 48.71956253051758)",1,4.19451904296875,1,"(-22.431184768676758, -47.20271301269531, 666.3224487304688)",1,"(0.3666859269142151, 0.5095561146736145)","(-72.68035125732422, 153.70343017578125, 49.1064453125)",1,4.251220703125,1,"(39.469390869140625, -48.470218658447266, 665.6198120117188)",1
7572733018,7534106421,"(0.3934771716594696, 0.5126646161079407)","(-57.85675811767578, 152.79432678222656, 48.77556228637695)",1,4.207244873046875,1,"(-22.472806930541992, -47.21541976928711, 666.3153076171875)",1,"(0.35327455401420593, 0.5087554454803467)","(-80.10086822509766, 153.9376220703125, 49.1916618347168)",1,4.2606353759765625,1,"(39.43852996826172, -48.462791442871094, 665.614501953125)",1
7572749736,7534123139,"(0.391031414270401, 0.507264256477356)","(-59.21000289916992, 154.3737335205078, 49.35033416748047)",1,4.224853515625,1,"(-22.513235092163086, -47.24321365356445, 666.2229614257812)",1,"(0.35093018412590027, 0.5038889646530151)","(-81.39799499511719, 155.36082458496094, 49.70967483520508)",1,4.2747955322265625,1,"(39.39791488647461, -48.47834014892578, 665.5130615234375)",1
7572766403,7534139806,"(0.39204761385917664, 0.5037795901298523)","(-58.64771270751953, 155.39285278320312, 49.7213249206543)",1,4.2260894775390625,1,"(-22.522932052612305, -47.226600646972656, 665.9789428710938)",1,"(0.3504658639431, 0.5077780485153198)","(-81.65493774414062, 154.2234344482422, 49.295719146728516)",1,4.291717529296875,1,"(39.383628845214844, -48.46444320678711, 665.2864990234375)",1
7572782984,7534156387,"(0.3921915888786316, 0.5069277286529541)","(-58.56807327270508, 154.47215270996094, 49.386226654052734)",1,4.2301025390625,1,"(-22.524648666381836, -47.21714782714844, 665.9824829101562)",1,"(0.351536363363266, 0.5142481327056885)","(-81.06258392333984, 152.33119201660156, 48.60698699951172)",1,4.300872802734375,1,"(39.38955307006836, -48.451866149902344, 665.2886352539062)",1
7572799651,7534173054,"(0.39148175716400146, 0.5068665742874146)","(-58.96080017089844, 154.49002075195312, 49.3926887512207)",1,4.246246337890625,1,"(-22.50984764099121, -47.19863510131836, 666.039794921875)",1,"(0.34931424260139465, 0.514267086982727)","(-82.29212188720703, 152.32566833496094, 48.60492706298828)",1,4.3194122314453125,1,"(39.42375946044922, -48.447025299072266, 665.3406982421875)",1
7572816323,7534189726,"(0.3911063075065613, 0.5099827647209167)","(-59.16856384277344, 153.57864379882812, 49.06100845336914)",1,4.26068115234375,1,"(-22.463624954223633, -47.173099517822266, 665.8928833007812)",1,"(0.35179832577705383, 0.511006236076355)","(-80.91766357421875, 153.2793426513672, 48.95206832885742)",1,4.32861328125,1,"(39.451663970947266, -48.436500549316406, 665.1930541992188)",1
7572832950,7534206353,"(0.3899383842945099, 0.5094611644744873)","(-59.81475067138672, 153.731201171875, 49.11650848388672)",1,4.2703857421875,1,"(-22.42898178100586, -47.150970458984375, 665.679931640625)",1,"(0.3533921539783478, 0.5094291567802429)","(-80.03581237792969, 153.74057006835938, 49.119930267333984)",1,4.333526611328125,1,"(39.46497344970703, -48.43074035644531, 664.9752197265625)",1
7572849663,7534223066,"(0.3924834430217743, 0.511469841003418)","(-58.406578063964844, 153.14373779296875, 48.90270233154297)",1,4.2767486572265625,1,"(-22.38372230529785, -47.121097564697266, 665.267333984375)",1,"(0.3517633378505707, 0.5088385343551636)","(-80.93704223632812, 153.9132843017578, 49.18278121948242)",1,4.3407135009765625,1,"(39.492584228515625, -48.4133186340332, 664.5443725585938)",1
7572866243,7534239647,"(0.3935528099536896, 0.5084080100059509)","(-57.8149299621582, 154.03921508789062, 49.22861099243164)",1,4.2791748046875,1,"(-22.348247528076172, -47.13264083862305, 665.0737915039062)",1,"(0.3505934178829193, 0.5077465772628784)","(-81.58434295654297, 154.23265075683594, 49.299076080322266)",1,4.3463287353515625,1,"(39.52125549316406, -48.4244384765625, 664.3616333007812)",1
7572882820,7534256224,"(0.3940676152706146, 0.5079847574234009)","(-57.5300407409668, 154.1630096435547, 49.27366256713867)",1,4.2805023193359375,1,"(-22.330896377563477, -47.141258239746094, 665.0064086914062)",1,"(0.35009610652923584, 0.5066688060760498)","(-81.8594970703125, 154.5478515625, 49.41378402709961)",1,4.34381103515625,1,"(39.53820037841797, -48.43926239013672, 664.2922973632812)",1
7572899483,7534272887,"(0.39455246925354004, 0.5027313232421875)","(-57.26179885864258, 155.69944763183594, 49.83292770385742)",1,4.27313232421875,1,"(-22.31814193725586, -47.167388916015625, 664.9574584960938)",1,"(0.3505972921848297, 0.504797637462616)","(-81.58220672607422, 155.09507751464844, 49.61298751831055)",1,4.351226806640625,1,"(39.55876159667969, -48.4644775390625, 664.2423706054688)",1
7572916163,7534289567,"(0.3951953649520874, 0.5047203898429871)","(-56.906097412109375, 155.11769104003906, 49.6212158203125)",1,4.2797698974609375,1,"(-22.31041717529297, -47.199790954589844, 664.9972534179688)",1,"(0.34895268082618713, 0.5078476071357727)","(-82.49214935302734, 154.20310974121094, 49.288299560546875)",1,4.3530731201171875,1,"(39.57857131958008, -48.490787506103516, 664.2815551757812)",1
7572932688,7534306092,"(0.3923967182636261, 0.5093454718589783)","(-58.4545783996582, 153.76502990722656, 49.12887191772461)",1,4.27789306640625,1,"(-22.278953552246094, -47.214012145996094, 665.0126953125)",1,"(0.35059410333633423, 0.5102078914642334)","(-81.58394622802734, 153.5128173828125, 49.037044525146484)",1,4.3528900146484375,1,"(39.59898376464844, -48.498085021972656, 664.2975463867188)",1
7572949397,7534322801,"(0.44766002893447876, 0.5036178827285767)","(-27.877378463745117, 155.44015502929688, 49.73854064941406)",1,4.3080596923828125,1,"(-21.914093017578125, -47.18740463256836, 664.884033203125)",1,"(0.43558910489082336, 0.5117760896682739)","(-34.556217193603516, 153.05418395996094, 48.870121002197266)",1,4.3913726806640625,1,"(39.90452575683594, -48.461631774902344, 664.0741577148438)",1
7572966083,7534339487,"(0.6130197644233704, 0.45290422439575195)","(63.61623764038086, 170.27195739746094, 55.136871337890625)",1,4.30218505859375,1,"(-21.005266189575195, -46.959163665771484, 663.5645141601562)",1,"(0.5974699258804321, 0.4605638384819031)","(55.0124626159668, 168.0318145751953, 54.321533203125)",1,4.3457489013671875,1,"(40.539310455322266, -48.305015563964844, 662.7604370117188)",1
7572982654,7534356058,"(0.6818593144416809, 0.44505563378334045)","(101.70514678955078, 172.56735229492188, 55.97231674194336)",1,4.3253631591796875,1,"(-20.634706497192383, -46.935157775878906, 664.1478881835938)",1,"(0.6589419841766357, 0.4608091115951538)","(89.02495574951172, 167.96006774902344, 54.2953987121582)",1,4.3260040283203125,1,"(40.896766662597656, -48.29138946533203, 663.2439575195312)",1
7572999409,7534372813,"(0.6960757970809937, 0.42394891381263733)","(109.57110595703125, 178.7402801513672, 58.21910095214844)",1,4.305389404296875,1,"(-20.439191818237305, -46.88732147216797, 663.8743896484375)",1,"(0.6732707023620605, 0.4644845724105835)","(96.95303344726562, 166.8851318359375, 53.90419387817383)",1,4.33465576171875,1,"(41.048866271972656, -48.23185729980469, 662.9288940429688)",1
7573015999,7534389403,"(0.7004457116127014, 0.4240313470363617)","(111.98898315429688, 178.71615600585938, 58.21035385131836)",1,4.281158447265625,1,"(-20.374683380126953, -46.78036117553711, 662.823974609375)",1,"(0.6767904758453369, 0.46954989433288574)","(98.90052032470703, 165.4037322998047, 53.365020751953125)",1,4.3184967041015625,1,"(41.03263473510742, -48.13301086425781, 661.9459838867188)",1
7573032524,7534405929,"(0.7007877826690674, 0.4242554306983948)","(112.17823791503906, 178.65061950683594, 58.18648147583008)",1,4.28790283203125,1,"(-20.36612319946289, -46.77958297729492, 663.1130981445312)",1,"(0.6704517602920532, 0.47003164887428284)","(95.393310546875, 165.26283264160156, 53.313716888427734)",1,4.3120880126953125,1,"(41.10554885864258, -48.134674072265625, 662.2291870117188)",1
7573049325,7534422730,"(0.7068390846252441, 0.4407636225223541)","(115.52642822265625, 173.82261657714844, 56.429222106933594)",1,4.3266754150390625,1,"(-20.33548355102539, -46.744659423828125, 663.36572265625)",1,"(0.6683923006057739, 0.46540597081184387)","(94.25382232666016, 166.61569213867188, 53.80609893798828)",1,4.3054046630859375,1,"(41.21145248413086, -48.13164138793945, 662.4892578125)",1
7573065923,7534439328,"(0.7080959677696228, 0.437940388917923)","(116.22189331054688, 174.64828491210938, 56.7297477722168)",1,4.3087310791015625,1,"(-20.274194717407227, -46.7076416015625, 663.3704223632812)",1,"(0.6715673804283142, 0.4632259011268616)","(96.01060485839844, 167.25323486328125, 54.038177490234375)",1,4.2955780029296875,1,"(41.286922454833984, -48.1201057434082, 662.4851684570312)",1
7573082490,7534455895,"(0.7006057500839233, 0.43167662620544434)","(112.07755279541016, 176.48019409179688, 57.396541595458984)",1,4.29437255859375,1,"(-20.212541580200195, -46.68215560913086, 663.2140502929688)",1,"(0.6714134812355042, 0.4634510576725006)","(95.92544555664062, 167.18739318847656, 54.014259338378906)",1,4.289459228515625,1,"(41.33327865600586, -48.10544204711914, 662.3360595703125)",1
7573099240,7534472645,"(0.698585033416748, 0.4335622489452362)","(110.95952606201172, 175.9287109375, 57.1957893371582)",1,4.29669189453125,1,"(-20.12152099609375, -46.65233612060547, 662.9757690429688)",1,"(0.6717170476913452, 0.4610689878463745)","(96.09342956542969, 167.88406372070312, 54.26774597167969)",1,4.2862548828125,1,"(41.41554641723633, -48.09163284301758, 662.0740356445312)",1
7573115839,7534489244,"(0.7063758969306946, 0.43377333879470825)","(115.27018737792969, 175.86697387695312, 57.173336029052734)",1,4.2982635498046875,1,"(-20.074359893798828, -46.654415130615234, 662.9269409179688)",1,"(0.6739274859428406, 0.46355995535850525)","(97.31646728515625, 167.1555633544922, 54.002593994140625)",1,4.2847442626953125,1,"(41.48590850830078, -48.10178756713867, 662.0210571289062)",1
7573132359,7534505764,"(0.7057329416275024, 0.4295088052749634)","(114.91444396972656, 177.1142120361328, 57.627281188964844)",1,4.29327392578125,1,"(-20.019235610961914, -46.66786193847656, 662.8654174804688)",1,"(0.6722980737686157, 0.46385887265205383)","(96.41490936279297, 167.06813049316406, 53.97079086303711)",1,4.2843780517578125,1,"(41.53941345214844, -48.110042572021484, 661.9716186523438)",1
7573149156,7534522561,"(0.6989432573318481, 0.42487114667892456)","(111.15769958496094, 178.4705810546875, 58.12091827392578)",1,4.272918701171875,1,"(-19.922916412353516, -46.66880416870117, 662.6290283203125)",1,"(0.6724020838737488, 0.4671746492385864)","(96.47244262695312, 166.098388671875, 53.617855072021484)",1,4.2667999267578125,1,"(41.60367965698242, -48.11947250366211, 661.7085571289062)",1
7573165759,7534539165,"(0.7031104564666748, 0.42517948150634766)","(113.46337127685547, 178.38037109375, 58.088134765625)",1,4.28167724609375,1,"(-19.86379051208496, -46.6967887878418, 662.6830444335938)",1,"(0.6744796633720398, 0.46493351459503174)","(97.62196350097656, 166.75384521484375, 53.85641098022461)",1,4.26763916015625,1,"(41.68039321899414, -48.16209411621094, 661.7571411132812)",1
7573182229,7534555635,"(0.7028186917304993, 0.4261315166950226)","(113.3019790649414, 178.10195922851562, 57.98676681518555)",1,4.284698486328125,1,"(-19.815706253051758, -46.723758697509766, 662.8572998046875)",1,"(0.6747737526893616, 0.4598886966705322)","(97.78470611572266, 168.229248046875, 54.39341354370117)",1,4.26849365234375,1,"(41.75283432006836, -48.20532989501953, 661.9296264648438)",1
7573199072,7534572478,"(0.6984388828277588, 0.41998738050460815)","(110.87863159179688, 179.8988800048828, 58.640811920166016)",1,4.28387451171875,1,"(-19.721471786499023, -46.760284423828125, 662.9651489257812)",1,"(0.6744696497917175, 0.45712533593177795)","(97.61640167236328, 169.03741455078125, 54.68755340576172)",1,4.259429931640625,1,"(41.85333251953125, -48.2477912902832, 662.0331420898438)",1
7573215679,7534589085,"(0.7032310366630554, 0.41767385601997375)","(113.53013610839844, 180.5754852294922, 58.887081146240234)",1,4.2750396728515625,1,"(-19.64982032775879, -46.78783416748047, 663.0980834960938)",1,"(0.6734436750411987, 0.4614456593990326)","(97.04876708984375, 167.77392578125, 54.22761154174805)",1,4.2610626220703125,1,"(41.953758239746094, -48.27867126464844, 662.1537475585938)",1
7573232195,7534605601,"(0.7034851908683777, 0.423366904258728)","(113.67072296142578, 178.91049194335938, 58.28105545043945)",1,4.2818450927734375,1,"(-19.588441848754883, -46.78890609741211, 663.1609497070312)",1,"(0.6708177328109741, 0.46442094445228577)","(95.5958251953125, 166.9037628173828, 53.910953521728516)",1,4.2663421630859375,1,"(42.02180480957031, -48.295440673828125, 662.21826171875)",1
7573248986,7534622392,"(0.703620433807373, 0.4161778390407562)","(113.74560546875, 181.01300048828125, 59.04633331298828)",1,4.2629547119140625,1,"(-19.473237991333008, -46.737037658691406, 663.0511474609375)",1,"(0.6756556034088135, 0.45188018679618835)","(98.27262115478516, 170.57142639160156, 55.245880126953125)",1,4.247955322265625,1,"(42.09440231323242, -48.2701530456543, 662.0912475585938)",1
7573265599,7534639005,"(0.7090448141098022, 0.37952062487602234)","(116.74687957763672, 191.7338409423828, 62.94837951660156)",1,4.2511749267578125,1,"(-19.334875106811523, -46.635379791259766, 662.9610595703125)",1,"(0.6846345663070679, 0.42122557759284973)","(103.24070739746094, 179.53672790527344, 58.508995056152344)",1,4.227935791015625,1,"(42.1678352355957, -48.172264099121094, 662.001953125)",1
7573282161,7534655567,"(0.7035068869590759, 0.37865549325942993)","(113.68274688720703, 191.98684692382812, 63.040470123291016)",1,4.2388153076171875,1,"(-19.268293380737305, -46.62900924682617, 663.0697021484375)",1,"(0.6813227534294128, 0.4276268184185028)","(101.40825653076172, 177.6646270751953, 57.82760238647461)",1,4.2299346923828125,1,"(42.238609313964844, -48.161888122558594, 662.0972900390625)",1
7573298902,7534672308,"(0.7059574723243713, 0.37941911816596985)","(115.03862762451172, 191.76353454589844, 62.95917892456055)",1,4.2320098876953125,1,"(-19.226879119873047, -46.63255310058594, 663.0773315429688)",1,"(0.6788789629936218, 0.42833447456359863)","(100.05607604980469, 177.45767211914062, 57.752235412597656)",1,4.2350921630859375,1,"(42.3171501159668, -48.180877685546875, 662.0936279296875)",1
7573315519,7534688926,"(0.7129940390586853, 0.3795585036277771)","(118.9320068359375, 191.7227325439453, 62.94438552856445)",1,4.2319488525390625,1,"(-19.198759078979492, -46.632347106933594, 663.0621337890625)",1,"(0.6793452501296997, 0.42609190940856934)","(100.31407928466797, 178.11354064941406, 57.990966796875)",1,4.2343292236328125,1,"(42.36246871948242, -48.19214630126953, 662.0810546875)",1
7573332031,7534705438,"(0.7117375731468201, 0.38494226336479187)","(118.23680877685547, 190.14820861816406, 62.371280670166016)",1,4.2374267578125,1,"(-19.17764663696289, -46.648963928222656, 663.2329711914062)",1,"(0.6826696991920471, 0.4202253520488739)","(102.15351867675781, 179.82925415039062, 58.61545181274414)",1,4.235076904296875,1,"(42.40433120727539, -48.212989807128906, 662.2462158203125)",1
7573348817,7534722224,"(0.7096210718154907, 0.37830960750579834)","(117.06571197509766, 192.08804321289062, 63.077274322509766)",1,4.2093658447265625,1,"(-19.146011352539062, -46.6712646484375, 663.443603515625)",1,"(0.6822566390037537, 0.41696229577064514)","(101.92498016357422, 180.7835693359375, 58.962806701660156)",1,4.2281951904296875,1,"(42.457374572753906, -48.23931121826172, 662.466064453125)",1
7573365439,7534738846,"(0.7088611125946045, 0.37729763984680176)","(116.64521026611328, 192.3839874267578, 63.18505096435547)",1,4.198394775390625,1,"(-19.117473602294922, -46.69051742553711, 663.5763549804688)",1,"(0.6803370714187622, 0.4169805645942688)","(100.86289978027344, 180.77821350097656, 58.96089172363281)",1,4.230377197265625,1,"(42.49453353881836, -48.26054763793945, 662.5910034179688)",1
7573381997,7534755404,"(0.7094581723213196, 0.3795541524887085)","(116.9755630493164, 191.7240447998047, 62.9448356628418)",1,4.20648193359375,1,"(-19.09595489501953, -46.70188522338867, 663.5770874023438)",1,"(0.6792144179344177, 0.41770902276039124)","(100.24173736572266, 180.56517028808594, 58.883331298828125)",1,4.2412261962890625,1,"(42.51628875732422, -48.26840591430664, 662.5960693359375)",1
7573398733,7534772140,"(0.7064566016197205, 0.3818747103214264)","(115.31478881835938, 191.0453643798828, 62.69776916503906)",1,4.2126312255859375,1,"(-19.05463409423828, -46.70736312866211, 663.4698486328125)",1,"(0.677804172039032, 0.4162819981575012)","(99.4614486694336, 180.98255920410156, 59.03522872924805)",1,4.250152587890625,1,"(42.540897369384766, -48.275699615478516, 662.477783203125)",1
7573415359,7534788766,"(0.7053375244140625, 0.3868827521800995)","(114.69564056396484, 189.58071899414062, 62.1646614074707)",1,4.2200164794921875,1,"(-19.02715492248535, -46.7002067565918, 663.3519287109375)",1,"(0.6766735911369324, 0.41912317276000977)","(98.83586883544922, 180.15162658691406, 58.73277282714844)",1,4.25665283203125,1,"(42.56883239746094, -48.275489807128906, 662.3612060546875)",1
7573431865,7534805272,"(0.7060176730155945, 0.38893797993659973)","(115.07200622558594, 188.97964477539062, 61.94589614868164)",1,4.21722412109375,1,"(-19.010814666748047, -46.6953239440918, 663.3099975585938)",1,"(0.6766756772994995, 0.4185531437397003)","(98.83702850341797, 180.318359375, 58.79340744018555)",1,4.26251220703125,1,"(42.58223342895508, -48.27900695800781, 662.3163452148438)",1
7573448649,7534822056,"(0.7093312740325928, 0.3838176727294922)","(116.90541076660156, 190.47711181640625, 62.49095153808594)",1,4.208892822265625,1,"(-18.991575241088867, -46.69535827636719, 663.3568115234375)",1,"(0.6796215772628784, 0.41531693935394287)","(100.46700286865234, 181.26480102539062, 59.13795852661133)",1,4.263885498046875,1,"(42.61381912231445, -48.28975296020508, 662.3660888671875)",1
7573465279,7534838686,"(0.709345817565918, 0.3854735791683197)","(116.91346740722656, 189.99281311035156, 62.31467056274414)",1,4.20867919921875,1,"(-18.968538284301758, -46.69204330444336, 663.3911743164062)",1,"(0.6813039779663086, 0.4188005030155182)","(101.39787292480469, 180.24598693847656, 58.76713943481445)",1,4.2736968994140625,1,"(42.63883590698242, -48.287452697753906, 662.3963623046875)",1
7573481831,7534855239,"(0.7126356363296509, 0.3852132558822632)","(118.73367309570312, 190.06895446777344, 62.34238815307617)",1,4.2168731689453125,1,"(-18.95334815979004, -46.68573760986328, 663.3744506835938)",1,"(0.6806625127792358, 0.41652655601501465)","(101.04293060302734, 180.91104125976562, 59.00920867919922)",1,4.269805908203125,1,"(42.652889251708984, -48.279754638671875, 662.3781127929688)",1
7573498563,7534871971,"(0.7106906175613403, 0.383959025144577)","(117.6574935913086, 190.43577575683594, 62.47590255737305)",1,4.2183990478515625,1,"(-18.928936004638672, -46.680355072021484, 663.4030151367188)",1,"(0.6822127103805542, 0.413909912109375)","(101.90065002441406, 181.67630004882812, 59.287723541259766)",1,4.25946044921875,1,"(42.67475891113281, -48.27725601196289, 662.4081420898438)",1
7573515199,7534888607,"(0.7094421982765198, 0.38431158661842346)","(116.96675109863281, 190.3326873779297, 62.43839645385742)",1,4.2204132080078125,1,"(-18.9224910736084, -46.694557189941406, 663.4935913085938)",1,"(0.6784126162528992, 0.41693413257598877)","(99.79811096191406, 180.79183959960938, 58.965763092041016)",1,4.287750244140625,1,"(42.682373046875, -48.295921325683594, 662.4931030273438)",1
7573531701,7534905109,"(0.7082468271255493, 0.38398993015289307)","(116.30533599853516, 190.42677307128906, 62.47261428833008)",1,4.2186279296875,1,"(-18.922977447509766, -46.70299530029297, 663.4993896484375)",1,"(0.6787150502204895, 0.4168524742126465)","(99.9654312133789, 180.81568908691406, 58.97447204589844)",1,4.2886810302734375,1,"(42.683074951171875, -48.30099105834961, 662.501953125)",1
7573548479,7534921887,"(0.7089266777038574, 0.38618090748786926)","(116.6815185546875, 189.7859649658203, 62.23942565917969)",1,4.2276611328125,1,"(-18.926883697509766, -46.70644760131836, 663.5189208984375)",1,"(0.678361177444458, 0.41726717352867126)","(99.76962280273438, 180.69444274902344, 58.93032455444336)",1,4.298919677734375,1,"(42.681400299072266, -48.31150817871094, 662.5232543945312)",1
7573565119,7534938527,"(0.7094542980194092, 0.3858535587787628)","(116.97342681884766, 189.8817138671875, 62.27421188354492)",1,4.235931396484375,1,"(-18.935707092285156, -46.695068359375, 663.5478515625)",1,"(0.6797805428504944, 0.41464167833328247)","(100.55493927001953, 181.46229553222656, 59.20983123779297)",1,4.305694580078125,1,"(42.68115234375, -48.308780670166016, 662.5509033203125)",1
7573581667,7534955075,"(0.7108587622642517, 0.3841063380241394)","(117.75050354003906, 190.39273071289062, 62.4601936340332)",1,4.2427825927734375,1,"(-18.94178581237793, -46.68301773071289, 663.5679321289062)",1,"(0.6795090436935425, 0.4162392318248749)","(100.40477752685547, 180.99505615234375, 59.039794921875)",1,4.3121185302734375,1,"(42.68470764160156, -48.30622863769531, 662.5703125)",1
7573598394,7534971802,"(0.7089918255805969, 0.37734097242355347)","(116.71754455566406, 192.37132263183594, 63.18034362792969)",1,4.245574951171875,1,"(-18.939422607421875, -46.674110412597656, 663.6460571289062)",1,"(0.6812444925308228, 0.40867072343826294)","(101.36494445800781, 183.20855712890625, 59.84544372558594)",1,4.2998046875,1,"(42.69707489013672, -48.30455017089844, 662.655029296875)",1
7573615039,7534988447,"(0.7084606885910034, 0.3781280815601349)","(116.4236831665039, 192.14109802246094, 63.096622467041016)",1,4.2530364990234375,1,"(-18.949207305908203, -46.67469787597656, 663.8023681640625)",1,"(0.681740939617157, 0.4079541563987732)","(101.63961029052734, 183.4181671142578, 59.92168045043945)",1,4.30279541015625,1,"(42.701622009277344, -48.30763244628906, 662.804443359375)",1
7573631537,7535004946,"(0.709291398525238, 0.3770008981227875)","(116.88331604003906, 192.47076416015625, 63.21660232543945)",1,4.253875732421875,1,"(-18.967069625854492, -46.67612075805664, 663.8709716796875)",1,"(0.6835297346115112, 0.40774694085121155)","(102.62935638427734, 183.47874450683594, 59.94376754760742)",1,4.3144073486328125,1,"(42.69711685180664, -48.3090705871582, 662.87060546875)",1
7573648310,7535021719,"(0.710411548614502, 0.3803887367248535)","(117.50310516357422, 191.47996520996094, 62.85597229003906)",1,4.261871337890625,1,"(-19.00391960144043, -46.6862907409668, 663.9376220703125)",1,"(0.6809015870094299, 0.41538193821907043)","(101.17520904541016, 181.24578857421875, 59.13105773925781)",1,4.3375244140625,1,"(42.665767669677734, -48.3189697265625, 662.9453735351562)",1
7573664959,7535038368,"(0.7053763270378113, 0.38029322028160095)","(114.71707153320312, 191.50791931152344, 62.86610412597656)",1,4.2612762451171875,1,"(-19.040225982666016, -46.70098114013672, 663.9318237304688)",1,"(0.6796517968177795, 0.4161740839481354)","(100.48369598388672, 181.0141143798828, 59.04670715332031)",1,4.342041015625,1,"(42.612205505371094, -48.332550048828125, 662.9463500976562)",1
7573681502,7535054911,"(0.706175684928894, 0.3855370581150055)","(115.15937805175781, 189.9742889404297, 62.30790328979492)",1,4.2857208251953125,1,"(-19.08441925048828, -46.72412109375, 663.9097900390625)",1,"(0.6808067560195923, 0.4157728850841522)","(101.12276458740234, 181.13140869140625, 59.08943176269531)",1,4.3437957763671875,1,"(42.56896209716797, -48.33659744262695, 662.9302368164062)",1
7573698226,7535071635,"(0.7083448767662048, 0.3867606818675995)","(116.359619140625, 189.6164093017578, 62.17770767211914)",1,4.2830810546875,1,"(-19.184223175048828, -46.74408721923828, 663.787109375)",1,"(0.6816574931144714, 0.4144655168056488)","(101.59349822998047, 181.5137939453125, 59.228546142578125)",1,4.352020263671875,1,"(42.4716682434082, -48.332786560058594, 662.8076171875)",1
7573714879,7535088288,"(0.7050438523292542, 0.38704314827919006)","(114.53312683105469, 189.53379821777344, 62.14763259887695)",1,4.2888946533203125,1,"(-19.255117416381836, -46.752281188964844, 663.4847412109375)",1,"(0.6777036190032959, 0.4151909351348877)","(99.40579986572266, 181.3016357421875, 59.151371002197266)",1,4.3627777099609375,1,"(42.36992263793945, -48.317298889160156, 662.5269775390625)",1
7573731372,7535104781,"(0.7032991051673889, 0.38837262988090515)","(113.56781768798828, 189.1449737548828, 62.00609588623047)",1,4.2994232177734375,1,"(-19.306982040405273, -46.76435089111328, 663.4664916992188)",1,"(0.6786980628967285, 0.41625821590423584)","(99.95602416992188, 180.989501953125, 59.03779602050781)",1,4.365570068359375,1,"(42.31148147583008, -48.315059661865234, 662.5042724609375)",1
7573748140,7535121549,"(0.6639761924743652, 0.42452874779701233)","(91.81043243408203, 178.57069396972656, 58.1573486328125)",1,4.317352294921875,1,"(-19.58057975769043, -46.858001708984375, 663.2483520507812)",1,"(0.6373701095581055, 0.44921770691871643)","(77.0892333984375, 171.35011291503906, 55.529335021972656)",1,4.3771820068359375,1,"(41.965179443359375, -48.370487213134766, 662.2852172851562)",1
7573764799,7535138208,"(0.5570876002311707, 0.5116364359855652)","(32.668914794921875, 153.0950164794922, 48.88496780395508)",1,4.3181610107421875,1,"(-20.13824462890625, -47.09579849243164, 663.6346435546875)",1,"(0.5281063318252563, 0.5255521535873413)","(16.63360595703125, 149.0251922607422, 47.40375900268555)",1,4.40618896484375,1,"(41.393798828125, -48.554229736328125, 662.7136840820312)",1
7573781338,7535154748,"(0.5342022776603699, 0.5390666127204895)","(20.00649070739746, 145.07273864746094, 45.96509552001953)",1,4.3117523193359375,1,"(-20.3072452545166, -47.15501022338867, 663.7578125)",1,"(0.4968031942844391, 0.5556004047393799)","(-0.6864442825317383, 140.2372283935547, 44.2051887512207)",1,4.413665771484375,1,"(41.21974182128906, -48.60044860839844, 662.9428100585938)",1
7573798056,7535171466,"(0.5266435146331787, 0.5331986546516418)","(15.824203491210938, 146.7888946533203, 46.589698791503906)",1,4.30902099609375,1,"(-20.346277236938477, -47.13675308227539, 663.70849609375)",1,"(0.4950714111328125, 0.5565909147262573)","(-1.6446597576141357, 139.9475555419922, 44.099666595458984)",1,4.4124603271484375,1,"(41.21133041381836, -48.57716751098633, 662.8876342773438)",1
7573814719,7535188129,"(0.5209336280822754, 0.5334883332252502)","(12.664915084838867, 146.7041778564453, 46.55888748168945)",1,4.32135009765625,1,"(-20.364990234375, -47.138938903808594, 664.072021484375)",1,"(0.49122968316078186, 0.5602232217788696)","(-3.770293951034546, 138.88525390625, 43.713043212890625)",1,4.419769287109375,1,"(41.24635314941406, -48.57638168334961, 663.207763671875)",1
7573831304,7535204714,"(0.5242733955383301, 0.5335493087768555)","(14.512834548950195, 146.6863250732422, 46.55238723754883)",1,4.324462890625,1,"(-20.36807632446289, -47.120914459228516, 664.0473022460938)",1,"(0.49016308784484863, 0.5598530769348145)","(-4.360445976257324, 138.99351501464844, 43.75244140625)",1,4.4193267822265625,1,"(41.25978088378906, -48.562496185302734, 663.1810913085938)",1
7573847971,7535221381,"(0.5255657434463501, 0.530236005783081)","(15.227851867675781, 147.65533447265625, 46.90507125854492)",1,4.3293914794921875,1,"(-20.364910125732422, -47.10289001464844, 664.04150390625)",1,"(0.4923297166824341, 0.5594353079795837)","(-3.1616194248199463, 139.1156768798828, 43.796913146972656)",1,4.420166015625,1,"(41.28717803955078, -48.55433654785156, 663.169921875)",1
7573864639,7535238049,"(0.5272853374481201, 0.5301251411437988)","(16.179351806640625, 147.68777465820312, 46.9168815612793)",1,4.3314056396484375,1,"(-20.348363876342773, -47.068729400634766, 664.0028076171875)",1,"(0.49586373567581177, 0.5648483633995056)","(-1.206246256828308, 137.53256225585938, 43.220726013183594)",1,4.4264373779296875,1,"(41.30840301513672, -48.53216552734375, 663.1275634765625)",1
7573881174,7535254584,"(0.5268394947052002, 0.5334792137145996)","(15.932622909545898, 146.70687866210938, 46.55986785888672)",1,4.333251953125,1,"(-20.328275680541992, -47.036720275878906, 663.912353515625)",1,"(0.49572959542274475, 0.562383234500885)","(-1.280471682548523, 138.25352478027344, 43.48313522338867)",1,4.4160919189453125,1,"(41.3243408203125, -48.514122009277344, 663.0340576171875)",1
7573897983,7535271393,"(0.5279611349105835, 0.5368779301643372)","(16.553247451782227, 145.7128448486328, 46.19808578491211)",1,4.337066650390625,1,"(-20.306631088256836, -46.99128341674805, 663.8035888671875)",1,"(0.4949527382850647, 0.5611364841461182)","(-1.7102802991867065, 138.61813354492188, 43.615814208984375)",1,4.4122772216796875,1,"(41.354286193847656, -48.482879638671875, 662.919921875)",1
7573914559,7535287969,"(0.5291664600372314, 0.5394912958145142)","(17.220142364501953, 144.94857788085938, 45.91989517211914)",1,4.331268310546875,1,"(-20.29059410095215, -46.97796630859375, 663.788818359375)",1,"(0.49389004707336426, 0.5681279897689819)","(-2.29826021194458, 136.57337951660156, 42.87162780761719)",1,4.4323272705078125,1,"(41.38222885131836, -48.467979431152344, 662.9071655273438)",1
7573931140,7535304551,"(0.5291463732719421, 0.5407648682594299)","(17.20903205871582, 144.57606506347656, 45.784324645996094)",1,4.3338165283203125,1,"(-20.280017852783203, -46.97825622558594, 663.7285766601562)",1,"(0.49260392785072327, 0.5658455491065979)","(-3.0098931789398193, 137.24093627929688, 43.114601135253906)",1,4.4277496337890625,1,"(41.398406982421875, -48.46996307373047, 662.8499755859375)",1
7573947803,7535321214,"(0.5276164412498474, 0.5371352434158325)","(16.3625431060791, 145.6375732421875, 46.170692443847656)",1,4.3362579345703125,1,"(-20.270675659179688, -46.97740173339844, 663.526123046875)",1,"(0.49211397767066956, 0.5615071654319763)","(-3.2809884548187256, 138.50973510742188, 43.576351165771484)",1,4.415863037109375,1,"(41.397117614746094, -48.47243118286133, 662.6351318359375)",1
7573964479,7535337890,"(0.5262272357940674, 0.5380644202232361)","(15.593901634216309, 145.36582946777344, 46.07179260253906)",1,4.3313140869140625,1,"(-20.26968002319336, -46.98448944091797, 663.3341064453125)",1,"(0.49116000533103943, 0.559388279914856)","(-3.8088226318359375, 139.1294403076172, 43.801910400390625)",1,4.4189300537109375,1,"(41.38365936279297, -48.489871978759766, 662.4537353515625)",1
7573981008,7535354419,"(0.5267236232757568, 0.5397942066192627)","(15.868517875671387, 144.85995483398438, 45.88768005371094)",1,4.3360443115234375,1,"(-20.277835845947266, -46.99026870727539, 663.3211059570312)",1,"(0.4926453232765198, 0.5606846809387207)","(-2.9870123863220215, 138.75030517578125, 43.663917541503906)",1,4.424102783203125,1,"(41.37563705444336, -48.49812316894531, 662.4418334960938)",1
7573997815,7535371226,"(0.527752161026001, 0.5372238159179688)","(16.4376163482666, 145.61167907714844, 46.1612663269043)",1,4.329620361328125,1,"(-20.297618865966797, -46.99986267089844, 663.3678588867188)",1,"(0.4926578402519226, 0.5638701915740967)","(-2.9800941944122314, 137.81861877441406, 43.324859619140625)",1,4.4173431396484375,1,"(41.36583709716797, -48.501976013183594, 662.494140625)",1
7574014399,7535387810,"(0.5272862911224365, 0.5408096313476562)","(16.179880142211914, 144.56295776367188, 45.77960205078125)",1,4.3289642333984375,1,"(-20.319623947143555, -47.00855255126953, 663.4593505859375)",1,"(0.49301958084106445, 0.5633727312088013)","(-2.7799134254455566, 137.96412658691406, 43.37782669067383)",1,4.4037017822265625,1,"(41.35230255126953, -48.50844955444336, 662.5822143554688)",1
7574030974,7535404385,"(0.5241901278495789, 0.5392630100250244)","(14.466736793518066, 145.01531982421875, 45.944210052490234)",1,4.3205413818359375,1,"(-20.334409713745117, -47.03462219238281, 663.4910278320312)",1,"(0.4912625551223755, 0.5656346678733826)","(-3.7520954608917236, 137.30259704589844, 43.137020111083984)",1,4.393524169921875,1,"(41.323665618896484, -48.522090911865234, 662.6101684570312)",1
7574047633,7535421045,"(0.5068133473396301, 0.6102929711341858)","(4.85214376449585, 124.24172973632812, 38.38325500488281)",1,4.2921142578125,1,"(-20.377952575683594, -47.152587890625, 663.3432006835938)",1,"(0.47201064229011536, 0.6479074954986572)","(-14.404192924499512, 113.24092864990234, 34.37931442260742)",1,4.3808746337890625,1,"(41.169010162353516, -48.65182113647461, 662.4624633789062)",1
7574064319,7535437731,"(0.5109795928001404, 0.6445401310920715)","(7.15736198425293, 114.2258071899414, 34.73769760131836)",1,4.276885986328125,1,"(-20.474470138549805, -47.25351333618164, 663.0840454101562)",1,"(0.4748530387878418, 0.6788885593414307)","(-12.831474304199219, 104.18017578125, 31.081466674804688)",1,4.3574981689453125,1,"(41.07329177856445, -48.71390914916992, 662.2359008789062)",1
7574080844,7535454256,"(0.5101342797279358, 0.6434193253517151)","(6.689637184143066, 114.5536117553711, 34.85700225830078)",1,4.2756805419921875,1,"(-20.52693748474121, -47.28110122680664, 663.1483154296875)",1,"(0.4709354341030121, 0.6770870685577393)","(-14.999068260192871, 104.70703887939453, 31.273178100585938)",1,4.3558807373046875,1,"(41.05833053588867, -48.71708297729492, 662.3030395507812)",1
7574097645,7535471057,"(0.5035202503204346, 0.6487383842468262)","(3.030097723007202, 112.9979476928711, 34.29081726074219)",1,4.24737548828125,1,"(-20.577543258666992, -47.28182601928711, 663.2454223632812)",1,"(0.4686407446861267, 0.6839675307273865)","(-16.268722534179688, 102.69474029541016, 30.540794372558594)",1,4.327911376953125,1,"(41.019691467285156, -48.70527267456055, 662.4000854492188)",1
7574114243,7535487655,"(0.5077913999557495, 0.6526127457618713)","(5.39334774017334, 111.86480712890625, 33.8784294128418)",1,4.2292022705078125,1,"(-20.662199020385742, -47.27484130859375, 663.1470336914062)",1,"(0.4683031439781189, 0.6856334805488586)","(-16.455533981323242, 102.20755767822266, 30.363447189331055)",1,4.3137054443359375,1,"(40.96708297729492, -48.68577575683594, 662.30810546875)",1
7574130810,7535504222,"(0.5121064782142639, 0.6517453789710999)","(7.780862808227539, 112.11849975585938, 33.97072982788086)",1,4.218231201171875,1,"(-20.718305587768555, -47.28842544555664, 663.1182861328125)",1,"(0.47103676199913025, 0.680181622505188)","(-14.94300365447998, 103.80200958251953, 30.943775177001953)",1,4.2821044921875,1,"(40.932037353515625, -48.685428619384766, 662.2830810546875)",1
7574147560,7535520972,"(0.5147899985313416, 0.6585003137588501)","(9.265678405761719, 110.14295196533203, 33.25172424316406)",1,4.214752197265625,1,"(-20.75973892211914, -47.30781555175781, 663.2530517578125)",1,"(0.47130563855171204, 0.6749578714370728)","(-14.794228553771973, 105.32972717285156, 31.499853134155273)",1,4.2615509033203125,1,"(40.902198791503906, -48.697242736816406, 662.42138671875)",1
7574164163,7535537575,"(0.5092340707778931, 0.6654210090637207)","(6.191560745239258, 108.11891174316406, 32.51505661010742)",1,4.2026824951171875,1,"(-20.75747299194336, -47.299476623535156, 663.1021728515625)",1,"(0.47234997153282166, 0.6733598709106445)","(-14.216401100158691, 105.79710388183594, 31.66996192932129)",1,4.24755859375,1,"(40.879703521728516, -48.69272994995117, 662.2733154296875)",1
7574180776,7535554189,"(0.505702793598175, 0.6604454517364502)","(4.237660884857178, 109.57408142089844, 33.04467010498047)",1,4.1813507080078125,1,"(-20.756608963012695, -47.301212310791016, 663.0702514648438)",1,"(0.4712381958961487, 0.6762394309043884)","(-14.83156967163086, 104.95496368408203, 31.36344337463379)",1,4.2469940185546875,1,"(40.8763313293457, -48.69363784790039, 662.2359008789062)",1
7574197476,7535570889,"(0.5076023936271667, 0.6639232039451599)","(5.2887282371521, 108.55695343017578, 32.67448806762695)",1,4.1819305419921875,1,"(-20.755390167236328, -47.30009460449219, 663.0296630859375)",1,"(0.4720667004585266, 0.6785042881965637)","(-14.373154640197754, 104.29255676269531, 31.122352600097656)",1,4.233978271484375,1,"(40.887664794921875, -48.69733428955078, 662.1920776367188)",1
7574214083,7535587496,"(0.5111720561981201, 0.6616451740264893)","(7.2638421058654785, 109.22315216064453, 32.91696548461914)",1,4.1694488525390625,1,"(-20.747295379638672, -47.306270599365234, 663.0044555664062)",1,"(0.471005916595459, 0.6780645251274109)","(-14.960062980651855, 104.42115020751953, 31.16912841796875)",1,4.2225189208984375,1,"(40.91057205200195, -48.71646499633789, 662.1663818359375)",1
7574230645,7535604058,"(0.5140420198440552, 0.6658592224121094)","(8.851783752441406, 107.99076843261719, 32.468406677246094)",1,4.1570892333984375,1,"(-20.735042572021484, -47.30870056152344, 662.9644165039062)",1,"(0.4709942042827606, 0.6752371788024902)","(-14.966565132141113, 105.248046875, 31.470134735107422)",1,4.214691162109375,1,"(40.928932189941406, -48.729644775390625, 662.1254272460938)",1
7574247392,7535620805,"(0.5159345865249634, 0.6713212728500366)","(9.898963928222656, 106.39332580566406, 31.88695526123047)",1,4.1613311767578125,1,"(-20.706478118896484, -47.30434036254883, 662.8883056640625)",1,"(0.470715194940567, 0.679887056350708)","(-15.120951652526855, 103.88814544677734, 30.975168228149414)",1,4.2084808349609375,1,"(40.955142974853516, -48.7376823425293, 662.0421142578125)",1
7574264003,7535637416,"(0.5119839310646057, 0.6673824191093445)","(7.71306037902832, 107.54525756835938, 32.30622100830078)",1,4.1555938720703125,1,"(-20.66866683959961, -47.288150787353516, 662.7518310546875)",1,"(0.47016385197639465, 0.6811028122901917)","(-15.42600154876709, 103.5325927734375, 30.845720291137695)",1,4.20941162109375,1,"(40.96533966064453, -48.729793548583984, 661.91162109375)",1
7574280611,7535654024,"(0.5084133148193359, 0.665353000164032)","(5.737462997436523, 108.13878631591797, 32.52225875854492)",1,4.1415557861328125,1,"(-20.64949607849121, -47.2702522277832, 662.7070922851562)",1,"(0.46948787569999695, 0.6805397272109985)","(-15.800031661987305, 103.6972885131836, 30.905662536621094)",1,4.2003936767578125,1,"(40.97179412841797, -48.726688385009766, 661.8690185546875)",1
7574297306,7535670719,"(0.5069823861122131, 0.65601646900177)","(4.945667266845703, 110.869384765625, 33.51609802246094)",1,4.1373443603515625,1,"(-20.626949310302734, -47.26033020019531, 662.6942138671875)",1,"(0.470571368932724, 0.6746525764465332)","(-15.200536727905273, 105.41902923583984, 31.532384872436523)",1,4.1881866455078125,1,"(40.97700500488281, -48.719356536865234, 661.8544311523438)",1
7574313923,7535687336,"(0.5057004690170288, 0.6635632514953613)","(4.23642635345459, 108.66223907470703, 32.71274185180664)",1,4.1513214111328125,1,"(-20.619234085083008, -47.25458526611328, 662.7161254882812)",1,"(0.4696389436721802, 0.6747591495513916)","(-15.716437339782715, 105.38786315917969, 31.520977020263672)",1,4.18560791015625,1,"(40.98033142089844, -48.71574020385742, 661.8732299804688)",1
7574330481,7535703895,"(0.5043466091156006, 0.6668412089347839)","(3.4873263835906982, 107.70354461669922, 32.36382293701172)",1,4.1465301513671875,1,"(-20.6152286529541, -47.261512756347656, 662.75)",1,"(0.4688114523887634, 0.6778364181518555)","(-16.174280166625977, 104.48788452148438, 31.19341278076172)",1,4.19207763671875,1,"(40.98381042480469, -48.717529296875, 661.9097900390625)",1
7574347222,7535720636,"(0.5029653310775757, 0.6605253219604492)","(2.723097801208496, 109.55073547363281, 33.036128997802734)",1,4.133819580078125,1,"(-20.61686134338379, -47.270355224609375, 662.834228515625)",1,"(0.46965667605400085, 0.6815495491027832)","(-15.706639289855957, 103.40193176269531, 30.79815673828125)",1,4.1924285888671875,1,"(40.986778259277344, -48.71893310546875, 661.9998168945312)",1
7574363843,7535737257,"(0.5021761059761047, 0.659389317035675)","(2.286423683166504, 109.88292694091797, 33.15704345703125)",1,4.1320648193359375,1,"(-20.618587493896484, -47.2686882019043, 663.1046752929688)",1,"(0.4718502461910248, 0.6752968430519104)","(-14.492916107177734, 105.23065185546875, 31.463741302490234)",1,4.17828369140625,1,"(41.004798889160156, -48.71763229370117, 662.255859375)",1
7574380447,7535753861,"(0.5068916082382202, 0.6618300080299377)","(4.895458698272705, 109.16917419433594, 32.89724349975586)",1,4.127105712890625,1,"(-20.62905502319336, -47.259952545166016, 663.2943725585938)",1,"(0.4714714288711548, 0.678146243095398)","(-14.702523231506348, 104.39728546142578, 31.160451889038086)",1,4.171539306640625,1,"(41.019012451171875, -48.705162048339844, 662.4444580078125)",1
7574397137,7535770551,"(0.5116443634033203, 0.6739372611045837)","(7.525192737579346, 105.62821960449219, 31.608484268188477)",1,4.1499786376953125,1,"(-20.609617233276367, -47.22523498535156, 663.4163818359375)",1,"(0.47432681918144226, 0.6796483397483826)","(-13.122642517089844, 103.95796203613281, 31.00056266784668)",1,4.1553192138671875,1,"(41.039424896240234, -48.68629837036133, 662.5635986328125)",1
7574413763,7535787177,"(0.5115049481391907, 0.6787828207015991)","(7.448042869567871, 104.21109008789062, 31.092662811279297)",1,4.1543731689453125,1,"(-20.582958221435547, -47.171897888183594, 663.2390747070312)",1,"(0.47520196437835693, 0.6796132326126099)","(-12.638423919677734, 103.96821594238281, 31.004301071166992)",1,4.1586151123046875,1,"(41.048423767089844, -48.65736389160156, 662.3848266601562)",1
7574430317,7535803731,"(0.5048379302024841, 0.6549964547157288)","(3.7591755390167236, 111.16768646240234, 33.62466049194336)",1,4.13250732421875,1,"(-20.541776657104492, -47.10135269165039, 663.10888671875)",1,"(0.47715118527412415, 0.6691681146621704)","(-11.559906005859375, 107.02301788330078, 32.11616134643555)",1,4.1630401611328125,1,"(41.0504150390625, -48.59971618652344, 662.2529907226562)",1
7574447053,7535820467,"(0.5092055797576904, 0.57569819688797)","(6.175821781158447, 134.35940551757812, 42.065799713134766)",1,4.1304168701171875,1,"(-20.45647430419922, -46.914306640625, 663.0848388671875)",1,"(0.4829102158546448, 0.5870850682258606)","(-8.373443603515625, 131.02919006347656, 40.85367202758789)",1,4.1436004638671875,1,"(41.04142761230469, -48.41102981567383, 662.2291870117188)",1
7574463683,7535837097,"(0.5125206112861633, 0.5616298913955688)","(8.009980201721191, 138.47386169433594, 43.56331253051758)",1,4.127777099609375,1,"(-20.41120147705078, -46.85019302368164, 663.0767822265625)",1,"(0.4833580553531647, 0.5732718706130981)","(-8.125641822814941, 135.0690155029297, 42.32405471801758)",1,4.148712158203125,1,"(41.04143142700195, -48.35093688964844, 662.2196044921875)",1
7574480283,7535853698,"(0.5150322914123535, 0.5591467022895813)","(9.399727821350098, 139.20005798339844, 43.82765197753906)",1,4.121917724609375,1,"(-20.446516036987305, -46.893165588378906, 663.3323974609375)",1,"(0.48288190364837646, 0.5817117691040039)","(-8.389103889465332, 132.60064697265625, 41.42560958862305)",1,4.1455230712890625,1,"(41.05253219604492, -48.380767822265625, 662.4712524414062)",1
7574496969,7535870384,"(0.5162339806556702, 0.5531492233276367)","(10.064630508422852, 140.95408630371094, 44.466060638427734)",1,4.1161956787109375,1,"(-20.511640548706055, -46.96094512939453, 663.8375244140625)",1,"(0.48177245259284973, 0.5812018513679504)","(-9.002942085266113, 132.74977111816406, 41.47990798950195)",1,4.150299072265625,1,"(41.06947708129883, -48.44341278076172, 662.99560546875)",1
7574513599,7535887014,"(0.514415442943573, 0.554681122303009)","(9.058442115783691, 140.50608825683594, 44.30300521850586)",1,4.1135101318359375,1,"(-20.55644989013672, -47.01914596557617, 664.0944213867188)",1,"(0.4793872535228729, 0.5777727365493774)","(-10.322702407836914, 133.75267028808594, 41.844940185546875)",1,4.1459503173828125,1,"(41.06354522705078, -48.49477767944336, 663.242431640625)",1
7574530151,7535903567,"(0.5152502655982971, 0.5570665001869202)","(9.52033805847168, 139.80845642089844, 44.049068450927734)",1,4.1243896484375,1,"(-20.591903686523438, -47.05781936645508, 664.2669677734375)",1,"(0.4768125116825104, 0.5746164917945862)","(-11.747308731079102, 134.67576599121094, 42.180931091308594)",1,4.14544677734375,1,"(41.06211471557617, -48.52291488647461, 663.4156494140625)",1
7574546883,7535920299,"(0.5133947134017944, 0.5542352795600891)","(8.493624687194824, 140.63648986816406, 44.350440979003906)",1,4.129608154296875,1,"(-20.632762908935547, -47.08928298950195, 664.3764038085938)",1,"(0.4779632091522217, 0.5716812610626221)","(-11.110607147216797, 135.5341796875, 42.49336624145508)",1,4.1374969482421875,1,"(41.022403717041016, -48.55180358886719, 663.5266723632812)",1
7574563519,7535936935,"(0.5143373608589172, 0.5559353232383728)","(9.015230178833008, 140.13931274414062, 44.169517517089844)",1,4.1181182861328125,1,"(-20.663619995117188, -47.07973861694336, 664.3050537109375)",1,"(0.47955814003944397, 0.5724682807922363)","(-10.228135108947754, 135.3040313720703, 42.40959548950195)",1,4.1287994384765625,1,"(40.9827766418457, -48.544166564941406, 663.4639892578125)",1
7574580117,7535953533,"(0.5112070441246033, 0.5530875325202942)","(7.283223628997803, 140.97215270996094, 44.47265625)",1,4.1130218505859375,1,"(-20.67905616760254, -47.073638916015625, 664.29736328125)",1,"(0.4798523485660553, 0.5764146447181702)","(-10.065354347229004, 134.14988708496094, 41.98954772949219)",1,4.1355743408203125,1,"(40.962432861328125, -48.5292854309082, 663.4610595703125)",1
7574596799,7535970215,"(0.513372540473938, 0.5523754358291626)","(8.481369018554688, 141.18043518066406, 44.54840850830078)",1,4.1133880615234375,1,"(-20.705169677734375, -47.0636100769043, 664.3375244140625)",1,"(0.4833977222442627, 0.58017897605896)","(-8.10368537902832, 133.0489501953125, 41.58881759643555)",1,4.1338958740234375,1,"(40.933250427246094, -48.50921630859375, 663.5059814453125)",1
7574613439,7535986855,"(0.516521692276001, 0.5518429279327393)","(10.223816871643066, 141.33615112304688, 44.605125427246094)",1,4.11456298828125,1,"(-20.74082374572754, -47.05324172973633, 664.4209594726562)",1,"(0.4831113815307617, 0.5814683437347412)","(-8.26211166381836, 132.67184448242188, 41.4515495300293)",1,4.129730224609375,1,"(40.91047286987305, -48.49551010131836, 663.5858764648438)",1
7574629987,7536003403,"(0.5129284262657166, 0.5533013939857483)","(8.23564338684082, 140.90960693359375, 44.449928283691406)",1,4.1190185546875,1,"(-20.78093910217285, -47.03181457519531, 664.5547485351562)",1,"(0.4787254333496094, 0.5762876272201538)","(-10.68887710571289, 134.18704223632812, 42.003047943115234)",1,4.1264190673828125,1,"(40.89033889770508, -48.48517608642578, 663.7212524414062)",1
7574646714,7536020130,"(0.4893037974834442, 0.5421954393386841)","(-4.835890769958496, 144.1576690673828, 45.63206100463867)",1,4.1126861572265625,1,"(-20.87537384033203, -46.959373474121094, 664.5240478515625)",1,"(0.4587855041027069, 0.5507490038871765)","(-21.72163963317871, 141.6560821533203, 44.7215461730957)",1,4.1346282958984375,1,"(40.74938201904297, -48.428436279296875, 663.6913452148438)",1
7574663359,7536036775,"(0.4916595220565796, 0.5406885743141174)","(-3.5324478149414062, 144.59837341308594, 45.792476654052734)",1,4.102020263671875,1,"(-20.938343048095703, -46.923709869384766, 664.4069213867188)",1,"(0.45734795928001404, 0.5452739596366882)","(-22.517024993896484, 143.25733947753906, 45.304344177246094)",1,4.1247711181640625,1,"(40.68901824951172, -48.39175033569336, 663.607177734375)",1
7574679953,7536053370,"(0.49448612332344055, 0.5351395606994629)","(-1.9684866666793823, 146.2212677001953, 46.38315200805664)",1,4.10357666015625,1,"(-20.98548126220703, -46.93505859375, 664.680419921875)",1,"(0.45670393109321594, 0.5468322038650513)","(-22.87337875366211, 142.80162048339844, 45.138465881347656)",1,4.1149139404296875,1,"(40.68574905395508, -48.390411376953125, 663.8665161132812)",1
7574696630,7536070047,"(0.48971614241600037, 0.5299462080001831)","(-4.607720851898193, 147.74012756347656, 46.935977935791016)",1,4.0844879150390625,1,"(-21.029651641845703, -46.930118560791016, 664.7830810546875)",1,"(0.45464834570884705, 0.5473865270614624)","(-24.01074981689453, 142.63946533203125, 45.079498291015625)",1,4.11053466796875,1,"(40.65068817138672, -48.366424560546875, 663.9740600585938)",1
7574713279,7536086696,"(0.4888014793395996, 0.5337402820587158)","(-5.113803386688232, 146.63052368164062, 46.532073974609375)",1,4.0858154296875,1,"(-21.073772430419922, -46.93301010131836, 664.748046875)",1,"(0.454812616109848, 0.5496652722358704)","(-23.919836044311523, 141.97303771972656, 44.83694839477539)",1,4.1026153564453125,1,"(40.60133361816406, -48.352256774902344, 663.9429321289062)",1
7574729822,7536103239,"(0.48795703053474426, 0.5382246971130371)","(-5.581028461456299, 145.3189697265625, 46.05472946166992)",1,4.0665435791015625,1,"(-21.103919982910156, -46.93784713745117, 664.7489013671875)",1,"(0.4567820131778717, 0.5490199327468872)","(-22.830184936523438, 142.1617431640625, 44.90562438964844)",1,4.086212158203125,1,"(40.56824493408203, -48.366851806640625, 663.94580078125)",1
7574746642,7536120059,"(0.49426519870758057, 0.5383808016777039)","(-2.090726852416992, 145.27333068847656, 46.03810501098633)",1,4.060638427734375,1,"(-21.179546356201172, -46.96978759765625, 664.845947265625)",1,"(0.4567953050136566, 0.5467987060546875)","(-22.82282257080078, 142.8114013671875, 45.14209747314453)",1,4.068328857421875,1,"(40.52133560180664, -48.38936996459961, 664.0556640625)",1
7574763199,7536136616,"(0.495430588722229, 0.5360342264175415)","(-1.4459038972854614, 145.9595947265625, 46.2879524230957)",1,4.0528564453125,1,"(-21.240957260131836, -47.01076126098633, 665.0415649414062)",1,"(0.4559475779533386, 0.5429964661598206)","(-23.291893005371094, 143.92340087890625, 45.54680252075195)",1,4.061981201171875,1,"(40.49924087524414, -48.425018310546875, 664.2482299804688)",1
7574779788,7536153205,"(0.49275460839271545, 0.5403814315795898)","(-2.926525592803955, 144.6881866455078, 45.825157165527344)",1,4.0392608642578125,1,"(-21.257890701293945, -47.02460479736328, 665.0827026367188)",1,"(0.4538685977458954, 0.5409664511680603)","(-24.442180633544922, 144.51712036132812, 45.76287078857422)",1,4.0621185302734375,1,"(40.485755920410156, -48.44462203979492, 664.2894897460938)",1
7574796460,7536169877,"(0.4902071952819824, 0.5431670546531677)","(-4.336002826690674, 143.8734893798828, 45.52865982055664)",1,4.0295562744140625,1,"(-21.281024932861328, -47.03611755371094, 664.9664916992188)",1,"(0.4548878073692322, 0.5408512949943542)","(-23.878257751464844, 144.55081176757812, 45.775142669677734)",1,4.0405426025390625,1,"(40.44329071044922, -48.4576301574707, 664.1709594726562)",1
7574813119,7536186536,"(0.4899190068244934, 0.5409687161445618)","(-4.49545955657959, 144.5164337158203, 45.76267623901367)",1,4.02410888671875,1,"(-21.31226921081543, -47.05814743041992, 664.8589477539062)",1,"(0.4557837247848511, 0.5443025231361389)","(-23.382530212402344, 143.54144287109375, 45.407752990722656)",1,4.0367279052734375,1,"(40.404422760009766, -48.46421432495117, 664.0726318359375)",1
7574829658,7536203075,"(0.49331915378570557, 0.5395315885543823)","(-2.614118814468384, 144.93675231933594, 45.915611267089844)",1,4.0171051025390625,1,"(-21.34153175354004, -47.07758331298828, 664.861083984375)",1,"(0.45537814497947693, 0.5470645427703857)","(-23.606943130493164, 142.733642578125, 45.1137580871582)",1,4.0338287353515625,1,"(40.383155822753906, -48.46753692626953, 664.0765380859375)",1
7574846472,7536219890,"(0.4924321472644806, 0.5394496917724609)","(-3.1049180030822754, 144.960693359375, 45.92431640625)",1,3.998138427734375,1,"(-21.38526153564453, -47.09599304199219, 664.8948974609375)",1,"(0.4591403305530548, 0.5503599047660828)","(-21.525310516357422, 141.7698974609375, 44.76298522949219)",1,4.02606201171875,1,"(40.33460998535156, -48.4787712097168, 664.1155395507812)",1
7574863043,7536236461,"(0.4945405125617981, 0.5429588556289673)","(-1.9383821487426758, 143.9344024658203, 45.55081558227539)",1,3.9957427978515625,1,"(-21.43975257873535, -47.116241455078125, 664.9111328125)",1,"(0.4595014750957489, 0.5536572933197021)","(-21.325489044189453, 140.80552673339844, 44.41194152832031)",1,4.0194854736328125,1,"(40.29535675048828, -48.482749938964844, 664.13671875)",1
7574879624,7536253042,"(0.49633273482322693, 0.5409809350967407)","(-0.9467578530311584, 144.5128936767578, 45.76133346557617)",1,3.988250732421875,1,"(-21.48023223876953, -47.132789611816406, 664.9991455078125)",1,"(0.4597111940383911, 0.553443431854248)","(-21.2094783782959, 140.86810302734375, 44.4346923828125)",1,4.014068603515625,1,"(40.27613830566406, -48.49253463745117, 664.227294921875)",1
7574896388,7536269806,"(0.4918297231197357, 0.5426554083824158)","(-3.438253164291382, 144.023193359375, 45.58306884765625)",1,3.9868927001953125,1,"(-21.5155029296875, -47.141441345214844, 665.053955078125)",1,"(0.45665064454078674, 0.5481659173965454)","(-22.902854919433594, 142.4115447998047, 44.99653244018555)",1,4.0064697265625,1,"(40.24028778076172, -48.496543884277344, 664.281005859375)",1
7574912963,7536286381,"(0.4923423230648041, 0.5449390411376953)","(-3.1546452045440674, 143.35528564453125, 45.34001159667969)",1,3.978729248046875,1,"(-21.56772804260254, -47.13169479370117, 664.9476928710938)",1,"(0.457305908203125, 0.5472993850708008)","(-22.54029655456543, 142.66497802734375, 45.08877944946289)",1,4.00897216796875,1,"(40.19343948364258, -48.48453140258789, 664.1779174804688)",1
7574929494,7536302913,"(0.49326419830322266, 0.544811487197876)","(-2.6445863246917725, 143.39259338378906, 45.35359573364258)",1,3.9800567626953125,1,"(-21.593969345092773, -47.126853942871094, 664.82177734375)",1,"(0.45767226815223694, 0.5501669049263)","(-22.337610244750977, 141.8263397216797, 44.78352355957031)",1,4.0071868896484375,1,"(40.15758514404297, -48.47057342529297, 664.060302734375)",1
7574946303,7536319722,"(0.49519646167755127, 0.5427490472793579)","(-1.5754458904266357, 143.99578857421875, 45.573158264160156)",1,3.9896392822265625,1,"(-21.63897132873535, -47.137054443359375, 664.7548217773438)",1,"(0.45819053053855896, 0.5484927296638489)","(-22.05084991455078, 142.3159637451172, 44.96172332763672)",1,4.00628662109375,1,"(40.10585021972656, -48.461116790771484, 663.9961547851562)",1
7574962883,7536336302,"(0.4969489872455597, 0.5422852635383606)","(-0.605759859085083, 144.1314239501953, 45.622520446777344)",1,3.9711761474609375,1,"(-21.670551300048828, -47.15229797363281, 664.7556762695312)",1,"(0.4596169590950012, 0.5491544604301453)","(-21.261571884155273, 142.12242126464844, 44.8912353515625)",1,3.9952545166015625,1,"(40.078548431396484, -48.46455383300781, 664.0001220703125)",1
7574979460,7536352879,"(0.4984234869480133, 0.53607577085495)","(0.21007481217384338, 145.94744873046875, 46.28349304199219)",1,3.975555419921875,1,"(-21.68817901611328, -47.16867446899414, 664.7915649414062)",1,"(0.46039122343063354, 0.5500137209892273)","(-20.833187103271484, 141.87112426757812, 44.79979705810547)",1,3.99395751953125,1,"(40.069095611572266, -48.47076416015625, 664.0350952148438)",1
7574996219,7536369638,"(0.49557822942733765, 0.537574052810669)","(-1.3642152547836304, 145.5092315673828, 46.12399673461914)",1,3.96575927734375,1,"(-21.691974639892578, -47.17089080810547, 664.7394409179688)",1,"(0.4588893949985504, 0.5482470989227295)","(-21.664175033569336, 142.3878173828125, 44.98787307739258)",1,3.994720458984375,1,"(40.05250930786133, -48.47385787963867, 663.9764404296875)",1
7575012799,7536386218,"(0.49345383048057556, 0.5409087538719177)","(-2.5396337509155273, 144.53396606445312, 45.7690544128418)",1,3.9686279296875,1,"(-21.69957160949707, -47.17017364501953, 664.5955810546875)",1,"(0.4605763554573059, 0.5500580072402954)","(-20.73076629638672, 141.8582000732422, 44.79512023925781)",1,3.99700927734375,1,"(40.031375885009766, -48.46758270263672, 663.83642578125)",1
7575029328,7536402747,"(0.49172669649124146, 0.5452933311462402)","(-3.4952738285064697, 143.25167846679688, 45.302310943603516)",1,3.964324951171875,1,"(-21.698331832885742, -47.16660690307617, 664.4966430664062)",1,"(0.4597240090370178, 0.5534541606903076)","(-21.202356338500977, 140.86492919921875, 44.433624267578125)",1,4.001220703125,1,"(40.01472091674805, -48.46528244018555, 663.7421875)",1
7575046037,7536419456,"(0.49119552969932556, 0.5447345972061157)","(-3.7891576290130615, 143.4150848388672, 45.36178970336914)",1,3.9683074951171875,1,"(-21.709096908569336, -47.1710319519043, 664.3900146484375)",1,"(0.45584747195243835, 0.5544120669364929)","(-23.34724998474121, 140.58480834960938, 44.33161926269531)",1,3.9884796142578125,1,"(39.99478530883789, -48.4630012512207, 663.633056640625)",1
7575062719,7536436139,"(0.4893140494823456, 0.5462324023246765)","(-4.8301615715026855, 142.9770050048828, 45.20233154296875)",1,3.9587554931640625,1,"(-21.716997146606445, -47.18259811401367, 664.3494262695312)",1,"(0.45769405364990234, 0.5542938113212585)","(-22.325542449951172, 140.619384765625, 44.34423065185547)",1,3.9817962646484375,1,"(39.9836540222168, -48.4694938659668, 663.59423828125)",1
7575079294,7536452714,"(0.49019983410835266, 0.5439273118972778)","(-4.340067386627197, 143.6511688232422, 45.44770050048828)",1,3.9622650146484375,1,"(-21.724557876586914, -47.201072692871094, 664.389892578125)",1,"(0.45657578110694885, 0.5533841252326965)","(-22.944255828857422, 140.8854217529297, 44.44105529785156)",1,3.9850311279296875,1,"(39.983917236328125, -48.48006820678711, 663.634765625)",1
7575095953,7536469373,"(0.48972663283348083, 0.5444163680076599)","(-4.601888179779053, 143.5081329345703, 45.395633697509766)",1,3.9606781005859375,1,"(-21.727643966674805, -47.219539642333984, 664.4784545898438)",1,"(0.45830246806144714, 0.557056725025177)","(-21.988895416259766, 139.8113250732422, 44.05008316040039)",1,3.9839630126953125,1,"(39.98686981201172, -48.49522399902344, 663.7258911132812)",1
7575112639,7536486059,"(0.4918380081653595, 0.5451302528381348)","(-3.433716297149658, 143.29934692382812, 45.31964874267578)",1,3.96722412109375,1,"(-21.720869064331055, -47.23333740234375, 664.5844116210938)",1,"(0.45922142267227173, 0.5578101277351379)","(-21.480424880981445, 139.5909881591797, 43.96989822387695)",1,3.9842071533203125,1,"(40.00049591064453, -48.51081848144531, 663.8250732421875)",1
7575129260,7536502680,"(0.49082431197166443, 0.5509098172187805)","(-3.994584321975708, 141.6090545654297, 44.704437255859375)",1,3.9748687744140625,1,"(-21.713565826416016, -47.23458480834961, 664.6539916992188)",1,"(0.45903730392456055, 0.5533503890037537)","(-21.582304000854492, 140.89529418945312, 44.44462585449219)",1,3.97967529296875,1,"(40.01313781738281, -48.51948928833008, 663.8914184570312)",1
7575145965,7536519385,"(0.49209320545196533, 0.5511910319328308)","(-3.2924787998199463, 141.52682495117188, 44.67451858520508)",1,3.985626220703125,1,"(-21.69851303100586, -47.231727600097656, 664.675537109375)",1,"(0.46288007497787476, 0.5524817705154419)","(-19.45611572265625, 141.1493377685547, 44.53712844848633)",1,3.9814910888671875,1,"(40.0245475769043, -48.51917266845703, 663.91064453125)",1
7575162559,7536535979,"(0.4974053204059601, 0.5476657748222351)","(-0.3532911539077759, 142.55780029296875, 45.049781799316406)",1,3.9846649169921875,1,"(-21.690977096557617, -47.22803497314453, 664.634765625)",1,"(0.4629887640476227, 0.5546712279319763)","(-19.395998001098633, 140.50900268554688, 44.30406951904297)",1,3.9935760498046875,1,"(40.031551361083984, -48.514156341552734, 663.8687133789062)",1
7575179130,7536552550,"(0.49742990732192993, 0.5479891300201416)","(-0.33969512581825256, 142.4632568359375, 45.015342712402344)",1,3.9866790771484375,1,"(-21.684528350830078, -47.225616455078125, 664.5684204101562)",1,"(0.46100708842277527, 0.5529151558876038)","(-20.492464065551758, 141.02256774902344, 44.49101257324219)",1,3.990875244140625,1,"(40.03688049316406, -48.508934020996094, 663.8026123046875)",1
7575195880,7536569300,"(0.4978664517402649, 0.5517092943191528)","(-0.09811912477016449, 141.37522888183594, 44.61933135986328)",1,3.98651123046875,1,"(-21.675840377807617, -47.230377197265625, 664.501708984375)",1,"(0.46098482608795166, 0.55422043800354)","(-20.50476837158203, 140.6408233642578, 44.3520622253418)",1,3.9825592041015625,1,"(40.045867919921875, -48.50556945800781, 663.732177734375)",1
7575212479,7536585900,"(0.49925506114959717, 0.5480887293815613)","(0.6701704263687134, 142.43409729003906, 45.00477981567383)",1,3.9850921630859375,1,"(-21.659643173217773, -47.2285041809082, 664.5044555664062)",1,"(0.46108704805374146, 0.5555698871612549)","(-20.448211669921875, 140.24615478515625, 44.20838928222656)",1,3.9863128662109375,1,"(40.06832504272461, -48.50791549682617, 663.7364501953125)",1
7575228999,7536602420,"(0.4975445568561554, 0.5500966906547546)","(-0.27622970938682556, 141.84683227539062, 44.79103469848633)",1,3.9886322021484375,1,"(-21.641780853271484, -47.22111129760742, 664.4844360351562)",1,"(0.45923474431037903, 0.5557976365089417)","(-21.47309684753418, 140.1795654296875, 44.18412780761719)",1,3.9842529296875,1,"(40.09605026245117, -48.50077819824219, 663.7177734375)",1
7575245796,7536619217,"(0.496535062789917, 0.548927903175354)","(-0.8348024487495422, 142.18869018554688, 44.915409088134766)",1,4.0032958984375,1,"(-21.599512100219727, -47.20289611816406, 664.5053100585938)",1,"(0.45664915442466736, 0.5566381812095642)","(-22.903676986694336, 139.9337158203125, 44.09468460083008)",1,3.9914703369140625,1,"(40.14504623413086, -48.49276351928711, 663.7312622070312)",1
7575262399,7536635820,"(0.4928039014339447, 0.5451544523239136)","(-2.8992533683776855, 143.29229736328125, 45.31709289550781)",1,4.0010986328125,1,"(-21.54786491394043, -47.172611236572266, 664.4501953125)",1,"(0.4563920199871063, 0.5535903573036194)","(-23.045969009399414, 140.82510375976562, 44.41910934448242)",1,3.99810791015625,1,"(40.184104919433594, -48.472599029541016, 663.6741943359375)",1
7575278965,7536652386,"(0.49040699005126953, 0.545231819152832)","(-4.225467205047607, 143.26963806152344, 45.308876037597656)",1,3.996063232421875,1,"(-21.520538330078125, -47.15673065185547, 664.4970703125)",1,"(0.4585750997066498, 0.5489808320999146)","(-21.838069915771484, 142.17320251464844, 44.90978240966797)",1,4.006134033203125,1,"(40.204593658447266, -48.467498779296875, 663.717529296875)",1
7575295712,7536669133,"(0.4916588068008423, 0.5410315990447998)","(-3.532836675643921, 144.49803161621094, 45.75593566894531)",1,4.004547119140625,1,"(-21.495344161987305, -47.142906188964844, 664.504150390625)",1,"(0.4604075849056244, 0.5486436486244202)","(-20.824146270751953, 142.27182006835938, 44.94563293457031)",1,4.018157958984375,1,"(40.22825622558594, -48.45222091674805, 663.726806640625)",1
7575312319,7536685740,"(0.5190473794937134, 0.5338059663772583)","(11.62128734588623, 146.6112823486328, 46.52507781982422)",1,4.0020599365234375,1,"(-21.386415481567383, -47.140716552734375, 664.726318359375)",1,"(0.4833148419857025, 0.5459907054901123)","(-8.149539947509766, 143.04771423339844, 45.2280158996582)",1,4.0323944091796875,1,"(40.350589752197266, -48.45709991455078, 663.9359741210938)",1
7575328931,7536702352,"(0.5293303728103638, 0.5259706377983093)","(17.310848236083984, 148.90280151367188, 47.35913848876953)",1,4.0196990966796875,1,"(-21.321828842163086, -47.16539764404297, 664.9979248046875)",1,"(0.4971032440662384, 0.5405287742614746)","(-0.5204340219497681, 144.64512634277344, 45.80942916870117)",1,4.0374755859375,1,"(40.4290771484375, -48.47332000732422, 664.1851196289062)",1
7575345626,7536719047,"(0.5286210179328918, 0.5324953198432922)","(16.918338775634766, 146.99461364746094, 46.66459655761719)",1,4.0175628662109375,1,"(-21.304895401000977, -47.181766510009766, 664.825439453125)",1,"(0.49518775939941406, 0.5446972250938416)","(-1.5802668333053589, 143.42601013183594, 45.365787506103516)",1,4.044281005859375,1,"(40.42950439453125, -48.4811897277832, 664.0014038085938)",1
7575362243,7536735665,"(0.5291202664375305, 0.5359770655632019)","(17.19461441040039, 145.97634887695312, 46.29398727416992)",1,4.020416259765625,1,"(-21.302576065063477, -47.200599670410156, 664.4800415039062)",1,"(0.49614471197128296, 0.5469300150871277)","(-1.0507892370224, 142.7729949951172, 45.12810516357422)",1,4.0330047607421875,1,"(40.40671920776367, -48.48453140258789, 663.6873779296875)",1
7575378801,7536752223,"(0.5304777026176453, 0.5351247787475586)","(17.9456844329834, 146.2255859375, 46.384727478027344)",1,4.0298309326171875,1,"(-21.3145694732666, -47.231178283691406, 664.4270629882812)",1,"(0.49407708644866943, 0.5440939664840698)","(-2.19480299949646, 143.6024169921875, 45.430015563964844)",1,4.0426788330078125,1,"(40.4034423828125, -48.50588607788086, 663.6354370117188)",1
7575395542,7536768964,"(0.530998170375824, 0.5340362787246704)","(18.23360824584961, 146.54391479492188, 46.50056076049805)",1,4.0195465087890625,1,"(-21.312095642089844, -47.273582458496094, 664.342529296875)",1,"(0.496768593788147, 0.5479252934455872)","(-0.7055748105049133, 142.48191833496094, 45.02216339111328)",1,4.047088623046875,1,"(40.39702224731445, -48.5289306640625, 663.54443359375)",1
7575412163,7536785585,"(0.5307712554931641, 0.5361685752868652)","(18.10811996459961, 145.92030334472656, 46.27359390258789)",1,4.01629638671875,1,"(-21.29483413696289, -47.29322052001953, 664.2296752929688)",1,"(0.4973304569721222, 0.5434626936912537)","(-0.39472708106040955, 143.7870635986328, 45.49715042114258)",1,4.0492706298828125,1,"(40.40057373046875, -48.54812240600586, 663.4318237304688)",1
7575428767,7536802189,"(0.5309939384460449, 0.530978262424469)","(18.23124885559082, 147.43829345703125, 46.82608413696289)",1,4.022613525390625,1,"(-21.283662796020508, -47.305572509765625, 664.2090454101562)",1,"(0.4970497488975525, 0.5451778173446655)","(-0.5500328540802002, 143.2854766845703, 45.3145751953125)",1,4.0533905029296875,1,"(40.408817291259766, -48.55384826660156, 663.4076538085938)",1
7575445457,7536818879,"(0.5303939580917358, 0.5326957702636719)","(17.89931297302246, 146.9359893798828, 46.6432991027832)",1,4.0211944580078125,1,"(-21.258316040039062, -47.31398010253906, 664.1826171875)",1,"(0.49770039319992065, 0.5419155955314636)","(-0.1900177001953125, 144.23953247070312, 45.661827087402344)",1,4.04144287109375,1,"(40.428436279296875, -48.558170318603516, 663.3770141601562)",1
7575462083,7536835505,"(0.5351048111915588, 0.5359622240066528)","(20.50587272644043, 145.98065185546875, 46.295589447021484)",1,4.02020263671875,1,"(-21.237089157104492, -47.288818359375, 664.1483764648438)",1,"(0.5010116696357727, 0.5417943596839905)","(1.642107605934143, 144.27499389648438, 45.67475891113281)",1,4.0306243896484375,1,"(40.441471099853516, -48.534889221191406, 663.3397216796875)",1
7575478637,7536852059,"(0.5360310673713684, 0.5389867424964905)","(21.018329620361328, 145.09609985351562, 45.97361755371094)",1,4.0285186767578125,1,"(-21.214197158813477, -47.26384353637695, 664.1148681640625)",1,"(0.5017672181129456, 0.5442155003547668)","(2.06015682220459, 143.56689453125, 45.417030334472656)",1,4.02655029296875,1,"(40.46005630493164, -48.5198860168457, 663.3080444335938)",1
7575495373,7536868795,"(0.5361684560775757, 0.5389731526374817)","(21.094341278076172, 145.10006713867188, 45.975093841552734)",1,4.0193634033203125,1,"(-21.17621421813965, -47.223941802978516, 664.1512451171875)",1,"(0.5019077658653259, 0.5495969653129578)","(2.1379356384277344, 141.9929962158203, 44.844146728515625)",1,4.022247314453125,1,"(40.49850082397461, -48.49288558959961, 663.3432006835938)",1
7575512003,7536885426,"(0.532802402973175, 0.536467432975769)","(19.23194694519043, 145.83291625976562, 46.241790771484375)",1,4.0129547119140625,1,"(-21.127378463745117, -47.19599914550781, 664.24462890625)",1,"(0.4990677535533905, 0.5510437488555908)","(0.5665556788444519, 141.56988525390625, 44.69015121459961)",1,4.0150909423828125,1,"(40.54899597167969, -48.467037200927734, 663.4330444335938)",1
7575528603,7536902026,"(0.5303125977516174, 0.5406405925750732)","(17.85433578491211, 144.61244201660156, 45.79758834838867)",1,4.0247650146484375,1,"(-21.09175682067871, -47.171112060546875, 664.2710571289062)",1,"(0.49901819229125977, 0.5494049787521362)","(0.5391373038291931, 142.04916381835938, 44.86463928222656)",1,4.02020263671875,1,"(40.57771301269531, -48.45705795288086, 663.4559936523438)",1
7575545289,7536918712,"(0.5294055342674255, 0.5314500331878662)","(17.352415084838867, 147.30032348632812, 46.775901794433594)",1,4.0168914794921875,1,"(-21.0529727935791, -47.14773941040039, 664.3060302734375)",1,"(0.49405980110168457, 0.5446432828903198)","(-2.204374313354492, 143.44178771972656, 45.37147903442383)",1,4.02337646484375,1,"(40.6215705871582, -48.44279861450195, 663.4915771484375)",1
7575561919,7536935342,"(0.5449684262275696, 0.5256248712539673)","(25.963409423828125, 149.0039520263672, 47.39591979980469)",1,4.009246826171875,1,"(-21.002212524414062, -47.139076232910156, 664.406005859375)",1,"(0.5085018277168274, 0.5445060729980469)","(5.78640079498291, 143.48190307617188, 45.38612747192383)",1,4.0204010009765625,1,"(40.68418502807617, -48.442100524902344, 663.5824584960938)",1
7575578471,7536951894,"(0.5483588576316833, 0.5312846302986145)","(27.83930015563965, 147.3486785888672, 46.79345703125)",1,4.0086212158203125,1,"(-20.94979476928711, -47.12510681152344, 664.4192504882812)",1,"(0.5173799991607666, 0.5461065769195557)","(10.698698043823242, 143.01382446289062, 45.215755462646484)",1,4.01177978515625,1,"(40.70704650878906, -48.4372673034668, 663.5809936523438)",1
7575595203,7536968626,"(0.5468235015869141, 0.5306951403617859)","(26.989791870117188, 147.5210723876953, 46.85624694824219)",1,4.005828857421875,1,"(-20.921581268310547, -47.12434005737305, 664.4989624023438)",1,"(0.514226496219635, 0.5450877547264099)","(8.953853607177734, 143.3118133544922, 45.32415008544922)",1,4.0079803466796875,1,"(40.74870300292969, -48.454620361328125, 663.6773071289062)",1
7575611843,7536985266,"(0.5448459982872009, 0.5282139778137207)","(25.895660400390625, 148.24673461914062, 47.120365142822266)",1,3.9991302490234375,1,"(-20.890491485595703, -47.16390609741211, 664.9075927734375)",1,"(0.5117700099945068, 0.5519007444381714)","(7.5947136878967285, 141.31924438476562, 44.598960876464844)",1,4.012115478515625,1,"(40.81055450439453, -48.50178527832031, 664.06982421875)",1
7575628437,7537001860,"(0.5462669134140015, 0.5269584059715271)","(26.681859970092773, 148.61390686035156, 47.25400924682617)",1,4.0038299560546875,1,"(-20.87775993347168, -47.186927795410156, 665.1372680664062)",1,"(0.5117999911308289, 0.5469601154327393)","(7.611323356628418, 142.76416015625, 45.124881744384766)",1,4.0113983154296875,1,"(40.85213851928711, -48.5378303527832, 664.2946166992188)",1
7575645119,7537018542,"(0.5466131567955017, 0.5272026062011719)","(26.87342071533203, 148.54251098632812, 47.228050231933594)",1,4.0003509521484375,1,"(-20.851686477661133, -47.20693588256836, 665.3156127929688)",1,"(0.5116711854934692, 0.5452165007591248)","(7.540015697479248, 143.27415466308594, 45.31049346923828)",1,3.999847412109375,1,"(40.899169921875, -48.56968307495117, 664.473876953125)",1
7575661763,7537035187,"(0.5482116341590881, 0.5322692394256592)","(27.757837295532227, 147.0607147216797, 46.68867111206055)",1,3.986480712890625,1,"(-20.834558486938477, -47.2144660949707, 665.282470703125)",1,"(0.5122663378715515, 0.5473098158836365)","(7.869312763214111, 142.66192626953125, 45.08769607543945)",1,4.012542724609375,1,"(40.9196662902832, -48.58613586425781, 664.4369506835938)",1
7575678307,7537051731,"(0.5498883128166199, 0.533008873462677)","(28.685564041137695, 146.8444061279297, 46.60994338989258)",1,3.9807586669921875,1,"(-20.818925857543945, -47.209190368652344, 665.1859741210938)",1,"(0.513761043548584, 0.5490939021110535)","(8.696342468261719, 142.14013671875, 44.89776611328125)",1,4.0140838623046875,1,"(40.92102813720703, -48.587554931640625, 664.341552734375)",1
7575695034,7537068458,"(0.5505422949790955, 0.5345651507377625)","(29.04743194580078, 146.38925170898438, 46.4443244934082)",1,3.9747161865234375,1,"(-20.805194854736328, -47.20517349243164, 665.0758056640625)",1,"(0.5140539407730103, 0.5474594235420227)","(8.85840892791748, 142.61817932128906, 45.071685791015625)",1,4.0029144287109375,1,"(40.928489685058594, -48.58294677734375, 664.2308959960938)",1
7575711683,7537085107,"(0.5349950790405273, 0.5188979506492615)","(20.445093154907227, 150.9713134765625, 48.11202621459961)",1,3.97100830078125,1,"(-20.828857421875, -47.09372329711914, 665.078857421875)",1,"(0.5097987055778503, 0.5230655074119568)","(6.5039520263671875, 149.75245666503906, 47.66842269897461)",1,4.0008087158203125,1,"(40.86801528930664, -48.498043060302734, 664.2379760742188)",1
7575728273,7537101697,"(nan, nan)","(nan, nan, nan)",0,nan,0,"(nan, nan, nan)",0,"(0.4937208592891693, 0.47141173481941223)","(-2.391902446746826, 164.85919189453125, 53.166805267333984)",1,3.925811767578125,1,"(40.72757339477539, -48.32059860229492, 664.44970703125)",1
7575744950,7537118374,"(0.29619845747947693, 0.46461519598960876)","(-111.68109130859375, 166.846923828125, 53.89031982421875)",1,2.99468994140625,1,"(-21.268836975097656, -46.36996841430664, 665.6129760742188)",1,"(0.4014449715614319, 0.6763833165168762)","(-53.44816970825195, 104.91285705566406, 31.348073959350586)",1,3.166015625,1,"(40.44643020629883, -47.92729568481445, 664.9935913085938)",1
7575761599,7537135023,"(nan, nan)","(nan, nan, nan)",0,nan,0,"(nan, nan, nan)",0,"(nan, nan)","(nan, nan, nan)",0,nan,0,"(nan, nan, nan)",0
7575778239,7537151663,"(nan, nan)","(nan, nan, nan)",0,nan,0,"(nan, nan, nan)",0,"(nan, nan)","(nan, nan, nan)",0,nan,0,"(nan, nan, nan)",0
7575794962,7537168386,"(nan, nan)","(nan, nan, nan)",0,nan,0,"(nan, nan, nan)",0,"(nan, nan)","(nan, nan, nan)",0,nan,0,"(nan, nan, nan)",0
7575811519,7537184944,"(nan, nan)","(nan, nan, nan)",0,nan,0,"(nan, nan, nan)",0,"(nan, nan)","(nan, nan, nan)",0,nan,0,"(nan, nan, nan)",0
7575828205,7537201630,"(nan, nan)","(nan, nan, nan)",0,nan,0,"(nan, nan, nan)",0,"(nan, nan)","(nan, nan, nan)",0,nan,0,"(nan, nan, nan)",0
7575844974,7537218399,"(0.394008070230484, 0.35291728377342224)","(-57.56303405761719, 199.5143280029297, 65.78019714355469)",1,3.5590972900390625,1,"(-21.327856063842773, -46.204654693603516, 665.2067260742188)",1,"(0.2617214024066925, 0.32026103138923645)","(-130.7572479248047, 209.06503295898438, 69.25634765625)",1,2.9733428955078125,1,"(40.350074768066406, -47.693077087402344, 664.3615112304688)",1
7575861388,7537234814,"(0.3997381329536438, 0.25619420409202576)","(-54.392581939697266, 227.80210876464844, 76.076171875)",1,3.7652130126953125,1,"(-21.264415740966797, -46.275577545166016, 665.0131225585938)",1,"(0.35441482067108154, 0.37097159028053284)","(-79.46997833251953, 194.23414611816406, 63.85837173461914)",1,3.4233245849609375,1,"(40.38338088989258, -47.74072265625, 664.2145385742188)",1
7575878171,7537251597,"(0.41884279251098633, 0.20285291969776154)","(-43.82194519042969, 243.4023895263672, 81.7541732788086)",1,3.933441162109375,1,"(-21.224700927734375, -46.28348159790039, 664.659423828125)",1,"(0.3810030519962311, 0.32732954621315)","(-64.75870513916016, 206.99777221679688, 68.50397491455078)",1,3.6027984619140625,1,"(40.412506103515625, -47.75727462768555, 663.8843994140625)",1
7575894986,7537268412,"(0.4042896032333374, 0.23074844479560852)","(-51.87422180175781, 235.24404907226562, 78.78475189208984)",1,3.8123931884765625,1,"(-21.15594482421875, -46.287235260009766, 664.4519653320312)",1,"(0.4036118984222412, 0.24514995515346527)","(-52.249229431152344, 231.03216552734375, 77.25177764892578)",1,3.8570556640625,1,"(40.458518981933594, -47.797367095947266, 663.6728515625)",1
7575911354,7537284780,"(0.4002869129180908, 0.23711828887462616)","(-54.088905334472656, 233.381103515625, 78.1067123413086)",1,3.8127593994140625,1,"(-21.104665756225586, -46.31084442138672, 664.4580078125)",1,"(0.4099281132221222, 0.22460117936134338)","(-48.754478454589844, 237.04190063476562, 79.43911743164062)",1,3.8580474853515625,1,"(40.48858642578125, -47.81800842285156, 663.6613159179688)",1
7575928040,7537301466,"(0.4163616895675659, 0.237203910946846)","(-45.194725036621094, 233.35604858398438, 78.09761047363281)",1,3.89410400390625,1,"(-21.098285675048828, -46.32440948486328, 664.4826049804688)",1,"(0.39223814010620117, 0.21008698642253876)","(-58.54233932495117, 241.28672790527344, 80.98412322998047)",1,3.99969482421875,1,"(40.50880432128906, -47.841522216796875, 663.685302734375)",1
7575944804,7537318230,"(0.4168497920036316, 0.23919054865837097)","(-44.92465591430664, 232.77503967285156, 77.88616943359375)",1,3.8882904052734375,1,"(-21.100980758666992, -46.34488296508789, 664.5839233398438)",1,"(0.3939334750175476, 0.22529420256614685)","(-57.604270935058594, 236.83917236328125, 79.36538696289062)",1,3.972015380859375,1,"(40.518104553222656, -47.875465393066406, 663.7897338867188)",1
7575961274,7537334700,"(0.4197239577770233, 0.24079258739948273)","(-43.334388732910156, 232.30650329589844, 77.71562194824219)",1,3.87445068359375,1,"(-21.118112564086914, -46.373592376708984, 664.6567993164062)",1,"(0.391639769077301, 0.22933310270309448)","(-58.87337875366211, 235.65794372558594, 78.93544006347656)",1,3.9652557373046875,1,"(40.51597595214844, -47.900001525878906, 663.8613891601562)",1
7575977910,7537351336,"(0.42143020033836365, 0.24829700589179993)","(-42.39036560058594, 230.1117706298828, 76.91679382324219)",1,3.8662261962890625,1,"(-21.102890014648438, -46.38358688354492, 664.6083374023438)",1,"(0.393306702375412, 0.2354474663734436)","(-57.9510498046875, 233.8697509765625, 78.28456115722656)",1,3.961090087890625,1,"(40.51913833618164, -47.91705322265625, 663.8150024414062)",1
7575994623,7537368050,"(0.43957969546318054, 0.25125864148139954)","(-32.34822082519531, 229.24559020996094, 76.6015396118164)",1,3.8594207763671875,1,"(-21.051408767700195, -46.47028732299805, 664.7100830078125)",1,"(0.4101475179195404, 0.2421521693468094)","(-48.63303756713867, 231.90887451171875, 77.57086944580078)",1,3.95184326171875,1,"(40.57959747314453, -47.98341751098633, 663.9210205078125)",1
7576011194,7537384621,"(0.4352109730243683, 0.25450462102890015)","(-34.76539611816406, 228.29623413085938, 76.25598907470703)",1,3.8671417236328125,1,"(-21.057764053344727, -46.508758544921875, 664.8895263671875)",1,"(0.4089809060096741, 0.24102039635181427)","(-49.27854919433594, 232.2398681640625, 77.6913833618164)",1,3.9408416748046875,1,"(40.59432601928711, -48.010684967041016, 664.084716796875)",1
7576027876,7537401303,"(0.4333406984806061, 0.2527864873409271)","(-35.80024719238281, 228.79873657226562, 76.43887329101562)",1,3.871551513671875,1,"(-21.070905685424805, -46.5233268737793, 665.1409912109375)",1,"(0.4108417332172394, 0.24449090659618378)","(-48.24893569946289, 231.22486877441406, 77.32195281982422)",1,3.9441070556640625,1,"(40.59843444824219, -48.02741622924805, 664.3416748046875)",1
7576044539,7537417966,"(0.4353841245174408, 0.2519737482070923)","(-34.66961669921875, 229.0364227294922, 76.52539825439453)",1,3.87115478515625,1,"(-21.10356330871582, -46.55864334106445, 665.8414916992188)",1,"(0.409818559885025, 0.24058358371257782)","(-48.8150634765625, 232.36761474609375, 77.73786163330078)",1,3.9360504150390625,1,"(40.64043426513672, -48.06588363647461, 665.075927734375)",1
7576061114,7537434541,"(0.4360737204551697, 0.24779494106769562)","(-34.2880859375, 230.25857543945312, 76.97026824951172)",1,3.8571014404296875,1,"(-21.138818740844727, -46.57495880126953, 666.4222412109375)",1,"(0.4094472825527191, 0.24556711316108704)","(-49.020484924316406, 230.91014099121094, 77.20735168457031)",1,3.9437408447265625,1,"(40.66652297973633, -48.08225631713867, 665.6209716796875)",1
7576077746,7537451173,"(0.43540382385253906, 0.25016939640045166)","(-34.65874481201172, 229.56414794921875, 76.71749877929688)",1,3.8512420654296875,1,"(-21.15959930419922, -46.582427978515625, 666.7284545898438)",1,"(0.4101795256137848, 0.2446112185716629)","(-48.61531448364258, 231.189697265625, 77.30908203125)",1,3.9388427734375,1,"(40.682132720947266, -48.093299865722656, 665.939208984375)",1
7576094455,7537467882,"(0.43610551953315735, 0.2523587644100189)","(-34.27047348022461, 228.92384338378906, 76.48442840576172)",1,3.8507080078125,1,"(-21.182830810546875, -46.59669494628906, 667.126953125)",1,"(0.4106311500072479, 0.2428663820028305)","(-48.36545181274414, 231.69998168945312, 77.49485778808594)",1,3.9396514892578125,1,"(40.70794677734375, -48.108673095703125, 666.34765625)",1
7576111034,7537484461,"(0.43729063868522644, 0.25006356835365295)","(-33.614742279052734, 229.5950927734375, 76.728759765625)",1,3.85382080078125,1,"(-21.196474075317383, -46.6155891418457, 667.3194580078125)",1,"(0.41067585349082947, 0.23975548148155212)","(-48.340721130371094, 232.60980224609375, 77.8260269165039)",1,3.9324951171875,1,"(40.71882247924805, -48.13059997558594, 666.527587890625)",1
7576127712,7537501139,"(0.4588086009025574, 0.2449859380722046)","(-21.70883560180664, 231.08009338378906, 77.26923370361328)",1,3.84881591796875,1,"(-21.10024070739746, -46.636375427246094, 667.21240234375)",1,"(0.4302991032600403, 0.24084806442260742)","(-37.4831657409668, 232.29026794433594, 77.7096939086914)",1,3.9279327392578125,1,"(40.8065185546875, -48.14373016357422, 666.429443359375)",1
7576144369,7537517797,"(0.5288280248641968, 0.2521606683731079)","(17.032882690429688, 228.9818115234375, 76.5054931640625)",1,3.862548828125,1,"(-20.742448806762695, -46.73589324951172, 668.0293579101562)",1,"(0.5054688453674316, 0.2523026168346405)","(4.108252048492432, 228.9402618408203, 76.4903793334961)",1,3.9393463134765625,1,"(41.21726608276367, -48.25762939453125, 667.2393798828125)",1
7576160954,7537534382,"(0.5522664189338684, 0.25609463453292847)","(30.001405715942383, 227.8312530517578, 76.08672332763672)",1,3.83819580078125,1,"(-20.650148391723633, -46.8128662109375, 668.5570068359375)",1,"(0.5203278064727783, 0.25827085971832275)","(12.329707145690918, 227.19476318359375, 75.85509490966797)",1,3.9201507568359375,1,"(41.34299850463867, -48.334102630615234, 667.6697387695312)",1
7576177580,7537551008,"(0.5476287603378296, 0.25414493680000305)","(27.43536376953125, 228.40145874023438, 76.29428100585938)",1,3.8225250244140625,1,"(-20.617773056030273, -46.773136138916016, 667.5685424804688)",1,"(0.5221313834190369, 0.25914859771728516)","(13.327653884887695, 226.93809509277344, 75.76165008544922)",1,3.9038543701171875,1,"(41.28025817871094, -48.29095458984375, 666.7249145507812)",1
7576194285,7537567713,"(0.5504513382911682, 0.2562999725341797)","(28.997079849243164, 227.77120971679688, 76.06488037109375)",1,3.8090972900390625,1,"(-20.604467391967773, -46.77116012573242, 667.0379028320312)",1,"(0.5215062499046326, 0.26360249519348145)","(12.981767654418945, 225.63546752929688, 75.28756713867188)",1,3.882720947265625,1,"(41.267677307128906, -48.28630447387695, 666.1976318359375)",1
7576210879,7537584307,"(0.5497764348983765, 0.25478142499923706)","(28.623701095581055, 228.21530151367188, 76.2265396118164)",1,3.7879791259765625,1,"(-20.6043701171875, -46.808109283447266, 667.382568359375)",1,"(0.5211060047149658, 0.26002782583236694)","(12.760306358337402, 226.68093872070312, 75.66804504394531)",1,3.873626708984375,1,"(41.3096809387207, -48.337493896484375, 666.5267333984375)",1
7576227546,7537600974,"(0.5527071356773376, 0.255448579788208)","(30.2452335357666, 228.02017211914062, 76.15550994873047)",1,3.7833251953125,1,"(-20.597837448120117, -46.8195686340332, 667.5515747070312)",1,"(0.5222315192222595, 0.2598342001438141)","(13.383074760437012, 226.737548828125, 75.68865966796875)",1,3.8560333251953125,1,"(41.331092834472656, -48.353492736816406, 666.6958618164062)",1
7576244200,7537617628,"(0.5499828457832336, 0.2580358684062958)","(28.737857818603516, 227.26348876953125, 75.88013458251953)",1,3.772918701171875,1,"(-20.56654930114746, -46.82545471191406, 667.7029418945312)",1,"(0.5231944918632507, 0.26284027099609375)","(13.915873527526855, 225.85836791992188, 75.3686752319336)",1,3.8462677001953125,1,"(41.37818145751953, -48.36788558959961, 666.847412109375)",1
7576260799,7537634227,"(0.5577011108398438, 0.25618502497673035)","(33.008358001708984, 227.80477905273438, 76.07716369628906)",1,3.7631378173828125,1,"(-20.49272346496582, -46.819122314453125, 667.7764892578125)",1,"(0.5260574817657471, 0.2560178339481354)","(15.499977111816406, 227.85369873046875, 76.09491729736328)",1,3.843170166015625,1,"(41.47652053833008, -48.38524627685547, 666.901611328125)",1
7576277416,7537650844,"(0.5905821323394775, 0.25682300329208374)","(51.201473236083984, 227.61819458007812, 76.00924682617188)",1,3.762176513671875,1,"(-20.251113891601562, -46.768516540527344, 667.2778930664062)",1,"(0.5627362728118896, 0.25922784209251404)","(35.79435729980469, 226.9149169921875, 75.75321960449219)",1,3.8246612548828125,1,"(41.64919662475586, -48.365028381347656, 666.4395141601562)",1
7576294116,7537667545,"(0.6476839184761047, 0.25084200501441956)","(82.79591369628906, 229.36741638183594, 76.64585876464844)",1,3.7396240234375,1,"(-19.835962295532227, -46.712162017822266, 666.751953125)",1,"(0.6311161518096924, 0.26033201813697815)","(73.62899017333984, 226.5919647216797, 75.63567352294922)",1,3.7949676513671875,1,"(41.93362808227539, -48.341835021972656, 665.8401489257812)",1
7576310719,7537684148,"(0.6547418236732483, 0.25077009201049805)","(86.70103454589844, 229.388427734375, 76.65355682373047)",1,3.7351837158203125,1,"(-19.78460693359375, -46.733863830566406, 667.176025390625)",1,"(0.6316817998886108, 0.2640921473503113)","(73.9419174194336, 225.4922637939453, 75.23542022705078)",1,3.783416748046875,1,"(42.03548812866211, -48.374996185302734, 666.1839599609375)",1
7576327285,7537700714,"(0.6571382880210876, 0.24773140251636505)","(88.02700805664062, 230.27713012695312, 76.97700500488281)",1,3.7213134765625,1,"(-19.770591735839844, -46.71502685546875, 667.0438842773438)",1,"(0.6273598074913025, 0.26591092348098755)","(71.55052947998047, 224.96035766601562, 75.04177856445312)",1,3.7803497314453125,1,"(42.073421478271484, -48.374610900878906, 666.115478515625)",1
7576344032,7537717461,"(0.6591227650642395, 0.24622024595737457)","(89.12500762939453, 230.71914672851562, 77.13787078857422)",1,3.7117156982421875,1,"(-19.746021270751953, -46.69303512573242, 666.9537963867188)",1,"(0.6285667419433594, 0.2645672559738159)","(72.21833801269531, 225.35333251953125, 75.18485260009766)",1,3.77130126953125,1,"(42.11992645263672, -48.373294830322266, 666.0186157226562)",1
7576360643,7537734072,"(0.6584204435348511, 0.24817633628845215)","(88.73644256591797, 230.14703369140625, 76.92964935302734)",1,3.7091827392578125,1,"(-19.720966339111328, -46.675201416015625, 666.8633422851562)",1,"(0.6301094889640808, 0.2674444913864136)","(73.07198333740234, 224.51181030273438, 74.87862396240234)",1,3.771331787109375,1,"(42.14204025268555, -48.364933013916016, 665.9266357421875)",1
7576377251,7537750680,"(0.6573753356933594, 0.2440430223941803)","(88.15813446044922, 231.3558807373047, 77.3696060180664)",1,3.7001800537109375,1,"(-19.70584487915039, -46.66260528564453, 666.8040161132812)",1,"(0.6317582726478577, 0.2637983560562134)","(73.98421478271484, 225.5781707763672, 75.26673889160156)",1,3.7628021240234375,1,"(42.148765563964844, -48.35700988769531, 665.8680419921875)",1
7576393946,7537767375,"(0.6568161249160767, 0.2463322877883911)","(87.84873962402344, 230.68634033203125, 77.1259536743164)",1,3.6927490234375,1,"(-19.691394805908203, -46.65108108520508, 666.7256469726562)",1,"(0.6333557963371277, 0.26305675506591797)","(74.86812591552734, 225.7950897216797, 75.34565734863281)",1,3.7529449462890625,1,"(42.16127014160156, -48.3492431640625, 665.7860717773438)",1
7576410563,7537783992,"(0.6551965475082397, 0.2504764497280121)","(86.95264434814453, 229.47433471679688, 76.68477630615234)",1,3.6915130615234375,1,"(-19.682357788085938, -46.64613342285156, 666.6508178710938)",1,"(0.6327365636825562, 0.2656192481517792)","(74.52550506591797, 225.045654296875, 75.0728988647461)",1,3.7565460205078125,1,"(42.16997528076172, -48.3403205871582, 665.71630859375)",1
7576427121,7537800551,"(0.6552289724349976, 0.25056904554367065)","(86.97057342529297, 229.447265625, 76.6749267578125)",1,3.6967620849609375,1,"(-19.679546356201172, -46.64573669433594, 666.5900268554688)",1,"(0.6337635517120361, 0.2643658220767975)","(75.0937271118164, 225.41220092773438, 75.2063217163086)",1,3.7508697509765625,1,"(42.175636291503906, -48.33649826049805, 665.6569213867188)",1
7576443862,7537817292,"(0.6548611521720886, 0.24946089088916779)","(86.76702117919922, 229.7713623046875, 76.79290771484375)",1,3.6930999755859375,1,"(-19.682207107543945, -46.6474609375, 666.5322875976562)",1,"(0.6319516897201538, 0.2675553858280182)","(74.09123992919922, 224.47938537597656, 74.86677551269531)",1,3.745941162109375,1,"(42.185707092285156, -48.334014892578125, 665.5963134765625)",1
7576460483,7537833913,"(0.6550391912460327, 0.24889755249023438)","(86.86556243896484, 229.93612670898438, 76.85282135009766)",1,3.68975830078125,1,"(-19.68618392944336, -46.66291427612305, 666.568115234375)",1,"(0.6303533911705017, 0.26705601811408997)","(73.20695495605469, 224.62545776367188, 74.91992950439453)",1,3.7492523193359375,1,"(42.20263671875, -48.350467681884766, 665.63037109375)",1
7576477087,7537850517,"(0.6554240584373474, 0.24513840675354004)","(87.07852172851562, 231.03550720214844, 77.25298309326172)",1,3.6815185546875,1,"(-19.68235969543457, -46.68737030029297, 666.6578979492188)",1,"(0.6283804774284363, 0.2647066116333008)","(72.11528015136719, 225.3125762939453, 75.17000579833984)",1,3.7597503662109375,1,"(42.22248840332031, -48.37331771850586, 665.7184448242188)",1
7576493777,7537867207,"(0.6534859538078308, 0.24529960751533508)","(86.00614166259766, 230.98837280273438, 77.23582458496094)",1,3.686248779296875,1,"(-19.674091339111328, -46.70970916748047, 666.7039184570312)",1,"(0.6264721155166626, 0.26496490836143494)","(71.05938720703125, 225.23704528808594, 75.14250946044922)",1,3.7569427490234375,1,"(42.25019073486328, -48.401187896728516, 665.7632446289062)",1
7576510403,7537883833,"(0.6522892713546753, 0.2450784295797348)","(85.34407043457031, 231.05303955078125, 77.25940704345703)",1,3.69049072265625,1,"(-19.654237747192383, -46.71731948852539, 666.5533447265625)",1,"(0.6266747117042542, 0.26369306445121765)","(71.17152404785156, 225.60899353027344, 75.27788543701172)",1,3.7499847412109375,1,"(42.25536346435547, -48.4193115234375, 665.6189575195312)",1
7576526957,7537900387,"(0.6532057523727417, 0.2458866536617279)","(85.85111236572266, 230.81668090820312, 77.17335510253906)",1,3.6895904541015625,1,"(-19.640968322753906, -46.7102165222168, 666.3351440429688)",1,"(0.6284263134002686, 0.262287437915802)","(72.14065551757812, 226.0200653076172, 75.42752838134766)",1,3.74566650390625,1,"(42.25286865234375, -48.415489196777344, 665.4080810546875)",1
7576543693,7537917123,"(0.6519468426704407, 0.24322322010993958)","(85.15454864501953, 231.5956573486328, 77.45687103271484)",1,3.6807708740234375,1,"(-19.62343978881836, -46.692047119140625, 666.0020751953125)",1,"(0.6271882653236389, 0.26606908440589905)","(71.45563507080078, 224.91407775878906, 75.02497863769531)",1,3.7446136474609375,1,"(42.246734619140625, -48.39351272583008, 665.0537109375)",1
7576560323,7537933753,"(0.6526057124137878, 0.24616888165473938)","(85.5191421508789, 230.734130859375, 77.14334106445312)",1,3.685546875,1,"(-19.60760498046875, -46.674015045166016, 665.6865844726562)",1,"(0.6293894648551941, 0.2672649621963501)","(72.67356872558594, 224.5643310546875, 74.89768981933594)",1,3.739654541015625,1,"(42.237327575683594, -48.37152099609375, 664.7523193359375)",1
7576576825,7537950256,"(0.6517993211746216, 0.254680335521698)","(85.07292938232422, 228.24484252929688, 76.2373046875)",1,3.689697265625,1,"(-19.60095977783203, -46.664695739746094, 665.5342407226562)",1,"(0.6292365193367004, 0.2675347924232483)","(72.58895874023438, 224.4853973388672, 74.86898040771484)",1,3.73699951171875,1,"(42.228763580322266, -48.363433837890625, 664.6011352539062)",1
7576593609,7537967040,"(0.6506789326667786, 0.2548810541629791)","(84.45301055908203, 228.18617248535156, 76.21593475341797)",1,3.686279296875,1,"(-19.594043731689453, -46.653717041015625, 665.2794189453125)",1,"(0.6284922361373901, 0.2656909227371216)","(72.17716979980469, 225.02468872070312, 75.0652084350586)",1,3.738433837890625,1,"(42.20866775512695, -48.35288619995117, 664.3331298828125)",1
7576610243,7537983674,"(0.620368242263794, 0.26477310061454773)","(67.68213653564453, 225.29312133789062, 75.1629409790039)",1,3.677947998046875,1,"(-19.742650985717773, -46.651397705078125, 664.8551025390625)",1,"(0.5995389819145203, 0.2695601284503937)","(56.15729904174805, 223.89306640625, 74.6534194946289)",1,3.7306365966796875,1,"(42.02643585205078, -48.33454895019531, 663.9356079101562)",1
7576626791,7538000222,"(0.5853691101074219, 0.270270437002182)","(48.317108154296875, 223.6853485107422, 74.57774353027344)",1,3.65679931640625,1,"(-19.90234375, -46.61684036254883, 664.1091918945312)",1,"(0.5661340355873108, 0.27711769938468933)","(37.67432403564453, 221.68276977539062, 73.84893798828125)",1,3.740020751953125,1,"(41.78255081176758, -48.2789421081543, 663.2100830078125)",1
7576643621,7538017052,"(0.5732700824737549, 0.268214613199234)","(41.6226806640625, 224.28660583496094, 74.796630859375)",1,3.6551666259765625,1,"(-20.031835556030273, -46.64290237426758, 664.2910766601562)",1,"(0.5487631559371948, 0.2751278579235077)","(28.06300163269043, 222.26480102539062, 74.06067657470703)",1,3.738616943359375,1,"(41.678199768066406, -48.28549575805664, 663.4661254882812)",1
7576660159,7538033590,"(0.5718366503715515, 0.27257612347602844)","(40.82959747314453, 223.01104736328125, 74.33232879638672)",1,3.6674957275390625,1,"(-20.06664276123047, -46.66552734375, 664.8594970703125)",1,"(0.5462610721588135, 0.2701735198497772)","(26.678586959838867, 223.71371459960938, 74.58804321289062)",1,3.738739013671875,1,"(41.715267181396484, -48.31627655029297, 663.985107421875)",1
7576676757,7538050188,"(0.5724505186080933, 0.26979267597198486)","(41.169254302978516, 223.8250732421875, 74.62861633300781)",1,3.6692962646484375,1,"(-20.063928604125977, -46.62999725341797, 664.5368041992188)",1,"(0.5464608669281006, 0.27705249190330505)","(26.789175033569336, 221.7018585205078, 73.85580444335938)",1,3.728271484375,1,"(41.69215393066406, -48.27436065673828, 663.6512451171875)",1
7576693439,7538066870,"(0.572802722454071, 0.2690250873565674)","(41.364131927490234, 224.049560546875, 74.71033477783203)",1,3.6539764404296875,1,"(-20.056623458862305, -46.56914138793945, 664.221435546875)",1,"(0.5474994778633118, 0.27812013030052185)","(27.363821029663086, 221.3896484375, 73.74217224121094)",1,3.72991943359375,1,"(41.672157287597656, -48.21247482299805, 663.3233642578125)",1
7576710079,7538083511,"(0.5717985033988953, 0.2665451169013977)","(40.808467864990234, 224.7748565673828, 74.97433471679688)",1,3.6548614501953125,1,"(-20.049652099609375, -46.49552536010742, 664.04150390625)",1,"(0.548943281173706, 0.2894745469093323)","(28.162673950195312, 218.06887817382812, 72.53353881835938)",1,3.7182464599609375,1,"(41.64316940307617, -48.124778747558594, 663.1549682617188)",1
7576726723,7538100155,"(nan, nan)","(nan, nan, nan)",0,nan,0,"(nan, nan, nan)",0,"(nan, nan)","(nan, nan, nan)",0,nan,0,"(nan, nan, nan)",0
7576743354,7538116786,"(nan, nan)","(nan, nan, nan)",0,nan,0,"(nan, nan, nan)",0,"(nan, nan)","(nan, nan, nan)",0,nan,0,"(nan, nan, nan)",0
7576759999,7538133431,"(nan, nan)","(nan, nan, nan)",0,nan,0,"(nan, nan, nan)",0,"(nan, nan)","(nan, nan, nan)",0,nan,0,"(nan, nan, nan)",0
7576776689,7538150121,"(nan, nan)","(nan, nan, nan)",0,nan,0,"(nan, nan, nan)",0,"(nan, nan)","(nan, nan, nan)",0,nan,0,"(nan, nan, nan)",0
7576793270,7538166702,"(nan, nan)","(nan, nan, nan)",0,nan,0,"(nan, nan, nan)",0,"(nan, nan)","(nan, nan, nan)",0,nan,0,"(nan, nan, nan)",0
7576809937,7538183370,"(nan, nan)","(nan, nan, nan)",0,nan,0,"(nan, nan, nan)",0,"(nan, nan)","(nan, nan, nan)",0,nan,0,"(nan, nan, nan)",0
7576826655,7538200088,"(nan, nan)","(nan, nan, nan)",0,nan,0,"(nan, nan, nan)",0,"(nan, nan)","(nan, nan, nan)",0,nan,0,"(nan, nan, nan)",0
7576843282,7538216715,"(nan, nan)","(nan, nan, nan)",0,nan,0,"(nan, nan, nan)",0,"(nan, nan)","(nan, nan, nan)",0,nan,0,"(nan, nan, nan)",0
7576859862,7538233295,"(nan, nan)","(nan, nan, nan)",0,nan,0,"(nan, nan, nan)",0,"(nan, nan)","(nan, nan, nan)",0,nan,0,"(nan, nan, nan)",0
7576876621,7538250055,"(nan, nan)","(nan, nan, nan)",0,nan,0,"(nan, nan, nan)",0,"(nan, nan)","(nan, nan, nan)",0,nan,0,"(nan, nan, nan)",0
7576893225,7538266659,"(nan, nan)","(nan, nan, nan)",0,nan,0,"(nan, nan, nan)",0,"(0.29253706336021423, 0.9965210556983948)","(-113.70694732666016, 11.2847900390625, -2.729736328125)",1,1.854339599609375,1,"(41.692867279052734, -48.1871223449707, 663.3011474609375)",1
7576909861,7538283295,"(0.6302593946456909, 0.6117638349533081)","(73.15489959716797, 123.81159210205078, 38.226688385009766)",1,2.442901611328125,1,"(-20.190418243408203, -46.57639694213867, 664.0667114257812)",1,"(nan, nan)","(nan, nan, nan)",0,nan,0,"(nan, nan, nan)",0
7576926505,7538299939,"(0.5484151244163513, 0.5857412815093994)","(27.87042808532715, 131.4221649169922, 40.99671936035156)",1,3.11993408203125,1,"(-20.158212661743164, -46.612422943115234, 664.0181274414062)",1,"(nan, nan)","(nan, nan, nan)",0,nan,0,"(nan, nan, nan)",0
7576943237,7538316671,"(0.4949275255203247, 0.5650674104690552)","(-1.7242755889892578, 137.46849060058594, 43.197471618652344)",1,3.6267852783203125,1,"(-20.1366024017334, -46.69325637817383, 664.1088256835938)",1,"(0.4282228648662567, 0.6074213981628418)","(-38.63196563720703, 125.08160400390625, 38.68890380859375)",1,3.663421630859375,1,"(41.76313018798828, -48.4144287109375, 663.3572387695312)",1
7576959775,7538333209,"(0.47296497225761414, 0.5116077065467834)","(-13.8761625289917, 153.1034393310547, 48.88806915283203)",1,3.7852630615234375,1,"(-20.14630126953125, -46.74332809448242, 664.2405395507812)",1,"(0.44532302021980286, 0.66402667760849)","(-29.170440673828125, 108.52671813964844, 32.663448333740234)",1,3.549896240234375,1,"(41.74945068359375, -48.43144607543945, 663.3388061523438)",1
7576976375,7538349809,"(0.48096662759780884, 0.520256757736206)","(-9.448832511901855, 150.5738983154297, 47.9674072265625)",1,3.7423248291015625,1,"(-20.17459487915039, -46.78432083129883, 664.1873168945312)",1,"(0.4389317035675049, 0.611766517162323)","(-32.7067756652832, 123.8108139038086, 38.22642135620117)",1,3.73590087890625,1,"(41.733558654785156, -48.47111129760742, 663.2939453125)",1
7576993055,7538366489,"(0.4803064167499542, 0.5216735005378723)","(-9.81411075592041, 150.15956115722656, 47.81660461425781)",1,3.752685546875,1,"(-20.202234268188477, -46.855079650878906, 663.9105834960938)",1,"(0.44131964445114136, 0.5640138983726501)","(-31.38550567626953, 137.77659606933594, 43.30955505371094)",1,3.798736572265625,1,"(41.65229797363281, -48.50547409057617, 663.002197265625)",1
7577009603,7538383037,"(0.43148449063301086, 0.5221630334854126)","(-36.827293395996094, 150.0164031982422, 47.76446533203125)",1,3.820465087890625,1,"(-20.388473510742188, -46.85012435913086, 663.4510498046875)",1,"(0.4047224521636963, 0.5214294195175171)","(-51.63471221923828, 150.23094177246094, 47.842525482177734)",1,3.8591156005859375,1,"(41.400108337402344, -48.462799072265625, 662.559326171875)",1
7577026243,7538399678,"(0.4110806882381439, 0.5268240571022034)","(-48.11674499511719, 148.6531982421875, 47.26831817626953)",1,3.7987823486328125,1,"(-20.486356735229492, -46.82534408569336, 662.8878173828125)",1,"(0.37886250019073486, 0.49704205989837646)","(-65.94307708740234, 157.36329650878906, 50.438533782958984)",1,3.88446044921875,1,"(41.2216682434082, -48.41978073120117, 662.044677734375)",1
7577042971,7538416406,"(0.4099934697151184, 0.5221983194351196)","(-48.71827697753906, 150.00607299804688, 47.76069641113281)",1,3.80950927734375,1,"(-20.535940170288086, -46.88861846923828, 663.29443359375)",1,"(0.3804928958415985, 0.49555084109306335)","(-65.04096984863281, 157.7994384765625, 50.59728240966797)",1,3.87274169921875,1,"(41.205291748046875, -48.48247528076172, 662.466796875)",1
7577059519,7538432954,"(0.4092588424682617, 0.5180814862251282)","(-49.124759674072266, 151.21009826660156, 48.19896697998047)",1,3.8308868408203125,1,"(-20.520904541015625, -46.911537170410156, 663.39697265625)",1,"(0.3766319453716278, 0.49558117985725403)","(-67.17723083496094, 157.79058837890625, 50.59402084350586)",1,3.8757171630859375,1,"(41.236572265625, -48.527984619140625, 662.5418090820312)",1
7577076209,7538449644,"(0.408878356218338, 0.5120359659194946)","(-49.33527755737305, 152.97817993164062, 48.842525482177734)",1,3.8505859375,1,"(-20.498476028442383, -46.926456451416016, 663.5565795898438)",1,"(0.3732829988002777, 0.5019082427024841)","(-69.03020477294922, 155.94017028808594, 49.92052459716797)",1,3.879150390625,1,"(41.26774597167969, -48.54309844970703, 662.6973266601562)",1
7577092886,7538466321,"(0.40941348671913147, 0.5095392465591431)","(-49.03919982910156, 153.70835876464844, 49.10822296142578)",1,3.8610687255859375,1,"(-20.45775032043457, -46.9301643371582, 663.76953125)",1,"(0.37457403540611267, 0.5070182085037231)","(-68.31585693359375, 154.4456787109375, 49.3765754699707)",1,3.89202880859375,1,"(41.325016021728516, -48.568748474121094, 662.9169311523438)",1
7577109439,7538482874,"(0.40903714299201965, 0.504953920841217)","(-49.24744415283203, 155.0494384765625, 49.5963020324707)",1,3.867340087890625,1,"(-20.420991897583008, -46.92650604248047, 663.9639892578125)",1,"(0.3732720911502838, 0.5077141523361206)","(-69.0362319946289, 154.24215698242188, 49.302490234375)",1,3.91796875,1,"(41.386024475097656, -48.58063888549805, 663.093505859375)",1
7577126079,7538499514,"(0.4077393114566803, 0.5121456384658813)","(-49.965511322021484, 152.94610595703125, 48.83075714111328)",1,3.8712310791015625,1,"(-20.389829635620117, -46.89528274536133, 664.0037231445312)",1,"(0.37083908915519714, 0.5100682973861694)","(-70.38240051269531, 153.5536346435547, 49.05187225341797)",1,3.9225006103515625,1,"(41.41386795043945, -48.58064270019531, 663.130126953125)",1
7577142802,7538516237,"(0.41100361943244934, 0.5121020674705505)","(-48.15938186645508, 152.9588623046875, 48.83544158935547)",1,3.8913726806640625,1,"(-20.37153434753418, -46.867042541503906, 663.9356689453125)",1,"(0.3698510229587555, 0.5080431699752808)","(-70.92911529541016, 154.14590454101562, 49.267486572265625)",1,3.9329376220703125,1,"(41.43354415893555, -48.56857681274414, 663.061767578125)",1
7577159359,7538532795,"(0.41064149141311646, 0.5116398930549622)","(-48.35972595214844, 153.09400939941406, 48.884639739990234)",1,3.9148712158203125,1,"(-20.370872497558594, -46.846492767333984, 663.9429931640625)",1,"(0.37044036388397217, 0.511662483215332)","(-70.60301971435547, 153.08741760253906, 48.88219451904297)",1,3.949981689453125,1,"(41.42774200439453, -48.55227279663086, 663.073974609375)",1
7577175948,7538549384,"(0.41184473037719727, 0.5075312852859497)","(-47.69397735595703, 154.2956085205078, 49.321983337402344)",1,3.9201202392578125,1,"(-20.390670776367188, -46.8464241027832, 664.0156860351562)",1,"(0.372650682926178, 0.5061978697776794)","(-69.38005828857422, 154.68560791015625, 49.463890075683594)",1,3.958251953125,1,"(41.413204193115234, -48.551029205322266, 663.1473388671875)",1
7577192620,7538566056,"(0.40843212604522705, 0.5095212459564209)","(-49.582191467285156, 153.71365356445312, 49.110145568847656)",1,3.9419708251953125,1,"(-20.4266414642334, -46.8492317199707, 664.132080078125)",1,"(0.37035688757896423, 0.5059597492218018)","(-70.64923858642578, 154.7552490234375, 49.48920822143555)",1,3.9610443115234375,1,"(41.39098358154297, -48.5368766784668, 663.2695922851562)",1
7577209279,7538582715,"(0.4110139310359955, 0.5137038826942444)","(-48.153690338134766, 152.49037170410156, 48.664920806884766)",1,3.961395263671875,1,"(-20.485225677490234, -46.86098098754883, 664.051025390625)",1,"(0.36904042959213257, 0.5035064220428467)","(-71.37760925292969, 155.47276306152344, 49.750389099121094)",1,3.976470947265625,1,"(41.344947814941406, -48.53132247924805, 663.1947021484375)",1
7577225914,7538599350,"(0.4105154573917389, 0.5081681609153748)","(-48.42945098876953, 154.10934448242188, 49.25417709350586)",1,3.9574127197265625,1,"(-20.522432327270508, -46.8781852722168, 664.0515747070312)",1,"(0.36942484974861145, 0.5061696767807007)","(-71.16490936279297, 154.69384765625, 49.46689224243164)",1,3.9897003173828125,1,"(41.3082160949707, -48.53175735473633, 663.1978759765625)",1
7577242632,7538616068,"(0.40700098872184753, 0.5121319890022278)","(-50.3740119934082, 152.9500732421875, 48.83226776123047)",1,3.968048095703125,1,"(-20.614391326904297, -46.92689514160156, 664.22900390625)",1,"(0.3667542040348053, 0.504776656627655)","(-72.64257049560547, 155.10121154785156, 49.61518096923828)",1,4.008544921875,1,"(41.22684860229492, -48.57477951049805, 663.4014892578125)",1
7577259199,7538632635,"(0.3895440697669983, 0.5139049291610718)","(-60.032928466796875, 152.4315643310547, 48.643531799316406)",1,3.995574951171875,1,"(-20.724695205688477, -47.024375915527344, 664.644287109375)",1,"(0.3517189621925354, 0.5168556571006775)","(-80.9615707397461, 151.56858825683594, 48.32945251464844)",1,4.0501251220703125,1,"(41.140228271484375, -48.6309928894043, 663.8012084960938)",1
7577275784,7538649220,"(0.38989803194999695, 0.5118899941444397)","(-59.837074279785156, 153.02084350585938, 48.85798645019531)",1,3.997894287109375,1,"(-20.762130737304688, -47.04386901855469, 664.5518188476562)",1,"(0.3502567708492279, 0.5120208263397217)","(-81.77059173583984, 152.98260498046875, 48.84408187866211)",1,4.05908203125,1,"(41.11745834350586, -48.64352035522461, 663.7230224609375)",1
7577292451,7538665888,"(0.38869959115982056, 0.4974311888217926)","(-60.500186920166016, 157.24951171875, 50.39707565307617)",1,3.9993133544921875,1,"(-20.801305770874023, -47.09244918823242, 664.4085083007812)",1,"(0.34595683217048645, 0.5152893662452698)","(-84.1497573852539, 152.0266876220703, 48.496116638183594)",1,4.0670928955078125,1,"(41.088775634765625, -48.65808868408203, 663.5807495117188)",1
7577309119,7538682556,"(0.390946626663208, 0.5039721131324768)","(-59.25688934326172, 155.33656311035156, 49.70083236694336)",1,4.008209228515625,1,"(-20.833274841308594, -47.11676025390625, 664.4060668945312)",1,"(0.34678366780281067, 0.5187212228775024)","(-83.6922836303711, 151.02301025390625, 48.13079071044922)",1,4.0607147216796875,1,"(41.068443298339844, -48.678375244140625, 663.5751953125)",1
7577325750,7538699187,"(0.3895236849784851, 0.5037358999252319)","(-60.04422378540039, 155.4056396484375, 49.725975036621094)",1,4.0074920654296875,1,"(-20.8398494720459, -47.12203598022461, 664.3516845703125)",1,"(0.3480721116065979, 0.5252677798271179)","(-82.97938537597656, 149.10833740234375, 47.433956146240234)",1,4.086944580078125,1,"(41.05364227294922, -48.689918518066406, 663.5202026367188)",1
7577342367,7538715804,"(0.3868289291858673, 0.5097556710243225)","(-61.535247802734375, 153.64511108398438, 49.08516311645508)",1,4.0162200927734375,1,"(-20.84736442565918, -47.123756408691406, 664.233154296875)",1,"(0.3469107747077942, 0.5222578644752502)","(-83.62193298339844, 149.98863220214844, 47.75439453125)",1,4.089447021484375,1,"(41.03974151611328, -48.701629638671875, 663.393798828125)",1
7577359039,7538732476,"(0.3867005407810211, 0.5154181718826294)","(-61.60627365112305, 151.989013671875, 48.482418060302734)",1,4.043701171875,1,"(-20.86752700805664, -47.113399505615234, 663.8934326171875)",1,"(0.34892624616622925, 0.5193334817886353)","(-82.50678253173828, 150.8439178466797, 48.065670013427734)",1,4.0947265625,1,"(40.996009826660156, -48.69452667236328, 663.0706787109375)",1
7577375620,7538749057,"(0.38782885670661926, 0.514116644859314)","(-60.98197555541992, 152.36965942382812, 48.62092971801758)",1,4.0440521240234375,1,"(-20.879770278930664, -47.10905838012695, 663.713134765625)",1,"(0.35018351674079895, 0.5169245004653931)","(-81.81111907958984, 151.5484619140625, 48.32209777832031)",1,4.08978271484375,1,"(40.97320556640625, -48.691104888916016, 662.89111328125)",1
7577392379,7538765816,"(0.3950548768043518, 0.5184859037399292)","(-56.983787536621094, 151.09182739257812, 48.155853271484375)",1,4.0440521240234375,1,"(-20.931659698486328, -47.1213493347168, 663.7036743164062)",1,"(0.35363101959228516, 0.5109238028526306)","(-79.90365600585938, 153.30345153808594, 48.96085739135742)",1,4.106689453125,1,"(40.933841705322266, -48.71405792236328, 662.8983764648438)",1
