device_time_stamp,system_time_stamp,left_gaze_point_on_display_area,left_gaze_point_in_user_coordinate_system,left_gaze_point_validity,left_pupil_diameter,left_pupil_validity,left_gaze_origin_in_user_coordinate_system,left_gaze_origin_validity,right_gaze_point_on_display_area,right_gaze_point_in_user_coordinate_system,right_gaze_point_validity,right_pupil_diameter,right_pupil_validity,right_gaze_origin_in_user_coordinate_system,right_gaze_origin_validity
16848704954,16810081716,"(0.46899527311325073, 0.1733132004737854)","(-16.07259178161621, 252.04164123535156, 84.89864349365234)",1,3.6983795166015625,1,"(-15.684053421020508, -59.56630325317383, 690.584228515625)",1,"(0.481483519077301, 0.17239058017730713)","(-9.162817001342773, 252.31143188476562, 84.99684143066406)",1,3.258544921875,1,"(44.640506744384766, -61.68989181518555, 689.5066528320312)",1
16848721626,16810098388,"(0.47057586908340454, 0.16567987203598022)","(-15.198031425476074, 254.27407836914062, 85.71122741699219)",1,3.7138214111328125,1,"(-15.658960342407227, -59.5765495300293, 690.5074462890625)",1,"(0.4794134795665741, 0.17262738943099976)","(-10.30820369720459, 252.24220275878906, 84.97163391113281)",1,3.2652740478515625,1,"(44.6749267578125, -61.70013427734375, 689.4221801757812)",1
16848738767,16810115529,"(0.4705100655555725, 0.17023278772830963)","(-15.234441757202148, 252.9425506591797, 85.22651672363281)",1,3.722259521484375,1,"(-15.627685546875, -59.545494079589844, 690.3511352539062)",1,"(0.4790571928024292, 0.1710970550775528)","(-10.505327224731445, 252.6897735595703, 85.13446807861328)",1,3.2755126953125,1,"(44.69198226928711, -61.68070983886719, 689.2705688476562)",1
16848754824,16810131586,"(0.4687041938304901, 0.16904941201210022)","(-16.23366355895996, 253.28866577148438, 85.35250091552734)",1,3.7153167724609375,1,"(-15.6220064163208, -59.54499816894531, 690.320556640625)",1,"(0.47872912883758545, 0.17568229138851166)","(-10.686823844909668, 251.34878540039062, 84.64640808105469)",1,3.28424072265625,1,"(44.69697189331055, -61.68186950683594, 689.2356567382812)",1
16848771541,16810148303,"(0.46880438923835754, 0.16528722643852234)","(-16.17818832397461, 254.38893127441406, 85.75297546386719)",1,3.7285308837890625,1,"(-15.623411178588867, -59.55893325805664, 690.2485961914062)",1,"(0.4784015417098999, 0.17323942482471466)","(-10.868067741394043, 252.06321716308594, 84.90643310546875)",1,3.2925872802734375,1,"(44.69373321533203, -61.69852828979492, 689.15869140625)",1
16848788687,16810165449,"(0.46814993023872375, 0.17200146615505219)","(-16.54030418395996, 252.42526245117188, 85.03823852539062)",1,3.7383575439453125,1,"(-15.63380241394043, -59.53300476074219, 690.14794921875)",1,"(0.4805087149143219, 0.1740947961807251)","(-9.702166557312012, 251.81304931640625, 84.81539154052734)",1,3.2969970703125,1,"(44.66630935668945, -61.68444061279297, 689.0637817382812)",1
16848804790,16810181552,"(0.4675302505493164, 0.17516139149665833)","(-16.883176803588867, 251.50111389160156, 84.70187377929688)",1,3.7572174072265625,1,"(-15.645320892333984, -59.51848220825195, 689.9490966796875)",1,"(0.481117308139801, 0.1775617152452469)","(-9.365448951721191, 250.79913330078125, 84.44634246826172)",1,3.3033905029296875,1,"(44.63864517211914, -61.67049026489258, 688.8663940429688)",1
16848821457,16810198219,"(0.46777641773223877, 0.1720854490995407)","(-16.746952056884766, 252.4007110595703, 85.02928924560547)",1,3.7562255859375,1,"(-15.670151710510254, -59.46965026855469, 689.73486328125)",1,"(0.4835451543331146, 0.17970974743366241)","(-8.022116661071777, 250.17088317871094, 84.21769714355469)",1,3.30560302734375,1,"(44.58859634399414, -61.59869384765625, 688.65625)",1
16848838607,16810215369,"(0.46764421463012695, 0.17891931533813477)","(-16.82012367248535, 250.4020538330078, 84.3018798828125)",1,3.751251220703125,1,"(-15.689840316772461, -59.441734313964844, 689.6725463867188)",1,"(0.483822226524353, 0.18224255740642548)","(-7.868801593780518, 249.4301300048828, 83.94813537597656)",1,3.315765380859375,1,"(44.55683517456055, -61.57326126098633, 688.600341796875)",1
16848854659,16810231421,"(0.4680163860321045, 0.18817037343978882)","(-16.61420249938965, 247.6964569091797, 83.31714630126953)",1,3.759124755859375,1,"(-15.69839096069336, -59.425682067871094, 689.6881103515625)",1,"(0.48392269015312195, 0.18971644341945648)","(-7.8132452964782715, 247.24432373046875, 83.15253448486328)",1,3.3170166015625,1,"(44.54461669921875, -61.54817581176758, 688.6190795898438)",1
16848871373,16810248135,"(0.4680929481983185, 0.2790275812149048)","(-16.571826934814453, 221.12423706054688, 73.64558410644531)",1,3.7614898681640625,1,"(-15.658405303955078, -59.57921600341797, 689.7072143554688)",1,"(0.4849436283111572, 0.27731359004974365)","(-7.248321056365967, 221.62551879882812, 73.82803344726562)",1,3.31475830078125,1,"(44.532470703125, -61.72028732299805, 688.6306762695312)",1
16848888523,16810265284,"(0.4859841465950012, 0.3907618820667267)","(-6.672640323638916, 188.4462127685547, 61.75171661376953)",1,3.7694091796875,1,"(-15.569631576538086, -59.83289337158203, 689.4286499023438)",1,"(0.4942212700843811, 0.37624090909957886)","(-2.115022897720337, 192.6930389404297, 63.29746627807617)",1,3.28802490234375,1,"(44.5283203125, -61.928428649902344, 688.3604125976562)",1
16848904625,16810281386,"(0.4879962205886841, 0.4063170254230499)","(-5.559351921081543, 183.89694213867188, 60.095943450927734)",1,3.77545166015625,1,"(-15.571091651916504, -59.893898010253906, 689.425537109375)",1,"(0.5016986727714539, 0.3920985162258148)","(2.0222344398498535, 188.0552978515625, 61.60945510864258)",1,3.299407958984375,1,"(44.53791427612305, -61.98487854003906, 688.3388671875)",1
16848921288,16810298049,"(0.48748499155044556, 0.401576966047287)","(-5.842217922210693, 185.28321838378906, 60.600502014160156)",1,3.7852630615234375,1,"(-15.622321128845215, -59.91810607910156, 689.3952026367188)",1,"(0.4994523823261261, 0.3958273231983185)","(0.779355525970459, 186.96478271484375, 61.212528228759766)",1,3.2935943603515625,1,"(44.5350341796875, -61.989959716796875, 688.3065185546875)",1
16848938453,16810315214,"(0.4876897931098938, 0.40739476680755615)","(-5.7288970947265625, 183.5817413330078, 59.98119354248047)",1,3.789703369140625,1,"(-15.666031837463379, -59.903587341308594, 689.2493286132812)",1,"(0.4973793029785156, 0.4014405906200409)","(-0.3676971197128296, 185.32308959960938, 60.615074157714844)",1,3.3034210205078125,1,"(44.51155090332031, -61.97290802001953, 688.1722412109375)",1
16848954495,16810331256,"(0.4874816834926605, 0.404337614774704)","(-5.8440351486206055, 184.47581481933594, 60.306663513183594)",1,3.7864532470703125,1,"(-15.684737205505371, -59.901737213134766, 689.1497192382812)",1,"(0.4941691756248474, 0.3986526429653168)","(-2.1438560485839844, 186.13845825195312, 60.911808013916016)",1,3.3008270263671875,1,"(44.495609283447266, -61.97184753417969, 688.0765991210938)",1
16848971204,16810347964,"(0.48831674456596375, 0.39896729588508606)","(-5.3820013999938965, 186.04644775390625, 60.878334045410156)",1,3.775177001953125,1,"(-15.718364715576172, -59.89181900024414, 688.947998046875)",1,"(0.4956135153770447, 0.39805638790130615)","(-1.3446797132492065, 186.3128662109375, 60.97528839111328)",1,3.30609130859375,1,"(44.456336975097656, -61.95377731323242, 687.86376953125)",1
16848988367,16810365127,"(0.4725501835346222, 0.40271317958831787)","(-14.105645179748535, 184.95089721679688, 60.479576110839844)",1,3.7964019775390625,1,"(-15.786510467529297, -59.79363250732422, 688.6824340820312)",1,"(0.48748400807380676, 0.3758309483528137)","(-5.842739582061768, 192.81295776367188, 63.34111022949219)",1,3.3324737548828125,1,"(44.351016998291016, -61.888885498046875, 687.6176147460938)",1
16849004461,16810381221,"(0.4370441436767578, 0.36838170886039734)","(-33.75113296508789, 194.99154663085938, 64.1340560913086)",1,3.7911834716796875,1,"(-15.929250717163086, -59.74126434326172, 688.8681640625)",1,"(0.45472559332847595, 0.34006842970848083)","(-23.967988967895508, 203.27210998535156, 67.14794921875)",1,3.337249755859375,1,"(44.202293395996094, -61.8358268737793, 687.7930908203125)",1
16849021118,16810397878,"(0.4142765700817108, 0.33034342527389526)","(-46.34843826293945, 206.1162872314453, 68.18318176269531)",1,3.780487060546875,1,"(-16.07841682434082, -59.70749282836914, 689.0377197265625)",1,"(0.42951881885528564, 0.33837977051734924)","(-37.914894104003906, 203.76597595214844, 67.32772064208984)",1,3.3145904541015625,1,"(44.03150939941406, -61.7139892578125, 687.964111328125)",1
16849038287,16810415047,"(0.4093160331249237, 0.3259080946445465)","(-49.0931282043457, 207.41348266601562, 68.6552505493164)",1,3.770477294921875,1,"(-16.06922149658203, -59.58840560913086, 687.7959594726562)",1,"(0.4267868995666504, 0.3382979929447174)","(-39.426475524902344, 203.7898712158203, 67.33642578125)",1,3.3115081787109375,1,"(43.94982147216797, -61.58980941772461, 686.7802734375)",1
16849054427,16810431187,"(0.40720537304878235, 0.32754573225975037)","(-50.260948181152344, 206.93450927734375, 68.48094940185547)",1,3.7821197509765625,1,"(-16.07768440246582, -59.5732307434082, 687.6653442382812)",1,"(0.4265013635158539, 0.33590295910835266)","(-39.5844612121582, 204.4903564453125, 67.59136199951172)",1,3.308990478515625,1,"(43.935997009277344, -61.57621765136719, 686.6361694335938)",1
16849071034,16810447794,"(0.4099636673927307, 0.3323366940021515)","(-48.734779357910156, 205.53334045410156, 67.97100830078125)",1,3.7695770263671875,1,"(-16.104660034179688, -59.54634094238281, 687.478271484375)",1,"(0.42579251527786255, 0.33312761783599854)","(-39.97667694091797, 205.3020477294922, 67.88673400878906)",1,3.294158935546875,1,"(43.916481018066406, -61.559879302978516, 686.4390869140625)",1
16849088203,16810464963,"(0.40913572907447815, 0.33113130927085876)","(-49.192893981933594, 205.8858642578125, 68.09929656982422)",1,3.7527618408203125,1,"(-16.123172760009766, -59.54655075073242, 687.3814697265625)",1,"(0.42513713240623474, 0.33473846316337585)","(-40.33930206298828, 204.8309326171875, 67.71529388427734)",1,3.278411865234375,1,"(43.89601135253906, -61.57136154174805, 686.3490600585938)",1
16849104295,16810481055,"(0.4102461338043213, 0.32908719778060913)","(-48.57846450805664, 206.48367309570312, 68.31690216064453)",1,3.7487335205078125,1,"(-16.141620635986328, -59.53858947753906, 687.4231567382812)",1,"(0.4270592927932739, 0.3308931887149811)","(-39.27577209472656, 205.9555206298828, 68.12462615966797)",1,3.272705078125,1,"(43.892974853515625, -61.56370162963867, 686.388427734375)",1
16849120950,16810497710,"(0.41027745604515076, 0.3292219638824463)","(-48.56114196777344, 206.44427490234375, 68.30252838134766)",1,3.7365875244140625,1,"(-16.154403686523438, -59.55282211303711, 687.5386352539062)",1,"(0.4271032512187958, 0.33420196175575256)","(-39.251461029052734, 204.98782348632812, 67.77241516113281)",1,3.2666473388671875,1,"(43.89103698730469, -61.57990264892578, 686.5056762695312)",1
16849138123,16810514883,"(0.40868523716926575, 0.3303219974040985)","(-49.44211959838867, 206.12255859375, 68.18546295166016)",1,3.720428466796875,1,"(-16.15313720703125, -59.542335510253906, 687.5173950195312)",1,"(0.4249562621116638, 0.3332517445087433)","(-40.43938446044922, 205.26573181152344, 67.87359619140625)",1,3.2608642578125,1,"(43.903404235839844, -61.5825080871582, 686.4822387695312)",1
16849154261,16810531021,"(0.40936997532844543, 0.3294147849082947)","(-49.06325149536133, 206.38787841796875, 68.28203582763672)",1,3.7060394287109375,1,"(-16.148130416870117, -59.54867935180664, 687.55224609375)",1,"(0.4245307445526123, 0.32966575026512146)","(-40.67481231689453, 206.31448364257812, 68.25533294677734)",1,3.2499847412109375,1,"(43.91011047363281, -61.59855270385742, 686.5133666992188)",1
16849170865,16810547625,"(0.4096446931362152, 0.3273271918296814)","(-48.91127395629883, 206.99842834472656, 68.50423431396484)",1,3.6985626220703125,1,"(-16.14725112915039, -59.558773040771484, 687.6395263671875)",1,"(0.42556947469711304, 0.33229130506515503)","(-40.10009765625, 205.54661560058594, 67.97583770751953)",1,3.238006591796875,1,"(43.908809661865234, -61.60200119018555, 686.6122436523438)",1
16849188043,16810564802,"(0.41207355260849, 0.32713985443115234)","(-47.567386627197266, 207.05323791503906, 68.5241928100586)",1,3.6756439208984375,1,"(-16.17865562438965, -59.58169174194336, 687.8772583007812)",1,"(0.42373478412628174, 0.3278983235359192)","(-41.115234375, 206.83143615722656, 68.44342803955078)",1,3.218292236328125,1,"(43.9125862121582, -61.619144439697266, 686.8395385742188)",1
16849204131,16810580890,"(0.41383808851242065, 0.3264938294887543)","(-46.5910530090332, 207.24217224121094, 68.59294128417969)",1,3.6668701171875,1,"(-16.2071533203125, -59.59747314453125, 688.024658203125)",1,"(0.4238113760948181, 0.3262750804424286)","(-41.07281494140625, 207.30612182617188, 68.6162109375)",1,3.2095489501953125,1,"(43.906524658203125, -61.631195068359375, 686.98876953125)",1
16849220877,16810597636,"(0.4126397669315338, 0.33025598526000977)","(-47.254112243652344, 206.14187622070312, 68.19247436523438)",1,3.654388427734375,1,"(-16.24330711364746, -59.62428665161133, 688.1436767578125)",1,"(0.4261036813259125, 0.3226958215236664)","(-39.80450439453125, 208.3529052734375, 68.99723052978516)",1,3.20068359375,1,"(43.864410400390625, -61.64577865600586, 687.1139526367188)",1
16849237963,16810614722,"(0.4131269156932831, 0.33460432291030884)","(-46.984554290771484, 204.87014770507812, 67.72958374023438)",1,3.635101318359375,1,"(-16.27972412109375, -59.64229965209961, 688.13720703125)",1,"(0.4278123080730438, 0.32400476932525635)","(-38.85909652709961, 207.97010803222656, 68.85784912109375)",1,3.191741943359375,1,"(43.8201789855957, -61.6551628112793, 687.1087036132812)",1
16849254001,16810630760,"(0.4175194799900055, 0.33737051486968994)","(-44.55414962768555, 204.06114196777344, 67.43513488769531)",1,3.627685546875,1,"(-16.277812957763672, -59.63889694213867, 687.9413452148438)",1,"(0.43675151467323303, 0.32507041096687317)","(-33.91307067871094, 207.65847778320312, 68.74443054199219)",1,3.1708221435546875,1,"(43.79231643676758, -61.64922332763672, 686.920166015625)",1
16849270695,16810647454,"(0.41832754015922546, 0.3441903591156006)","(-44.10703659057617, 202.06658935546875, 66.70919036865234)",1,3.609710693359375,1,"(-16.287599563598633, -59.618247985839844, 687.6929931640625)",1,"(0.4364190399646759, 0.33137649297714233)","(-34.09701156616211, 205.81414794921875, 68.07322692871094)",1,3.1409912109375,1,"(43.73892593383789, -61.61630630493164, 686.6778564453125)",1
16849287883,16810664642,"(0.4210599362850189, 0.34384775161743164)","(-42.5952262878418, 202.1667938232422, 66.74566650390625)",1,3.602081298828125,1,"(-16.322538375854492, -59.633453369140625, 687.8967895507812)",1,"(0.43825647234916687, 0.327765554189682)","(-33.08035659790039, 206.87022399902344, 68.45755767822266)",1,3.1446533203125,1,"(43.727142333984375, -61.61526870727539, 686.8805541992188)",1
16849303967,16810680726,"(0.4187318682670593, 0.339877188205719)","(-43.88332748413086, 203.32803344726562, 67.16831970214844)",1,3.593475341796875,1,"(-16.33064842224121, -59.63078689575195, 687.9286499023438)",1,"(0.43793177604675293, 0.32637497782707214)","(-33.25999069213867, 207.27691650390625, 68.60560607910156)",1,3.141815185546875,1,"(43.72307586669922, -61.60689926147461, 686.9149780273438)",1
16849320707,16810697466,"(0.41984444856643677, 0.33475250005722046)","(-43.26774215698242, 204.82679748535156, 67.71385192871094)",1,3.587646484375,1,"(-16.339656829833984, -59.61473846435547, 687.9610595703125)",1,"(0.4364132285118103, 0.3210562467575073)","(-34.10023880004883, 208.83245849609375, 69.17174530029297)",1,3.133544921875,1,"(43.72709274291992, -61.59611511230469, 686.9491577148438)",1
16849337803,16810714562,"(0.4224351644515991, 0.33760595321655273)","(-41.83430099487305, 203.99227905273438, 67.41011047363281)",1,3.5906524658203125,1,"(-16.34715461730957, -59.60197448730469, 688.0431518554688)",1,"(0.43452879786491394, 0.31152552366256714)","(-35.14287567138672, 211.61981201171875, 70.1862564086914)",1,3.134765625,1,"(43.73460006713867, -61.5927848815918, 687.0223999023438)",1
16849353933,16810730692,"(0.4207616150379181, 0.3348380923271179)","(-42.76028823852539, 204.80178833007812, 67.70475006103516)",1,3.5708160400390625,1,"(-16.350936889648438, -59.584571838378906, 688.0430908203125)",1,"(0.43356961011886597, 0.30806323885917664)","(-35.67359161376953, 212.63243103027344, 70.55479431152344)",1,3.13848876953125,1,"(43.73099136352539, -61.5826301574707, 687.0206298828125)",1
16849370527,16810747286,"(0.42348721623420715, 0.33127671480178833)","(-41.2521858215332, 205.84336853027344, 68.08378601074219)",1,3.5722808837890625,1,"(-16.35881996154785, -59.552825927734375, 687.94140625)",1,"(0.43566423654556274, 0.31142669916152954)","(-34.5146598815918, 211.64871215820312, 70.19677734375)",1,3.1263275146484375,1,"(43.71540832519531, -61.54218292236328, 686.9143676757812)",1
16849387723,16810764482,"(0.42329296469688416, 0.32540351152420044)","(-41.359683990478516, 207.56105041503906, 68.70901489257812)",1,3.5566864013671875,1,"(-16.368831634521484, -59.5363655090332, 687.765869140625)",1,"(0.4348071217536926, 0.3129824697971344)","(-34.9888801574707, 211.19371032714844, 70.03118896484375)",1,3.116302490234375,1,"(43.69854736328125, -61.52854919433594, 686.7479858398438)",1
16849403802,16810780560,"(0.4214629530906677, 0.3279353380203247)","(-42.37220764160156, 206.82058715820312, 68.43949127197266)",1,3.55224609375,1,"(-16.375253677368164, -59.53093719482422, 687.7041625976562)",1,"(0.43422025442123413, 0.31392693519592285)","(-35.313594818115234, 210.91749572753906, 69.93065643310547)",1,3.1051788330078125,1,"(43.68764877319336, -61.52571487426758, 686.6832275390625)",1
16849420539,16810797297,"(0.43988630175590515, 0.3216223120689392)","(-32.17855453491211, 208.66685485839844, 69.11151885986328)",1,3.5499114990234375,1,"(-16.31667709350586, -59.515804290771484, 687.6145629882812)",1,"(0.46025174856185913, 0.3079797029495239)","(-20.910383224487305, 212.6568145751953, 70.56371307373047)",1,3.1013641357421875,1,"(43.74062728881836, -61.510501861572266, 686.5744018554688)",1
16849437643,16810814401,"(0.5385727882385254, 0.29538553953170776)","(22.4246826171875, 216.34014892578125, 71.90431213378906)",1,3.5483856201171875,1,"(-15.924969673156738, -59.42570114135742, 687.6244506835938)",1,"(0.5599478483200073, 0.2837725281715393)","(34.25152587890625, 219.73648071289062, 73.1405029296875)",1,3.109954833984375,1,"(44.08285903930664, -61.479923248291016, 686.5989379882812)",1
16849453768,16810830526,"(0.5651170015335083, 0.29188746213912964)","(37.111602783203125, 217.36322021484375, 72.27668762207031)",1,3.5675811767578125,1,"(-15.783429145812988, -59.491641998291016, 688.6619873046875)",1,"(0.5859294533729553, 0.27302613854408264)","(48.62712860107422, 222.8794403076172, 74.28443908691406)",1,3.1029510498046875,1,"(44.28239822387695, -61.55202865600586, 687.5230712890625)",1
16849470454,16810847212,"(0.5711606740951538, 0.2900937497615814)","(40.45559310913086, 217.8878173828125, 72.4676284790039)",1,3.562347412109375,1,"(-15.77515983581543, -59.51727294921875, 688.8726196289062)",1,"(0.5849019289016724, 0.27505791187286377)","(48.058597564697266, 222.28521728515625, 74.06814575195312)",1,3.1067657470703125,1,"(44.30091094970703, -61.568138122558594, 687.7355346679688)",1
16849487563,16810864321,"(0.5777587890625, 0.28712546825408936)","(44.1063117980957, 218.7559051513672, 72.78361511230469)",1,3.5505523681640625,1,"(-15.766261100769043, -59.457237243652344, 688.1217041015625)",1,"(0.5852335095405579, 0.2787275016307831)","(48.242069244384766, 221.2119903564453, 73.67752075195312)",1,3.109893798828125,1,"(44.266571044921875, -61.51219177246094, 687.0547485351562)",1
16849503637,16810880395,"(0.5771219730377197, 0.29204705357551575)","(43.753990173339844, 217.3165283203125, 72.259765625)",1,3.564971923828125,1,"(-15.770296096801758, -59.44783401489258, 688.0169677734375)",1,"(0.5855239629745483, 0.27438536286354065)","(48.402801513671875, 222.48190307617188, 74.13972473144531)",1,3.11663818359375,1,"(44.258628845214844, -61.503883361816406, 686.9482421875)",1
16849520369,16810897127,"(0.5740529298782349, 0.2943364381790161)","(42.05586624145508, 216.64695739746094, 72.01606750488281)",1,3.5813140869140625,1,"(-15.780719757080078, -59.443389892578125, 687.9172973632812)",1,"(0.5846266150474548, 0.27699804306030273)","(47.90627670288086, 221.7177734375, 73.86157989501953)",1,3.113739013671875,1,"(44.246280670166016, -61.50222396850586, 686.844970703125)",1
16849537483,16810914241,"(0.5737658739089966, 0.29703059792518616)","(41.897029876708984, 215.85902404785156, 71.72920989990234)",1,3.576202392578125,1,"(-15.80598258972168, -59.435672760009766, 687.8182983398438)",1,"(0.5868014097213745, 0.2760627269744873)","(49.10955810546875, 221.99130249023438, 73.9612045288086)",1,3.1070556640625,1,"(44.211421966552734, -61.49952697753906, 686.7520141601562)",1
16849553506,16810930264,"(0.5723907351493835, 0.2918807864189148)","(41.136165618896484, 217.36514282226562, 72.27737426757812)",1,3.571044921875,1,"(-15.831168174743652, -59.434661865234375, 687.7076416015625)",1,"(0.5841988325119019, 0.2764502763748169)","(47.6695671081543, 221.87799072265625, 73.91996765136719)",1,3.105621337890625,1,"(44.18891525268555, -61.496829986572266, 686.6502075195312)",1
16849570284,16810947042,"(0.5730232000350952, 0.29012227058410645)","(41.486122131347656, 217.8794403076172, 72.46456909179688)",1,3.578857421875,1,"(-15.871135711669922, -59.43574905395508, 687.55517578125)",1,"(0.5824752449989319, 0.2735804617404938)","(46.715938568115234, 222.71731567382812, 74.22542572021484)",1,3.1153411865234375,1,"(44.1476936340332, -61.487911224365234, 686.4924926757812)",1
16849587403,16810964161,"(0.573059618473053, 0.2904704809188843)","(41.50626754760742, 217.77760314941406, 72.42756652832031)",1,3.579833984375,1,"(-15.91755199432373, -59.4259147644043, 687.4280395507812)",1,"(0.5801899433135986, 0.27809959650039673)","(45.451454162597656, 221.39564514160156, 73.74436950683594)",1,3.116729736328125,1,"(44.10236358642578, -61.46321105957031, 686.3720092773438)",1
16849603472,16810980230,"(0.5739352107048035, 0.29231351613998413)","(41.99068832397461, 217.23861694335938, 72.23136138916016)",1,3.5889892578125,1,"(-15.95030689239502, -59.415061950683594, 687.3707275390625)",1,"(0.5826568007469177, 0.27780628204345703)","(46.816383361816406, 221.4813995361328, 73.77556610107422)",1,3.1215057373046875,1,"(44.06508255004883, -61.44340896606445, 686.3189697265625)",1
16849620200,16810996957,"(0.5718454718589783, 0.29324567317962646)","(40.83448028564453, 216.96595764160156, 72.13213348388672)",1,3.6029510498046875,1,"(-15.991093635559082, -59.391178131103516, 687.3564453125)",1,"(0.5865368843078613, 0.2836691737174988)","(48.96324157714844, 219.7667236328125, 73.15151977539062)",1,3.119903564453125,1,"(44.008750915527344, -61.39651870727539, 686.31005859375)",1
16849637323,16811014080,"(0.5731885433197021, 0.29168733954429626)","(41.57759475708008, 217.4217071533203, 72.29801177978516)",1,3.61083984375,1,"(-16.029048919677734, -59.37771224975586, 687.3180541992188)",1,"(0.586990475654602, 0.28583666682243347)","(49.21420669555664, 219.1328582763672, 72.92074584960938)",1,3.128631591796875,1,"(43.962623596191406, -61.36362075805664, 686.2743530273438)",1
16849653342,16811030099,"(0.5733581781387329, 0.2913931906223297)","(41.67144775390625, 217.50775146484375, 72.32931518554688)",1,3.608917236328125,1,"(-16.054460525512695, -59.37825012207031, 687.2723999023438)",1,"(0.5877490639686584, 0.28527289628982544)","(49.63389587402344, 219.29771423339844, 72.98077392578125)",1,3.1302337646484375,1,"(43.93388748168945, -61.344757080078125, 686.2324829101562)",1
16849670116,16811046873,"(0.5728117227554321, 0.29497480392456055)","(41.369110107421875, 216.46026611328125, 71.94805145263672)",1,3.605621337890625,1,"(-16.10453987121582, -59.377288818359375, 687.2340698242188)",1,"(0.5831822752952576, 0.2878851294517517)","(47.107078552246094, 218.53370666503906, 72.7027587890625)",1,3.1416015625,1,"(43.89424514770508, -61.33395004272461, 686.1917114257812)",1
16849687243,16811064000,"(0.5753077864646912, 0.293276846408844)","(42.7501335144043, 216.95684814453125, 72.12876892089844)",1,3.6199188232421875,1,"(-16.169666290283203, -59.38798522949219, 687.0313720703125)",1,"(0.5817515850067139, 0.28861111402511597)","(46.315513610839844, 218.32139587402344, 72.62544250488281)",1,3.15142822265625,1,"(43.831443786621094, -61.31875228881836, 685.9981689453125)",1
16849703308,16811080065,"(0.5766875147819519, 0.2893766164779663)","(43.51357650756836, 218.0975341796875, 72.54395294189453)",1,3.6189727783203125,1,"(-16.185142517089844, -59.38035583496094, 686.8119506835938)",1,"(0.5861626863479614, 0.2865374982357025)","(48.75617980957031, 218.9278564453125, 72.84617614746094)",1,3.1444549560546875,1,"(43.78915786743164, -61.300113677978516, 685.788818359375)",1
16849720031,16811096788,"(0.6091281175613403, 0.273252010345459)","(61.46294403076172, 222.81333923339844, 74.26041412353516)",1,3.62701416015625,1,"(-16.08544921875, -59.35239791870117, 686.8563842773438)",1,"(0.6316737532615662, 0.2655561566352844)","(73.9374771118164, 225.06410217285156, 75.07959747314453)",1,3.1455841064453125,1,"(43.854854583740234, -61.310821533203125, 685.8408203125)",1
16849737159,16811113916,"(0.6202403903007507, 0.26697343587875366)","(67.61136627197266, 224.6496124267578, 74.92871856689453)",1,3.6399688720703125,1,"(-16.06588363647461, -59.40914535522461, 687.31982421875)",1,"(0.6348303556442261, 0.2617504596710205)","(75.68399810791016, 226.17709350585938, 75.4847183227539)",1,3.1481475830078125,1,"(43.89359664916992, -61.35334777832031, 686.2611083984375)",1
16849753178,16811129935,"(0.6191704273223877, 0.2663261294364929)","(67.01932525634766, 224.8389129638672, 74.9976577758789)",1,3.63604736328125,1,"(-16.0734920501709, -59.384822845458984, 686.9714965820312)",1,"(0.6339661478996277, 0.2663677930831909)","(75.20585632324219, 224.8267364501953, 74.99321746826172)",1,3.1468505859375,1,"(43.859458923339844, -61.324947357177734, 685.9369506835938)",1
16849769947,16811146704,"(0.6211484670639038, 0.2646225392818451)","(68.1137924194336, 225.33717346191406, 75.17894744873047)",1,3.647857666015625,1,"(-16.07668685913086, -59.36299514770508, 686.6175537109375)",1,"(0.6345633864402771, 0.2667344808578491)","(75.53630065917969, 224.719482421875, 74.95417022705078)",1,3.15496826171875,1,"(43.831233978271484, -61.29191970825195, 685.5662841796875)",1
16849787083,16811163839,"(0.6222937703132629, 0.26661595702171326)","(68.74750518798828, 224.75416564941406, 74.96675872802734)",1,3.642486572265625,1,"(-16.074155807495117, -59.330780029296875, 686.47265625)",1,"(0.6349314451217651, 0.2639918029308319)","(75.73992919921875, 225.5216522216797, 75.24607849121094)",1,3.159515380859375,1,"(43.82427978515625, -61.265098571777344, 685.4263916015625)",1
16849803144,16811179900,"(0.6213435530662537, 0.2667222023010254)","(68.22177124023438, 224.7230682373047, 74.95543670654297)",1,3.649505615234375,1,"(-16.071969985961914, -59.314937591552734, 686.3834838867188)",1,"(0.6324085593223572, 0.262874037027359)","(74.34403991699219, 225.8485565185547, 75.36505889892578)",1,3.1592864990234375,1,"(43.82234191894531, -61.244468688964844, 685.338623046875)",1
16849819861,16811196617,"(0.6212236881256104, 0.2705555260181427)","(68.15547180175781, 223.60195922851562, 74.54742431640625)",1,3.6514892578125,1,"(-16.069211959838867, -59.290260314941406, 686.2521362304688)",1,"(0.633139967918396, 0.2645856738090515)","(74.7486801147461, 225.34796142578125, 75.18284606933594)",1,3.1600189208984375,1,"(43.81277084350586, -61.211700439453125, 685.1983032226562)",1
16849836999,16811213755,"(0.6205545663833618, 0.2723560333251953)","(67.7851791381836, 223.07542419433594, 74.35576629638672)",1,3.660888671875,1,"(-16.07811164855957, -59.290000915527344, 686.189453125)",1,"(0.6314476132392883, 0.2645476162433624)","(73.81233215332031, 225.35903930664062, 75.18695068359375)",1,3.165985107421875,1,"(43.799591064453125, -61.201698303222656, 685.1404418945312)",1
16849853013,16811229769,"(0.6197962164878845, 0.2698458135128021)","(67.36560821533203, 223.80953979492188, 74.62296295166016)",1,3.65557861328125,1,"(-16.092208862304688, -59.29437255859375, 686.186279296875)",1,"(0.6327669024467468, 0.26371413469314575)","(74.54229736328125, 225.6028289794922, 75.27568054199219)",1,3.16754150390625,1,"(43.78677749633789, -61.20231246948242, 685.1375732421875)",1
16849869777,16811246533,"(0.6212624311447144, 0.26761120557785034)","(68.1768798828125, 224.4630889892578, 74.86085510253906)",1,3.6539764404296875,1,"(-16.1182861328125, -59.29352569580078, 686.1953735351562)",1,"(0.633724570274353, 0.26401618123054504)","(75.07218933105469, 225.5144805908203, 75.24349975585938)",1,3.16534423828125,1,"(43.76466369628906, -61.199520111083984, 685.1488037109375)",1
16849886919,16811263674,"(0.6236881613731384, 0.2663125991821289)","(69.51904296875, 224.8428497314453, 74.99909210205078)",1,3.6387786865234375,1,"(-16.138093948364258, -59.290035247802734, 686.2755126953125)",1,"(0.6336824297904968, 0.26329299807548523)","(75.04883575439453, 225.72598266601562, 75.32050323486328)",1,3.1733856201171875,1,"(43.7564582824707, -61.201072692871094, 685.2269897460938)",1
16849902979,16811279734,"(0.6245198249816895, 0.26594850420951843)","(69.97919464111328, 224.94932556152344, 75.0378646850586)",1,3.644134521484375,1,"(-16.13608741760254, -59.288936614990234, 686.3781127929688)",1,"(0.633960485458374, 0.26190468668937683)","(75.20272064208984, 226.1320343017578, 75.4682846069336)",1,3.168670654296875,1,"(43.76880645751953, -61.208885192871094, 685.3292236328125)",1
16849919693,16811296448,"(0.6218158602714539, 0.2645018696784973)","(68.48301696777344, 225.37246704101562, 75.19181823730469)",1,3.6493377685546875,1,"(-16.10797691345215, -59.28532409667969, 686.5018310546875)",1,"(0.6334753036499023, 0.26364538073539734)","(74.93424987792969, 225.6229248046875, 75.282958984375)",1,3.1715545654296875,1,"(43.806129455566406, -61.22356033325195, 685.456787109375)",1
16849936839,16811313594,"(0.6197806000709534, 0.26388153433799744)","(67.35694122314453, 225.5538787841797, 75.25785827636719)",1,3.650238037109375,1,"(-16.06243896484375, -59.282440185546875, 686.6685180664062)",1,"(0.6350882053375244, 0.26171940565109253)","(75.82669067382812, 226.18618774414062, 75.48798370361328)",1,3.1720733642578125,1,"(43.85169982910156, -61.22825241088867, 685.6129760742188)",1
16849952849,16811329604,"(0.6172989010810852, 0.266156405210495)","(65.98385620117188, 224.8885498046875, 75.01571655273438)",1,3.6439208984375,1,"(-16.03565788269043, -59.286346435546875, 686.7627563476562)",1,"(0.6337373852729797, 0.258870929479599)","(75.07925415039062, 227.019287109375, 75.79119110107422)",1,3.1629638671875,1,"(43.8787956237793, -61.23625183105469, 685.7015991210938)",1
16849969608,16811346363,"(0.6204542517662048, 0.2620353400707245)","(67.72968292236328, 226.0937957763672, 75.45440673828125)",1,3.629638671875,1,"(-16.020618438720703, -59.28844451904297, 686.8466796875)",1,"(0.636259138584137, 0.2600073218345642)","(76.47455596923828, 226.68690490722656, 75.67025756835938)",1,3.1619873046875,1,"(43.91063690185547, -61.24278259277344, 685.7861328125)",1
16849986759,16811363514,"(0.6217208504676819, 0.2643214762210846)","(68.43052673339844, 225.42518615722656, 75.21102142333984)",1,3.61651611328125,1,"(-16.016155242919922, -59.291812896728516, 686.8078002929688)",1,"(0.6358848810195923, 0.25902652740478516)","(76.26746368408203, 226.97373962402344, 75.77466583251953)",1,3.1605682373046875,1,"(43.91209411621094, -61.260414123535156, 685.74853515625)",1
16850002815,16811379570,"(0.6223101615905762, 0.2639595866203308)","(68.75660705566406, 225.531005859375, 75.24955749511719)",1,3.6160888671875,1,"(-16.029178619384766, -59.306480407714844, 686.77734375)",1,"(0.6342902183532715, 0.25997394323349)","(75.38516235351562, 226.69668579101562, 75.6738052368164)",1,3.154083251953125,1,"(43.89898681640625, -61.2680778503418, 685.7188110351562)",1
16850019524,16811396279,"(0.6200158596038818, 0.2671116292476654)","(67.48713684082031, 224.6091766357422, 74.9140396118164)",1,3.6117095947265625,1,"(-16.070829391479492, -59.32500076293945, 686.720947265625)",1,"(0.6330511569976807, 0.26710009574890137)","(74.69954681396484, 224.61256408691406, 74.91524505615234)",1,3.1497039794921875,1,"(43.858131408691406, -61.28521728515625, 685.6633911132812)",1
16850036679,16811413434,"(0.61991286277771, 0.2645060122013092)","(67.4301528930664, 225.3712158203125, 75.19136047363281)",1,3.6154327392578125,1,"(-16.118160247802734, -59.34895324707031, 686.5277099609375)",1,"(0.6334646940231323, 0.2614630460739136)","(74.92839813232422, 226.26119995117188, 75.51527404785156)",1,3.1499481201171875,1,"(43.79823303222656, -61.283058166503906, 685.4841918945312)",1
16850052781,16811429536,"(0.6219590306282043, 0.26501384377479553)","(68.56230163574219, 225.2227325439453, 75.13731384277344)",1,3.6181488037109375,1,"(-16.15338897705078, -59.35161590576172, 686.4371337890625)",1,"(0.6333903670310974, 0.2618175745010376)","(74.88726806640625, 226.15750122070312, 75.4775390625)",1,3.1594085693359375,1,"(43.760498046875, -61.26801300048828, 685.3942260742188)",1
16850069438,16811446193,"(0.6206251382827759, 0.26297450065612793)","(67.82427215576172, 225.81912231445312, 75.35443878173828)",1,3.5958251953125,1,"(-16.18803596496582, -59.35366439819336, 686.5150146484375)",1,"(0.6359877586364746, 0.26484814286231995)","(76.32440185546875, 225.27117919921875, 75.1549301147461)",1,3.1634063720703125,1,"(43.714088439941406, -61.26258087158203, 685.4854736328125)",1
16850086599,16811463354,"(0.6207039952278137, 0.2626854181289673)","(67.86788940429688, 225.9036865234375, 75.38516998291016)",1,3.5823211669921875,1,"(-16.216245651245117, -59.35913848876953, 686.7493286132812)",1,"(0.6367995142936707, 0.2600706219673157)","(76.7735366821289, 226.6684112548828, 75.66348266601562)",1,3.153900146484375,1,"(43.70591735839844, -61.26319885253906, 685.7106323242188)",1
16850102649,16811479403,"(0.6217717528343201, 0.2690248191356659)","(68.45866394042969, 224.0496368408203, 74.7103500366211)",1,3.5908050537109375,1,"(-16.229806900024414, -59.35712814331055, 686.8692016601562)",1,"(0.6364479660987854, 0.25601914525032043)","(76.57905578613281, 227.85328674316406, 76.09476470947266)",1,3.148040771484375,1,"(43.70695877075195, -61.26524353027344, 685.8279418945312)",1
16850119354,16811496108,"(0.6219496130943298, 0.2725057601928711)","(68.55708312988281, 223.03160095214844, 74.33984375)",1,3.588409423828125,1,"(-16.244428634643555, -59.351253509521484, 686.9918212890625)",1,"(0.6351925134658813, 0.2577817142009735)","(75.88438415527344, 227.3378448486328, 75.90715789794922)",1,3.13818359375,1,"(43.710426330566406, -61.254817962646484, 685.9569091796875)",1
16850136519,16811513273,"(0.6195516586303711, 0.27416953444480896)","(67.2303237915039, 222.54501342773438, 74.1627426147461)",1,3.583282470703125,1,"(-16.248254776000977, -59.344215393066406, 687.0250854492188)",1,"(0.6365569233894348, 0.25827789306640625)","(76.63932800292969, 227.19276428222656, 75.85430145263672)",1,3.1308135986328125,1,"(43.70444107055664, -61.24614715576172, 685.9866943359375)",1
16850152615,16811529369,"(0.6203196048736572, 0.2660542130470276)","(67.65521240234375, 224.91845703125, 75.0265884399414)",1,3.5675048828125,1,"(-16.254276275634766, -59.346046447753906, 687.013427734375)",1,"(0.6369069814682007, 0.2561832368373871)","(76.83303833007812, 227.8053436279297, 76.0772705078125)",1,3.1273345947265625,1,"(43.69944763183594, -61.241554260253906, 685.976318359375)",1
16850169366,16811546120,"(0.6215769648551941, 0.2697189152240753)","(68.35087585449219, 223.8466796875, 74.63646697998047)",1,3.5757904052734375,1,"(-16.259353637695312, -59.34320068359375, 686.965576171875)",1,"(0.6342256665229797, 0.2565838396549225)","(75.34944915771484, 227.6881561279297, 76.03467559814453)",1,3.12384033203125,1,"(43.69533157348633, -61.23982238769531, 685.923583984375)",1
16850186439,16811563193,"(0.6223993301391602, 0.26747459173202515)","(68.805908203125, 224.50303649902344, 74.87537384033203)",1,3.566864013671875,1,"(-16.248456954956055, -59.34745407104492, 686.8987426757812)",1,"(0.6366779208183289, 0.2589281499385834)","(76.70626831054688, 227.00254821777344, 75.78508758544922)",1,3.1339111328125,1,"(43.69684982299805, -61.24654006958008, 685.8590698242188)",1
16850202485,16811579239,"(0.6192854642868042, 0.2671881318092346)","(67.08300018310547, 224.58677673339844, 74.90586853027344)",1,3.5749359130859375,1,"(-16.233381271362305, -59.34732437133789, 686.8798217773438)",1,"(0.637150764465332, 0.25949805974960327)","(76.96784973144531, 226.83587646484375, 75.72443389892578)",1,3.1308441162109375,1,"(43.70473098754883, -61.25077438354492, 685.838134765625)",1
16850219282,16811596036,"(0.6175231337547302, 0.2674364447593689)","(66.10792541503906, 224.51419067382812, 74.87940216064453)",1,3.5620269775390625,1,"(-16.20951271057129, -59.36796188354492, 686.9368286132812)",1,"(0.6347962021827698, 0.2593412399291992)","(75.66511535644531, 226.88169860839844, 75.74113464355469)",1,3.1321868896484375,1,"(43.743614196777344, -61.26860046386719, 685.8991088867188)",1
16850236359,16811613113,"(0.5673573613166809, 0.2835783064365387)","(38.3511962890625, 219.79330444335938, 73.16119384765625)",1,3.5605621337890625,1,"(-16.35881233215332, -59.48758316040039, 687.1275634765625)",1,"(0.5857803225517273, 0.2915864586830139)","(48.54463195800781, 217.4512481689453, 72.30870056152344)",1,3.144561767578125,1,"(43.61400604248047, -61.327919006347656, 686.079345703125)",1
16850252451,16811629205,"(0.5373710989952087, 0.30623459815979004)","(21.759765625, 213.16720581054688, 70.7494888305664)",1,3.54351806640625,1,"(-16.45318031311035, -59.4919548034668, 686.5905151367188)",1,"(0.5502228736877441, 0.30524852871894836)","(28.870668411254883, 213.4556121826172, 70.85442352294922)",1,3.136383056640625,1,"(43.47791290283203, -61.35641860961914, 685.5885009765625)",1
16850269197,16811645951,"(0.5267313122749329, 0.3187141716480255)","(15.872747421264648, 209.51742553710938, 69.42109680175781)",1,3.54010009765625,1,"(-16.464046478271484, -59.50520706176758, 686.4993896484375)",1,"(0.5422730445861816, 0.30605658888816833)","(24.472036361694336, 213.21926879882812, 70.76842498779297)",1,3.1417999267578125,1,"(43.45923614501953, -61.421485900878906, 685.5189819335938)",1
16850286283,16811663036,"(0.5223624110221863, 0.32354259490966797)","(13.455473899841309, 208.10531616210938, 68.9071044921875)",1,3.55621337890625,1,"(-16.424985885620117, -59.546932220458984, 686.8195190429688)",1,"(0.5350988507270813, 0.30678558349609375)","(20.502540588378906, 213.00607299804688, 70.69083404541016)",1,3.14398193359375,1,"(43.549224853515625, -61.47696304321289, 685.802734375)",1
16850302417,16811679170,"(0.5230979919433594, 0.3226644694805145)","(13.862467765808105, 208.36212158203125, 69.00057220458984)",1,3.5603179931640625,1,"(-16.397863388061523, -59.56126022338867, 686.7176513671875)",1,"(0.5298804640769958, 0.3100395202636719)","(17.61516761779785, 212.05442810058594, 70.34443664550781)",1,3.1215057373046875,1,"(43.594932556152344, -61.489341735839844, 685.687744140625)",1
16850319112,16811695865,"(0.5225967764854431, 0.31798943877220154)","(13.585158348083496, 209.72933959960938, 69.49820709228516)",1,3.5631866455078125,1,"(-16.344335556030273, -59.577579498291016, 686.5236206054688)",1,"(0.532745361328125, 0.318530410528183)","(19.200389862060547, 209.57115173339844, 69.44062042236328)",1,3.133148193359375,1,"(43.6267204284668, -61.50630187988281, 685.4794921875)",1
16850336203,16811712956,"(0.5232222676277161, 0.31393513083457947)","(13.93126106262207, 210.91510009765625, 69.92976379394531)",1,3.55853271484375,1,"(-16.2773380279541, -59.59150314331055, 686.3834838867188)",1,"(0.5349588990211487, 0.3144390285015106)","(20.42512321472168, 210.7677459716797, 69.87614440917969)",1,3.1392974853515625,1,"(43.67124938964844, -61.54499816894531, 685.3489379882812)",1
16850352287,16811729040,"(0.5225058794021606, 0.3130340278148651)","(13.534846305847168, 211.17864990234375, 70.02571868896484)",1,3.551788330078125,1,"(-16.228723526000977, -59.59388732910156, 686.322998046875)",1,"(0.5362676978111267, 0.31251785159111023)","(21.149301528930664, 211.32958984375, 70.08067321777344)",1,3.1419677734375,1,"(43.713226318359375, -61.56892776489258, 685.2889404296875)",1
16850368931,16811745684,"(0.5220455527305603, 0.31522515416145325)","(13.280158042907715, 210.537841796875, 69.79247283935547)",1,3.557952880859375,1,"(-16.156126022338867, -59.574058532714844, 686.2670288085938)",1,"(0.5300120711326599, 0.30919331312179565)","(17.688045501708984, 212.30189514160156, 70.4345474243164)",1,3.1439361572265625,1,"(43.81562423706055, -61.57752227783203, 685.2210083007812)",1
16850386123,16811762876,"(0.5205696225166321, 0.32195529341697693)","(12.463536262512207, 208.5695037841797, 69.07604217529297)",1,3.5689849853515625,1,"(-16.059537887573242, -59.530433654785156, 686.199462890625)",1,"(0.5341858267784119, 0.31085205078125)","(19.997364044189453, 211.81678771972656, 70.25794982910156)",1,3.1517486572265625,1,"(43.88069152832031, -61.564300537109375, 685.144775390625)",1
16850402253,16811779006,"(0.5231085419654846, 0.3230593800544739)","(13.868300437927246, 208.24659729003906, 68.95852661132812)",1,3.556884765625,1,"(-16.004335403442383, -59.49694061279297, 686.1386108398438)",1,"(0.535110354423523, 0.3128366768360138)","(20.508899688720703, 211.2363739013672, 70.04669952392578)",1,3.1518707275390625,1,"(43.92292404174805, -61.54657745361328, 685.0826416015625)",1
16850418943,16811795696,"(0.52644282579422, 0.3157026767730713)","(15.713184356689453, 210.3981475830078, 69.74164581298828)",1,3.5625762939453125,1,"(-15.952347755432129, -59.48362350463867, 686.14111328125)",1,"(0.5298888683319092, 0.3158973157405853)","(17.619842529296875, 210.3412322998047, 69.72090148925781)",1,3.144866943359375,1,"(44.006351470947266, -61.51997756958008, 685.0835571289062)",1
16850436043,16811812796,"(0.44607359170913696, 0.3610321283340454)","(-28.755146026611328, 197.14102172851562, 64.91641998291016)",1,3.568878173828125,1,"(-16.12799644470215, -59.52962112426758, 685.981689453125)",1,"(0.4629494845867157, 0.3376215100288391)","(-19.4177188873291, 203.9877471923828, 67.40837860107422)",1,3.1285552978515625,1,"(43.77412033081055, -61.578548431396484, 684.9212646484375)",1
16850452122,16811828875,"(0.41307684779167175, 0.381926566362381)","(-47.012264251708984, 191.0301971435547, 62.692264556884766)",1,3.5745849609375,1,"(-16.256898880004883, -59.57438278198242, 685.9166870117188)",1,"(0.42743849754333496, 0.36227017641067505)","(-39.06593322753906, 196.7789306640625, 64.78460693359375)",1,3.138916015625,1,"(43.62457275390625, -61.61088562011719, 684.9102783203125)",1
16850468859,16811845612,"(0.41380614042282104, 0.37440648674964905)","(-46.608726501464844, 193.22955322265625, 63.49272918701172)",1,3.595001220703125,1,"(-16.296899795532227, -59.720542907714844, 687.1914672851562)",1,"(0.429093599319458, 0.3586246371269226)","(-38.15016174316406, 197.84510803222656, 65.17268371582031)",1,3.1524505615234375,1,"(43.706207275390625, -61.748043060302734, 686.2119750976562)",1
16850485963,16811862716,"(0.4086596667766571, 0.3767640292644501)","(-49.45626449584961, 192.54005432128906, 63.24181365966797)",1,3.59173583984375,1,"(-16.29513931274414, -59.737979888916016, 687.4502563476562)",1,"(0.42737138271331787, 0.36414673924446106)","(-39.10307693481445, 196.2301025390625, 64.58489990234375)",1,3.15533447265625,1,"(43.73719787597656, -61.76227951049805, 686.4234619140625)",1
16850502088,16811878840,"(0.41044536232948303, 0.37853220105171204)","(-48.4682731628418, 192.02291870117188, 63.05361557006836)",1,3.59930419921875,1,"(-16.288557052612305, -59.74419403076172, 687.4967041015625)",1,"(0.4276910126209259, 0.3665790557861328)","(-38.92624282836914, 195.51873779296875, 64.32599639892578)",1,3.16180419921875,1,"(43.755104064941406, -61.76937484741211, 686.478515625)",1
16850518774,16811895526,"(0.4069921374320984, 0.37680113315582275)","(-50.3789176940918, 192.52920532226562, 63.237892150878906)",1,3.6087493896484375,1,"(-16.270898818969727, -59.760231018066406, 687.60888671875)",1,"(0.42724671959877014, 0.3692554533481598)","(-39.17205047607422, 194.73602294921875, 64.04108428955078)",1,3.1760101318359375,1,"(43.79356002807617, -61.77507019042969, 686.5919799804688)",1
16850535883,16811912635,"(0.40926393866539, 0.38140594959259033)","(-49.12192916870117, 191.1824493408203, 62.7476921081543)",1,3.624420166015625,1,"(-16.2412166595459, -59.76423263549805, 687.7501831054688)",1,"(0.42483726143836975, 0.37236255407333374)","(-40.5052375793457, 193.82728576660156, 63.71038055419922)",1,3.1806182861328125,1,"(43.84040069580078, -61.78853225708008, 686.7199096679688)",1
16850551957,16811928709,"(0.40996047854423523, 0.385267972946167)","(-48.736549377441406, 190.052978515625, 62.33660888671875)",1,3.62396240234375,1,"(-16.216215133666992, -59.762306213378906, 687.7730102539062)",1,"(0.4222293794155121, 0.37126678228378296)","(-41.94815444946289, 194.1477508544922, 63.82698059082031)",1,3.15692138671875,1,"(43.876678466796875, -61.78880310058594, 686.7374877929688)",1
16850568689,16811945441,"(0.41364750266075134, 0.3912617266178131)","(-46.696510314941406, 188.30003356933594, 61.698577880859375)",1,3.6256256103515625,1,"(-16.186681747436523, -59.744869232177734, 687.8762817382812)",1,"(0.42165708541870117, 0.3610694110393524)","(-42.26479721069336, 197.13011169433594, 64.9124526977539)",1,3.1738739013671875,1,"(43.92812728881836, -61.80365753173828, 686.8516845703125)",1
16850585803,16811962555,"(0.4128900170326233, 0.3855574429035187)","(-47.115623474121094, 189.96832275390625, 62.305747985839844)",1,3.629425048828125,1,"(-16.150724411010742, -59.772274017333984, 688.3218383789062)",1,"(0.4227287471294403, 0.36090296506881714)","(-41.671844482421875, 197.17877197265625, 64.9301986694336)",1,3.184661865234375,1,"(43.97677230834961, -61.839561462402344, 687.2689208984375)",1
16850601924,16811978675,"(0.41048797965049744, 0.3848159611225128)","(-48.444644927978516, 190.18516540527344, 62.38469314575195)",1,3.6476287841796875,1,"(-16.136558532714844, -59.78470230102539, 688.5673217773438)",1,"(0.42644885182380676, 0.3605378270149231)","(-39.61349105834961, 197.28558349609375, 64.96907043457031)",1,3.18304443359375,1,"(44.00588607788086, -61.860496520996094, 687.5164794921875)",1
16850618604,16811995355,"(0.3972514271736145, 0.40370285511016846)","(-55.76844787597656, 184.66146850585938, 60.374229431152344)",1,3.6583709716796875,1,"(-16.168703079223633, -59.862403869628906, 688.856689453125)",1,"(0.40935152769088745, 0.3895399868488312)","(-49.07347106933594, 188.80357360839844, 61.881832122802734)",1,3.1830902099609375,1,"(43.97014617919922, -61.92512893676758, 687.8350830078125)",1
16850635723,16812012474,"(0.3239749073982239, 0.5099576115608215)","(-96.3123550415039, 153.58599853515625, 49.06372833251953)",1,3.675506591796875,1,"(-16.403841018676758, -60.08955383300781, 689.3496704101562)",1,"(0.3377707302570343, 0.47900140285491943)","(-88.67913055419922, 162.63951110839844, 52.35891342163086)",1,3.1781768798828125,1,"(43.72319030761719, -62.132259368896484, 688.2991333007812)",1
16850651792,16812028543,"(0.31931209564208984, 0.5210061073303223)","(-98.89230346679688, 150.354736328125, 47.88762283325195)",1,3.6557769775390625,1,"(-16.437301635742188, -60.084720611572266, 688.6708374023438)",1,"(0.3384937047958374, 0.510374128818512)","(-88.27914428710938, 153.46421813964844, 49.019344329833984)",1,3.207611083984375,1,"(43.6252326965332, -62.11824417114258, 687.6719970703125)",1
16850668520,16812045271,"(0.31844615936279297, 0.5318493843078613)","(-99.37142944335938, 147.18353271484375, 46.73337173461914)",1,3.6676483154296875,1,"(-16.4285945892334, -60.080345153808594, 688.8255004882812)",1,"(0.3307352662086487, 0.5089225172996521)","(-92.57185363769531, 153.8887481689453, 49.17385482788086)",1,3.2032470703125,1,"(43.698204040527344, -62.127662658691406, 687.8551025390625)",1
16850685647,16812062398,"(0.31392794847488403, 0.5341917276382446)","(-101.87136840820312, 146.49844360351562, 46.48405075073242)",1,3.6752777099609375,1,"(-16.41171646118164, -60.10556411743164, 689.3097534179688)",1,"(0.3281867504119873, 0.5065142512321472)","(-93.98194885253906, 154.59303283691406, 49.43024444580078)",1,3.202239990234375,1,"(43.76628494262695, -62.15918731689453, 688.2877197265625)",1
16850701758,16812078509,"(0.3142854571342468, 0.5321537256240845)","(-101.67353057861328, 147.09446716308594, 46.70100402832031)",1,3.68359375,1,"(-16.40052604675293, -60.11398696899414, 689.4406127929688)",1,"(0.32667067646980286, 0.5061973333358765)","(-94.82077026367188, 154.6857452392578, 49.46396255493164)",1,3.2084503173828125,1,"(43.79894256591797, -62.17068862915039, 688.4180908203125)",1
16850718436,16812095186,"(0.31503674387931824, 0.5394566059112549)","(-101.25788116455078, 144.95867919921875, 45.92360305786133)",1,3.702423095703125,1,"(-16.369152069091797, -60.09789276123047, 689.55517578125)",1,"(0.32991427183151245, 0.5036695003509521)","(-93.02609252929688, 155.425048828125, 49.732994079589844)",1,3.2205657958984375,1,"(43.834415435791016, -62.17502975463867, 688.5303955078125)",1
16850735567,16812112317,"(0.31620585918426514, 0.549017608165741)","(-100.61097717285156, 142.16246032714844, 44.90586471557617)",1,3.7116241455078125,1,"(-16.339448928833008, -60.05974197387695, 689.5357666015625)",1,"(0.33065930008888245, 0.5121200084686279)","(-92.61389923095703, 152.9535675048828, 48.83354568481445)",1,3.2514495849609375,1,"(43.861270904541016, -62.1678581237793, 688.5081176757812)",1
16850751724,16812128474,"(0.317759245634079, 0.5552005767822266)","(-99.75151062011719, 140.3541717529297, 44.247711181640625)",1,3.7232513427734375,1,"(-16.32265281677246, -60.04060363769531, 689.4896850585938)",1,"(0.33289122581481934, 0.5092815160751343)","(-91.37895202636719, 153.78372192382812, 49.135704040527344)",1,3.2362060546875,1,"(43.8793830871582, -62.163902282714844, 688.4617309570312)",1
16850768351,16812145101,"(0.31911715865135193, 0.5600991249084473)","(-99.00015258789062, 138.92152404785156, 43.72628402709961)",1,3.7361907958984375,1,"(-16.296968460083008, -60.016632080078125, 689.3836059570312)",1,"(0.33443984389305115, 0.5144890546798706)","(-90.5220947265625, 152.26072692871094, 48.58134841918945)",1,3.2249298095703125,1,"(43.90357971191406, -62.15616989135742, 688.35009765625)",1
16850785487,16812162237,"(0.31815090775489807, 0.5510581135749817)","(-99.53479766845703, 141.565673828125, 44.68864059448242)",1,3.7216644287109375,1,"(-16.26015853881836, -60.01932907104492, 689.3070068359375)",1,"(0.33455953001976013, 0.5127584934234619)","(-90.45589447021484, 152.766845703125, 48.76559066772461)",1,3.22711181640625,1,"(43.938655853271484, -62.16494369506836, 688.2780151367188)",1
16850801594,16812178344,"(0.3206363022327423, 0.5546819567680359)","(-98.15959930419922, 140.50582885742188, 44.302886962890625)",1,3.7306060791015625,1,"(-16.241050720214844, -60.02479553222656, 689.3404541015625)",1,"(0.3337858021259308, 0.5121221542358398)","(-90.8840103149414, 152.95294189453125, 48.83329772949219)",1,3.225982666015625,1,"(43.96551513671875, -62.1722526550293, 688.3081665039062)",1
16850818267,16812195017,"(0.3208414316177368, 0.5496275424957275)","(-98.04613494873047, 141.98410034179688, 44.84091567993164)",1,3.733062744140625,1,"(-16.22098731994629, -60.05138397216797, 689.417724609375)",1,"(0.3291071653366089, 0.5132714509963989)","(-93.47270965576172, 152.61685180664062, 48.71091842651367)",1,3.237945556640625,1,"(44.01099395751953, -62.19437789916992, 688.3869018554688)",1
16850835407,16812212157,"(0.31976741552352905, 0.5445982813835144)","(-98.64038848876953, 143.4549560546875, 45.376312255859375)",1,3.7350006103515625,1,"(-16.196781158447266, -60.074485778808594, 689.4548950195312)",1,"(0.33039557933807373, 0.5236796736717224)","(-92.75981140136719, 149.57286071777344, 47.60301971435547)",1,3.2390289306640625,1,"(44.027835845947266, -62.199867248535156, 688.4212036132812)",1
16850851560,16812228310,"(0.3097310960292816, 0.5377351641654968)","(-104.1934814453125, 145.46212768554688, 46.106842041015625)",1,3.751922607421875,1,"(-16.217641830444336, -60.07863998413086, 689.4694213867188)",1,"(0.31942614912986755, 0.5177181959152222)","(-98.82920837402344, 151.3163299560547, 48.23759460449219)",1,3.240325927734375,1,"(43.999916076660156, -62.2039794921875, 688.4359130859375)",1
16850868181,16812244931,"(0.26899129152297974, 0.5181468725204468)","(-126.73480224609375, 151.19097900390625, 48.191925048828125)",1,3.740203857421875,1,"(-16.31403160095215, -60.01277160644531, 689.1961059570312)",1,"(0.2836292088031769, 0.48367220163345337)","(-118.63566589355469, 161.27349853515625, 51.86174774169922)",1,3.25634765625,1,"(43.8089485168457, -62.153934478759766, 688.165771484375)",1
16850885332,16812262082,"(0.2725798189640045, 0.5200381875038147)","(-124.74925994873047, 150.63778686523438, 47.99061965942383)",1,3.726318359375,1,"(-16.3478946685791, -60.044490814208984, 689.5360717773438)",1,"(0.2855985462665558, 0.48623669147491455)","(-117.54602813720703, 160.52345275878906, 51.58876419067383)",1,3.240997314453125,1,"(43.804325103759766, -62.18141555786133, 688.5196533203125)",1
16850901430,16812278180,"(0.2673304080963135, 0.5210168361663818)","(-127.65377807617188, 150.35159301757812, 47.88648986816406)",1,3.73236083984375,1,"(-16.360021591186523, -60.070281982421875, 689.8154907226562)",1,"(0.28338921070098877, 0.48295608162879944)","(-118.7684326171875, 161.48292541503906, 51.93792724609375)",1,3.23126220703125,1,"(43.82100296020508, -62.20661926269531, 688.7996826171875)",1
16850918097,16812294847,"(0.27341949939727783, 0.5215417146682739)","(-124.28468322753906, 150.19810485839844, 47.83061599731445)",1,3.7437286376953125,1,"(-16.37384796142578, -60.06108093261719, 689.7055053710938)",1,"(0.28288838267326355, 0.48137250542640686)","(-119.0455551147461, 161.94607543945312, 52.106475830078125)",1,3.222900390625,1,"(43.79997634887695, -62.185821533203125, 688.6906127929688)",1
16850935247,16812311997,"(0.26912498474121094, 0.5103914737701416)","(-126.66084289550781, 153.45912170410156, 49.017520904541016)",1,3.7119293212890625,1,"(-16.381839752197266, -60.07072448730469, 689.8062744140625)",1,"(0.2836976945400238, 0.48148098587989807)","(-118.59777069091797, 161.91433715820312, 52.094966888427734)",1,3.2161102294921875,1,"(43.801998138427734, -62.19200134277344, 688.7916870117188)",1
16850951396,16812328146,"(0.269566148519516, 0.5161842703819275)","(-126.41673278808594, 151.76492309570312, 48.40089797973633)",1,3.7255096435546875,1,"(-16.382253646850586, -60.08558654785156, 689.9251708984375)",1,"(0.28364819288253784, 0.48144376277923584)","(-118.62516021728516, 161.9252166748047, 52.09895324707031)",1,3.2300872802734375,1,"(43.80915832519531, -62.200157165527344, 688.9124755859375)",1
16850968013,16812344763,"(0.2693439722061157, 0.5162827968597412)","(-126.5396728515625, 151.7361297607422, 48.390384674072266)",1,3.7201385498046875,1,"(-16.374122619628906, -60.096961975097656, 690.080322265625)",1,"(0.28444403409957886, 0.4776572585105896)","(-118.18479919433594, 163.03262329101562, 52.50199890136719)",1,3.2115325927734375,1,"(43.82773971557617, -62.215789794921875, 689.0706176757812)",1
16850985167,16812361917,"(0.2705836892127991, 0.5162307620048523)","(-125.85374450683594, 151.7513427734375, 48.395957946777344)",1,3.7137298583984375,1,"(-16.362552642822266, -60.08097457885742, 690.1217041015625)",1,"(0.2860441207885742, 0.47973349690437317)","(-117.2994613647461, 162.4254150390625, 52.28095245361328)",1,3.21734619140625,1,"(43.84557342529297, -62.19947814941406, 689.1061401367188)",1
16851001265,16812378015,"(0.2701626718044281, 0.5143375396728516)","(-126.08670043945312, 152.30503845214844, 48.59749984741211)",1,3.7158203125,1,"(-16.368494033813477, -60.057281494140625, 690.1634521484375)",1,"(0.28655117750167847, 0.49222370982170105)","(-117.0189437866211, 158.7725067138672, 50.95139694213867)",1,3.2036895751953125,1,"(43.87926483154297, -62.15682601928711, 689.1484375)",1
16851017928,16812394678,"(0.27701902389526367, 0.7415273189544678)","(-122.29307556152344, 85.86073303222656, 24.413728713989258)",1,3.1789093017578125,1,"(-16.398378372192383, -59.93756103515625, 690.3253173828125)",1,"(nan, nan)","(nan, nan, nan)",0,nan,0,"(nan, nan, nan)",0
16851035092,16812411842,"(nan, nan)","(nan, nan, nan)",0,nan,0,"(nan, nan, nan)",0,"(nan, nan)","(nan, nan, nan)",0,nan,0,"(nan, nan, nan)",0
16851051134,16812427884,"(nan, nan)","(nan, nan, nan)",0,nan,0,"(nan, nan, nan)",0,"(nan, nan)","(nan, nan, nan)",0,nan,0,"(nan, nan, nan)",0
16851067940,16812444690,"(nan, nan)","(nan, nan, nan)",0,nan,0,"(nan, nan, nan)",0,"(nan, nan)","(nan, nan, nan)",0,nan,0,"(nan, nan, nan)",0
16851085017,16812461767,"(nan, nan)","(nan, nan, nan)",0,nan,0,"(nan, nan, nan)",0,"(nan, nan)","(nan, nan, nan)",0,nan,0,"(nan, nan, nan)",0
16851101101,16812477851,"(nan, nan)","(nan, nan, nan)",0,nan,0,"(nan, nan, nan)",0,"(nan, nan)","(nan, nan, nan)",0,nan,0,"(nan, nan, nan)",0
16851117952,16812494702,"(0.4929635226726532, 0.9741619825363159)","(-2.8109474182128906, 17.824005126953125, -0.3497314453125)",1,3.286865234375,1,"(-15.171737670898438, -60.16368103027344, 690.4099731445312)",1,"(0.505552351474762, 0.9026232957839966)","(4.154453277587891, 38.74626922607422, 7.265502452850342)",1,2.980926513671875,1,"(45.11861038208008, -62.34684371948242, 689.2691040039062)",1
16851134822,16812511572,"(0.4998663365840912, 0.855522871017456)","(1.0083988904953003, 52.5213737487793, 12.279168128967285)",1,3.4811859130859375,1,"(-15.165153503417969, -60.21169662475586, 689.9428100585938)",1,"(nan, nan)","(nan, nan, nan)",0,nan,0,"(nan, nan, nan)",0
16851151067,16812527817,"(0.5037194490432739, 0.848177969455719)","(3.1403231620788574, 54.66947555541992, 13.060997009277344)",1,3.5112762451171875,1,"(-15.127275466918945, -60.216758728027344, 689.488037109375)",1,"(0.48458316922187805, 0.8491992950439453)","(-7.447764873504639, 54.370765686035156, 12.952342987060547)",1,2.95953369140625,1,"(45.14747619628906, -62.40898513793945, 688.2792358398438)",1
16851167964,16812544714,"(0.503689706325531, 0.8022417426109314)","(3.123863458633423, 68.10405731201172, 17.95083999633789)",1,3.6491546630859375,1,"(-15.075324058532715, -60.29313659667969, 689.5916137695312)",1,"(0.5213127732276917, 0.794491171836853)","(12.874678611755371, 70.37084197998047, 18.775833129882812)",1,3.083160400390625,1,"(45.19599533081055, -62.492584228515625, 688.4837036132812)",1
16851184747,16812561497,"(0.49890387058258057, 0.803389847278595)","(0.47586143016815186, 67.76829528808594, 17.828630447387695)",1,3.640411376953125,1,"(-15.035231590270996, -60.369937896728516, 689.9754638671875)",1,"(0.5196065902709961, 0.7661892175674438)","(11.930696487426758, 78.64802551269531, 21.788528442382812)",1,3.1243133544921875,1,"(45.26259994506836, -62.5807991027832, 688.8436279296875)",1
16851201032,16812577782,"(0.5014146566390991, 0.8085561990737915)","(1.865073800086975, 66.25732421875, 17.2786808013916)",1,3.6311798095703125,1,"(-15.018170356750488, -60.40248107910156, 690.2017211914062)",1,"(0.511468231678009, 0.7856469750404358)","(7.427742958068848, 72.95738220214844, 19.717329025268555)",1,3.03515625,1,"(45.309059143066406, -62.630523681640625, 689.059326171875)",1
16851217782,16812594532,"(0.5005995035171509, 0.8033484816551208)","(1.414041519165039, 67.78038024902344, 17.833003997802734)",1,3.616058349609375,1,"(-14.995984077453613, -60.43547821044922, 690.4228515625)",1,"(0.5118873119354248, 0.7832133173942566)","(7.659590244293213, 73.66917419433594, 19.97631072998047)",1,3.039031982421875,1,"(45.35701370239258, -62.675289154052734, 689.2966918945312)",1
16851234782,16812611532,"(0.5000179409980774, 0.8051450848579407)","(1.0922861099243164, 67.25497436523438, 17.641719818115234)",1,3.608306884765625,1,"(-14.988306999206543, -60.47159957885742, 690.8173217773438)",1,"(0.513482391834259, 0.7860342860221863)","(8.542166709899902, 72.84415435791016, 19.676013946533203)",1,3.0490875244140625,1,"(45.39051818847656, -62.703426361083984, 689.669921875)",1
16851250901,16812627651,"(0.5018154382705688, 0.8079333901405334)","(2.0868442058563232, 66.43949890136719, 17.34494400024414)",1,3.5987701416015625,1,"(-14.99063777923584, -60.48651123046875, 691.025390625)",1,"(0.5142122507095337, 0.7856495380401611)","(8.945955276489258, 72.95667266845703, 19.716955184936523)",1,3.04730224609375,1,"(45.413692474365234, -62.726009368896484, 689.8778076171875)",1
16851267602,16812644352,"(0.5003134608268738, 0.8065366148948669)","(1.2557995319366455, 66.84796905517578, 17.493629455566406)",1,3.590911865234375,1,"(-14.99699592590332, -60.49227523803711, 691.1802368164062)",1,"(0.5113369822502136, 0.7834173440933228)","(7.355112075805664, 73.60948944091797, 19.954587936401367)",1,3.0426025390625,1,"(45.438236236572266, -62.73613357543945, 690.0394897460938)",1
16851284702,16812661452,"(0.4951114356517792, 0.8104998469352722)","(-1.6224788427352905, 65.6888656616211, 17.07176971435547)",1,3.597259521484375,1,"(-15.020370483398438, -60.491756439208984, 691.3396606445312)",1,"(0.5156139731407166, 0.7829668521881104)","(9.721565246582031, 73.74124908447266, 20.002599716186523)",1,3.0400238037109375,1,"(45.38924789428711, -62.71941375732422, 690.1880493164062)",1
16851300771,16812677521,"(0.4751597046852112, 0.8208118677139282)","(-12.661795616149902, 62.67298126220703, 15.974081993103027)",1,3.59515380859375,1,"(-15.088546752929688, -60.52608108520508, 691.605712890625)",1,"(0.4999311864376068, 0.7924536466598511)","(1.0442601442337036, 70.96672058105469, 18.99274444580078)",1,3.0589599609375,1,"(45.32899475097656, -62.73629379272461, 690.4450073242188)",1
16851317517,16812694267,"(0.47343769669532776, 0.8232387900352478)","(-13.614555358886719, 61.96323013305664, 15.715738296508789)",1,3.58740234375,1,"(-15.173779487609863, -60.58713912963867, 692.0477905273438)",1,"(0.4869382679462433, 0.7953508496284485)","(-6.1447062492370605, 70.119384765625, 18.68433380126953)",1,3.05450439453125,1,"(45.28548812866211, -62.78547286987305, 690.9005737304688)",1
16851334622,16812711372,"(0.46594640612602234, 0.8233991265296936)","(-17.7595157623291, 61.91633605957031, 15.698655128479004)",1,3.592041015625,1,"(-15.167755126953125, -60.54150390625, 691.4740600585938)",1,"(0.47774961590766907, 0.7938090562820435)","(-11.228787422180176, 70.57032775878906, 18.84843635559082)",1,3.04791259765625,1,"(45.25625228881836, -62.72725296020508, 690.3568725585938)",1
16851350737,16812727487,"(0.4679715037345886, 0.8274475336074829)","(-16.63903045654297, 60.732322692871094, 15.267714500427246)",1,3.5879669189453125,1,"(-15.174980163574219, -60.53972244262695, 691.5016479492188)",1,"(0.47838762402534485, 0.7958544492721558)","(-10.875792503356934, 69.97210693359375, 18.630712509155273)",1,3.07379150390625,1,"(45.251197814941406, -62.72562789916992, 690.3722534179688)",1
16851367432,16812744182,"(0.4683586359024048, 0.8275396823883057)","(-16.4248104095459, 60.705379486083984, 15.257913589477539)",1,3.601318359375,1,"(-15.185062408447266, -60.56787872314453, 691.5377807617188)",1,"(0.47804683446884155, 0.7983008027076721)","(-11.064364433288574, 69.25664520263672, 18.370325088500977)",1,3.094635009765625,1,"(45.247161865234375, -62.7448844909668, 690.4080810546875)",1
16851384546,16812761296,"(0.4709830582141876, 0.8288200497627258)","(-14.972742080688477, 60.33091354370117, 15.121647834777832)",1,3.6189727783203125,1,"(-15.19393253326416, -60.601165771484375, 691.589599609375)",1,"(0.47908610105514526, 0.7963965535163879)","(-10.489313125610352, 69.81356811523438, 18.573015213012695)",1,3.1135406494140625,1,"(45.25341033935547, -62.780433654785156, 690.456298828125)",1
16851400703,16812777453,"(0.4691089689731598, 0.8322237133979797)","(-16.00966453552246, 59.335472106933594, 14.759296417236328)",1,3.6405181884765625,1,"(-15.182171821594238, -60.62116622924805, 691.5640258789062)",1,"(0.47928425669670105, 0.800693154335022)","(-10.379663467407227, 68.5569839477539, 18.115625381469727)",1,3.134124755859375,1,"(45.26167678833008, -62.7962646484375, 690.4303588867188)",1
16851417444,16812794194,"(0.47155582904815674, 0.8386514782905579)","(-14.655842781066895, 57.455631256103516, 14.075084686279297)",1,3.6517181396484375,1,"(-15.174819946289062, -60.64192581176758, 691.6012573242188)",1,"(0.4797574579715729, 0.804280698299408)","(-10.11785888671875, 67.50774383544922, 17.7337589263916)",1,3.1578521728515625,1,"(45.29758071899414, -62.82962417602539, 690.4688110351562)",1
16851434466,16812811215,"(0.4690655469894409, 0.8335736989974976)","(-16.033700942993164, 58.940643310546875, 14.615580558776855)",1,3.66314697265625,1,"(-15.12497615814209, -60.696739196777344, 691.71875)",1,"(0.47873616218566895, 0.8209164142608643)","(-10.682918548583984, 62.64242935180664, 15.962915420532227)",1,3.195648193359375,1,"(45.34309005737305, -62.86698532104492, 690.5845947265625)",1
16851450573,16812827322,"(0.4684595763683319, 0.8420571088790894)","(-16.36897087097168, 56.45957946777344, 13.71255111694336)",1,3.66717529296875,1,"(-15.08939266204834, -60.71310806274414, 691.83203125)",1,"(0.48202335834503174, 0.8129058480262756)","(-8.864118576049805, 64.98526000976562, 16.815595626831055)",1,3.1717071533203125,1,"(45.38421630859375, -62.922664642333984, 690.6983032226562)",1
16851467359,16812844108,"(0.46938198804855347, 0.8413786888122559)","(-15.85858154296875, 56.65797424316406, 13.784772872924805)",1,3.70062255859375,1,"(-15.010218620300293, -60.74098587036133, 691.845703125)",1,"(0.48103466629981995, 0.805254340171814)","(-9.411162376403809, 67.22303771972656, 17.6301212310791)",1,3.199981689453125,1,"(45.489688873291016, -62.98594665527344, 690.6984252929688)",1
16851484386,16812861135,"(0.47257712483406067, 0.8341162204742432)","(-14.090723037719727, 58.78202438354492, 14.557878494262695)",1,3.7005615234375,1,"(-14.923951148986816, -60.73352813720703, 691.7293090820312)",1,"(0.4845641553401947, 0.8050520420074463)","(-7.458289623260498, 67.28215026855469, 17.651683807373047)",1,3.236419677734375,1,"(45.5665283203125, -63.01545333862305, 690.5704956054688)",1
16851500539,16812877288,"(0.4704887568950653, 0.8355198502540588)","(-15.246244430541992, 58.37150573730469, 14.408458709716797)",1,3.7140655517578125,1,"(-14.860111236572266, -60.717037200927734, 691.6585693359375)",1,"(0.48711541295051575, 0.8074172139167786)","(-6.04671573638916, 66.59043884277344, 17.399890899658203)",1,3.2474517822265625,1,"(45.62510681152344, -63.023311614990234, 690.5008544921875)",1
16851517179,16812893928,"(0.4659295082092285, 0.8434979319572449)","(-17.76886749267578, 56.03821563720703, 13.559186935424805)",1,3.728515625,1,"(-14.757335662841797, -60.69374084472656, 691.6571044921875)",1,"(0.4792979955673218, 0.8061907887458801)","(-10.372065544128418, 66.9491195678711, 17.530420303344727)",1,3.245758056640625,1,"(45.75889587402344, -63.053863525390625, 690.4845581054688)",1
16851534306,16812911055,"(0.47118493914604187, 0.8323692679405212)","(-14.861031532287598, 59.292911529541016, 14.743804931640625)",1,3.7346954345703125,1,"(-14.673797607421875, -60.68547439575195, 691.4417724609375)",1,"(0.4807174503803253, 0.8087883591651917)","(-9.586710929870605, 66.189453125, 17.253902435302734)",1,3.2608795166015625,1,"(45.830467224121094, -63.04825973510742, 690.2623901367188)",1
16851550408,16812927157,"(0.47419893741607666, 0.8390796184539795)","(-13.193380355834961, 57.330379486083984, 14.029520034790039)",1,3.7438812255859375,1,"(-14.631498336791992, -60.66449737548828, 691.3201904296875)",1,"(0.48867225646972656, 0.8155641555786133)","(-5.185303688049316, 64.20777893066406, 16.532684326171875)",1,3.2868804931640625,1,"(45.856964111328125, -63.04661178588867, 690.1441040039062)",1
16851567191,16812943940,"(0.47011688351631165, 0.8400563597679138)","(-15.451972961425781, 57.04472351074219, 13.925544738769531)",1,3.7648773193359375,1,"(-14.558753967285156, -60.663604736328125, 691.2177734375)",1,"(0.47912994027137756, 0.8192564249038696)","(-10.465069770812988, 63.12794494628906, 16.139659881591797)",1,3.3036041259765625,1,"(45.95098876953125, -63.05928421020508, 690.0254516601562)",1
16851584226,16812960975,"(0.4648842513561249, 0.8276849389076233)","(-18.3471736907959, 60.66287612915039, 15.242476463317871)",1,3.781158447265625,1,"(-14.526215553283691, -60.63260269165039, 690.8834838867188)",1,"(0.4799903929233551, 0.8021090030670166)","(-9.988986015319824, 68.14289855957031, 17.964916229248047)",1,3.3182830810546875,1,"(45.9461669921875, -63.04082107543945, 689.689697265625)",1
16851600374,16812977123,"(0.4606969356536865, 0.8084685206413269)","(-20.664064407348633, 66.2829818725586, 17.287979125976562)",1,3.78839111328125,1,"(-14.513748168945312, -60.59891128540039, 690.7086791992188)",1,"(0.4759078919887543, 0.7819110155105591)","(-12.247834205627441, 74.05004119873047, 20.114953994750977)",1,3.3187408447265625,1,"(45.93526077270508, -63.00882339477539, 689.5325927734375)",1
16851617009,16812993758,"(0.46132051944732666, 0.8000239729881287)","(-20.319040298461914, 68.752685546875, 18.18687629699707)",1,3.793975830078125,1,"(-14.484179496765137, -60.625789642333984, 690.671630859375)",1,"(0.4772965610027313, 0.786439061164856)","(-11.47948932647705, 72.72579956054688, 19.632953643798828)",1,3.34344482421875,1,"(45.9470100402832, -63.027374267578125, 689.4891967773438)",1
16851634146,16813010895,"(0.46075522899627686, 0.7868397235870361)","(-20.63177490234375, 72.60858154296875, 19.590309143066406)",1,3.8062744140625,1,"(-14.465363502502441, -60.65727615356445, 690.2296752929688)",1,"(0.47607406973838806, 0.7774500250816345)","(-12.15590763092041, 75.35472869873047, 20.589845657348633)",1,3.3484344482421875,1,"(45.952030181884766, -63.031803131103516, 689.0643920898438)",1
16851650243,16813026992,"(0.46357718110084534, 0.7882118225097656)","(-19.070384979248047, 72.207275390625, 19.44426727294922)",1,3.8113861083984375,1,"(-14.454872131347656, -60.668701171875, 690.098876953125)",1,"(0.47478100657463074, 0.7734731435775757)","(-12.871343612670898, 76.51776123046875, 21.013141632080078)",1,3.347442626953125,1,"(45.96003341674805, -63.04648208618164, 688.93505859375)",1
16851666924,16813043673,"(0.46207886934280396, 0.7853788137435913)","(-19.899433135986328, 73.03582000732422, 19.745847702026367)",1,3.8167724609375,1,"(-14.449954986572266, -60.703094482421875, 690.1019897460938)",1,"(0.4758607745170593, 0.773209810256958)","(-12.273917198181152, 76.5948257446289, 21.041183471679688)",1,3.3517608642578125,1,"(45.99166488647461, -63.083290100097656, 688.936279296875)",1
16851684066,16813060815,"(0.4645203649997711, 0.7953357100486755)","(-18.548555374145508, 70.12380981445312, 18.68592071533203)",1,3.8289642333984375,1,"(-14.442116737365723, -60.72992706298828, 690.2492065429688)",1,"(0.47362837195396423, 0.7745450139045715)","(-13.509092330932617, 76.2043228149414, 20.8990535736084)",1,3.3693084716796875,1,"(46.033531188964844, -63.13149642944336, 689.0726928710938)",1
16851700112,16813076861,"(0.4668824374675751, 0.7918712496757507)","(-17.241626739501953, 71.13703155517578, 19.0546817779541)",1,3.8337554931640625,1,"(-14.433428764343262, -60.755210876464844, 690.3903198242188)",1,"(0.4748360812664032, 0.7732126712799072)","(-12.840886116027832, 76.59400177001953, 21.0408878326416)",1,3.3623046875,1,"(46.0604133605957, -63.15394973754883, 689.2042236328125)",1
16851716936,16813093685,"(0.46537426114082336, 0.7951955199241638)","(-18.07607078552246, 70.16482543945312, 18.700824737548828)",1,3.8470611572265625,1,"(-14.404742240905762, -60.79490661621094, 690.6718139648438)",1,"(0.47177886962890625, 0.7768548130989075)","(-14.53243637084961, 75.52882385253906, 20.653217315673828)",1,3.380615234375,1,"(46.12710189819336, -63.203922271728516, 689.4993286132812)",1
16851733986,16813110735,"(0.46212226152420044, 0.799724817276001)","(-19.875411987304688, 68.84019470214844, 18.218738555908203)",1,3.844757080078125,1,"(-14.371330261230469, -60.82033157348633, 690.8270874023438)",1,"(0.4706140160560608, 0.7837165594100952)","(-15.176936149597168, 73.52198791503906, 19.922758102416992)",1,3.4076385498046875,1,"(46.17000961303711, -63.22633361816406, 689.6378173828125)",1
16851750078,16813126827,"(0.4616284966468811, 0.797065794467926)","(-20.148611068725586, 69.6178207397461, 18.50177001953125)",1,3.85089111328125,1,"(-14.356674194335938, -60.82769012451172, 690.8587646484375)",1,"(0.4670633375644684, 0.7846006155014038)","(-17.141481399536133, 73.26341247558594, 19.82866859436035)",1,3.4155426025390625,1,"(46.1962890625, -63.23418426513672, 689.6692504882812)",1
16851766852,16813143601,"(0.46136951446533203, 0.7976157069206238)","(-20.29192543029785, 69.4570083618164, 18.44325065612793)",1,3.8571014404296875,1,"(-14.321760177612305, -60.82041549682617, 690.7859497070312)",1,"(0.47050741314888, 0.7828763723373413)","(-15.235881805419922, 73.76769256591797, 20.012229919433594)",1,3.4066619873046875,1,"(46.21057891845703, -63.234596252441406, 689.5891723632812)",1
16851783906,16813160655,"(0.4604729115962982, 0.8002722859382629)","(-20.788005828857422, 68.6800537109375, 18.16047477722168)",1,3.8577423095703125,1,"(-14.295692443847656, -60.792423248291016, 690.6350708007812)",1,"(0.47867676615715027, 0.7806310057640076)","(-10.715818405151367, 74.42439270019531, 20.251251220703125)",1,3.39453125,1,"(46.22573471069336, -63.22257995605469, 689.4430541992188)",1
16851800044,16813176793,"(0.458629310131073, 0.8024898767471313)","(-21.808076858520508, 68.03150177001953, 17.92440414428711)",1,3.8648834228515625,1,"(-14.2813081741333, -60.76876449584961, 690.489501953125)",1,"(0.4780619144439697, 0.7843204140663147)","(-11.056000709533691, 73.3453598022461, 19.858516693115234)",1,3.40240478515625,1,"(46.22543716430664, -63.20539474487305, 689.3095703125)",1
16851816768,16813193517,"(0.4569086730480194, 0.7999358773231506)","(-22.760087966918945, 68.77842712402344, 18.196285247802734)",1,3.86163330078125,1,"(-14.259146690368652, -60.72989273071289, 690.1810302734375)",1,"(0.4784404933452606, 0.7796436548233032)","(-10.846535682678223, 74.7131118774414, 20.356327056884766)",1,3.4033355712890625,1,"(46.22254943847656, -63.15903091430664, 688.9767456054688)",1
16851833826,16813210575,"(0.462005615234375, 0.7961496710777283)","(-19.939950942993164, 69.88579559326172, 18.599273681640625)",1,3.851409912109375,1,"(-14.247394561767578, -60.69911575317383, 689.8818359375)",1,"(0.47978565096855164, 0.7800814509391785)","(-10.10226058959961, 74.5851058959961, 20.309690475463867)",1,3.39813232421875,1,"(46.21775436401367, -63.12818145751953, 688.6897583007812)",1
16851849914,16813226663,"(0.46231135725975037, 0.793603241443634)","(-19.770801544189453, 70.6305160522461, 18.870357513427734)",1,3.8529815673828125,1,"(-14.23779296875, -60.6805305480957, 689.7072143554688)",1,"(0.4794330596923828, 0.7803606986999512)","(-10.297317504882812, 74.50346374511719, 20.279970169067383)",1,3.3954315185546875,1,"(46.211727142333984, -63.10920333862305, 688.5210571289062)",1
16851866683,16813243432,"(0.4638234078884125, 0.7943334579467773)","(-18.93419647216797, 70.41694641113281, 18.792640686035156)",1,3.840423583984375,1,"(-14.231339454650879, -60.6638069152832, 689.4978637695312)",1,"(0.4781770408153534, 0.7801462411880493)","(-10.992295265197754, 74.56615447998047, 20.30280303955078)",1,3.39752197265625,1,"(46.20564651489258, -63.09416198730469, 688.2977905273438)",1
16851883746,16813260495,"(0.46443629264831543, 0.7987580895423889)","(-18.59507942199707, 69.12290954589844, 18.321624755859375)",1,3.83575439453125,1,"(-14.22675609588623, -60.653564453125, 689.3692016601562)",1,"(0.4787914454936981, 0.7862141132354736)","(-10.652364730834961, 72.79154968261719, 19.656848907470703)",1,3.390625,1,"(46.209957122802734, -63.089080810546875, 688.177001953125)",1
16851899880,16813276629,"(0.46652060747146606, 0.7974157929420471)","(-17.441808700561523, 69.51546478271484, 18.464513778686523)",1,3.8386993408203125,1,"(-14.224610328674316, -60.659942626953125, 689.3124389648438)",1,"(0.4753674566745758, 0.7912935018539429)","(-12.546853065490723, 71.30602264404297, 19.116209030151367)",1,3.388336181640625,1,"(46.216224670410156, -63.101097106933594, 688.1194458007812)",1
16851916501,16813293250,"(0.46772128343582153, 0.7986427545547485)","(-16.77748680114746, 69.15665435791016, 18.333906173706055)",1,3.838043212890625,1,"(-14.201885223388672, -60.65720748901367, 689.267333984375)",1,"(0.4762047827243805, 0.7930183410644531)","(-12.083559036254883, 70.80155944824219, 18.932605743408203)",1,3.3899383544921875,1,"(46.237308502197266, -63.11537170410156, 688.0682983398438)",1
16851933666,16813310415,"(0.543526828289032, 0.7072448134422302)","(25.165725708007812, 95.88701629638672, 28.0629825592041)",1,3.8412628173828125,1,"(-13.912761688232422, -60.551753997802734, 689.7474975585938)",1,"(0.5702548027038574, 0.681831419467926)","(39.95437240600586, 103.31949615478516, 30.768142700195312)",1,3.361846923828125,1,"(46.552589416503906, -63.09298324584961, 688.5490112304688)",1
16851949750,16813326499,"(0.6213549971580505, 0.6237436532974243)","(68.22804260253906, 120.3079605102539, 36.95148849487305)",1,3.839385986328125,1,"(-13.560898780822754, -60.46548843383789, 690.1421508789062)",1,"(0.6515777111053467, 0.5996332764625549)","(84.95030212402344, 127.35931396484375, 39.51791763305664)",1,3.27142333984375,1,"(46.84794998168945, -63.03225326538086, 688.9197998046875)",1
16851966513,16813343262,"(0.6882304549217224, 0.5548556447029114)","(105.23027801513672, 140.45504760742188, 44.28443145751953)",1,3.839508056640625,1,"(-13.146592140197754, -60.299049377441406, 689.612548828125)",1,"(0.714358389377594, 0.5436133742332458)","(119.68685150146484, 143.7429656982422, 45.4811897277832)",1,3.2726898193359375,1,"(47.065643310546875, -62.88544845581055, 688.3016357421875)",1
16851983586,16813360335,"(0.7063226699829102, 0.5443536639213562)","(115.24073791503906, 143.52645874023438, 45.40230941772461)",1,3.8469696044921875,1,"(-13.142975807189941, -60.32365036010742, 689.7047119140625)",1,"(0.7163528203964233, 0.5376022458076477)","(120.7904281616211, 145.50099182128906, 46.12102508544922)",1,3.2967681884765625,1,"(47.08098220825195, -62.910064697265625, 688.3781127929688)",1
16851999619,16813376368,"(0.7062733769416809, 0.5413851737976074)","(115.21345520019531, 144.39463806152344, 45.71831512451172)",1,3.8426971435546875,1,"(-13.160074234008789, -60.342159271240234, 689.8259887695312)",1,"(0.7193578481674194, 0.5332174301147461)","(122.4531021118164, 146.7834014892578, 46.58776092529297)",1,3.2925872802734375,1,"(47.08997344970703, -62.94046401977539, 688.5628051757812)",1
16852016429,16813393178,"(0.7082766890525818, 0.5373509526252747)","(116.32188415527344, 145.5745086669922, 46.14773941040039)",1,3.8434600830078125,1,"(-13.206572532653809, -60.33718490600586, 689.673828125)",1,"(0.7136147022247314, 0.5360092520713806)","(119.27539825439453, 145.9669189453125, 46.29054260253906)",1,3.3062744140625,1,"(47.06065368652344, -62.91926193237305, 688.4049072265625)",1
16852033506,16813410255,"(0.7063779830932617, 0.5459994673728943)","(115.27131652832031, 143.04518127441406, 45.22711944580078)",1,3.837249755859375,1,"(-13.260604858398438, -60.30839157104492, 689.5662841796875)",1,"(0.7126058340072632, 0.537028968334198)","(118.71720886230469, 145.668701171875, 46.1819953918457)",1,3.3150177001953125,1,"(47.0191535949707, -62.88812255859375, 688.3117065429688)",1
16852049489,16813426238,"(0.707781970500946, 0.5418981909751892)","(116.04817199707031, 144.24465942382812, 45.66366195678711)",1,3.838287353515625,1,"(-13.31228256225586, -60.301727294921875, 689.5599365234375)",1,"(0.7144479155540466, 0.531035840511322)","(119.73643493652344, 147.42144775390625, 46.8199348449707)",1,3.301116943359375,1,"(46.98810577392578, -62.87800979614258, 688.3067626953125)",1
16852066345,16813443094,"(0.7068393230438232, 0.544360339641571)","(115.52657318115234, 143.5245361328125, 45.40161895751953)",1,3.834075927734375,1,"(-13.386277198791504, -60.275447845458984, 689.487060546875)",1,"(0.7169845700263977, 0.5248112678527832)","(121.13996124267578, 149.2418975830078, 47.482540130615234)",1,3.2956085205078125,1,"(46.8997802734375, -62.853973388671875, 688.234619140625)",1
16852083422,16813460171,"(0.709162175655365, 0.5426630973815918)","(116.81180572509766, 144.02088928222656, 45.582279205322266)",1,3.82684326171875,1,"(-13.466324806213379, -60.26375961303711, 689.4078369140625)",1,"(0.7181167602539062, 0.515823245048523)","(121.76637268066406, 151.87051391601562, 48.4393424987793)",1,3.29931640625,1,"(46.81193161010742, -62.835636138916016, 688.1674194335938)",1
16852099454,16813476203,"(0.709324300289154, 0.5392192602157593)","(116.90154266357422, 145.02809143066406, 45.948875427246094)",1,3.8361663818359375,1,"(-13.529873847961426, -60.27198791503906, 689.3795776367188)",1,"(0.7164859175682068, 0.5155603885650635)","(120.8640365600586, 151.9474334716797, 48.46732711791992)",1,3.3020782470703125,1,"(46.76818084716797, -62.82501983642578, 688.1480102539062)",1
16852116260,16813493009,"(0.7059009075164795, 0.5420359969139099)","(115.00738525390625, 144.20431518554688, 45.649044036865234)",1,3.83575439453125,1,"(-13.606932640075684, -60.27118682861328, 689.3577270507812)",1,"(0.7166996002197266, 0.5179412364959717)","(120.9822769165039, 151.2510986328125, 48.213890075683594)",1,3.3053436279296875,1,"(46.67911148071289, -62.795806884765625, 688.1328735351562)",1
16852133342,16813510091,"(0.7104161381721497, 0.5416743159294128)","(117.50563049316406, 144.3101043701172, 45.68750762939453)",1,3.8224945068359375,1,"(-13.705163955688477, -60.29484939575195, 689.5068969726562)",1,"(0.720126748085022, 0.5220717787742615)","(122.87853240966797, 150.0430908203125, 47.774169921875)",1,3.2959747314453125,1,"(46.60037612915039, -62.788818359375, 688.2831420898438)",1
16852149323,16813526072,"(0.7196899056434631, 0.5204476714134216)","(122.6368179321289, 150.51809692382812, 47.94704055786133)",1,3.839447021484375,1,"(-13.725393295288086, -60.27104187011719, 689.5226440429688)",1,"(0.7266069054603577, 0.5203693509101868)","(126.46405029296875, 150.54095458984375, 47.955379486083984)",1,3.3199920654296875,1,"(46.578834533691406, -62.74555587768555, 688.3275756835938)",1
16852166176,16813542925,"(0.7348336577415466, 0.4791697859764099)","(131.01583862304688, 162.5902862548828, 52.3409538269043)",1,3.817108154296875,1,"(-13.716917037963867, -60.20412826538086, 689.370849609375)",1,"(0.736735463142395, 0.4881732165813446)","(132.06813049316406, 159.95709228515625, 51.382625579833984)",1,3.329864501953125,1,"(46.52648162841797, -62.643184661865234, 688.1590576171875)",1
16852183262,16813560011,"(0.7268316149711609, 0.48325446248054504)","(126.58831024169922, 161.39566040039062, 51.906192779541016)",1,3.8095550537109375,1,"(-13.774028778076172, -60.2224006652832, 689.5072631835938)",1,"(0.7352369427680969, 0.4883917272090912)","(131.23898315429688, 159.8932342529297, 51.35929870605469)",1,3.32684326171875,1,"(46.44911193847656, -62.650489807128906, 688.2818603515625)",1
16852199289,16813576038,"(0.728878915309906, 0.48271578550338745)","(127.72107696533203, 161.55320739746094, 51.963531494140625)",1,3.8232269287109375,1,"(-13.82774543762207, -60.23373794555664, 689.6196899414062)",1,"(0.7387900352478027, 0.48420271277427673)","(133.20494079589844, 161.11837768554688, 51.805213928222656)",1,3.3221893310546875,1,"(46.41659164428711, -62.64778137207031, 688.3966674804688)",1
16852216090,16813592839,"(0.7315952777862549, 0.476951003074646)","(129.2240753173828, 163.23919677734375, 52.5771484375)",1,3.8000335693359375,1,"(-13.923544883728027, -60.26264190673828, 689.80810546875)",1,"(0.738796055316925, 0.47553592920303345)","(133.20826721191406, 163.65306091308594, 52.72783279418945)",1,3.3184356689453125,1,"(46.35959243774414, -62.660282135009766, 688.6072998046875)",1
16852233182,16813609931,"(0.7332920432090759, 0.483504980802536)","(130.16293334960938, 161.32240295410156, 51.879459381103516)",1,3.7970733642578125,1,"(-13.997005462646484, -60.25799560546875, 689.8677368164062)",1,"(0.7364252209663391, 0.4727780520915985)","(131.89649963378906, 164.4595947265625, 53.0213737487793)",1,3.31121826171875,1,"(46.30851364135742, -62.65341567993164, 688.6678466796875)",1
16852249159,16813625908,"(0.732203483581543, 0.48420146107673645)","(129.56057739257812, 161.1187286376953, 51.80530548095703)",1,3.78802490234375,1,"(-14.036214828491211, -60.2611083984375, 689.8812255859375)",1,"(0.7386758327484131, 0.47049447894096375)","(133.1417694091797, 165.12745666503906, 53.264427185058594)",1,3.298919677734375,1,"(46.26176071166992, -62.648193359375, 688.6767578125)",1
16852266006,16813642754,"(0.733207643032074, 0.47977563738822937)","(130.11614990234375, 162.41305541992188, 52.2764778137207)",1,3.7780609130859375,1,"(-14.107229232788086, -60.263607025146484, 689.9269409179688)",1,"(0.7407395839691162, 0.47048959136009216)","(134.28355407714844, 165.12890625, 53.264984130859375)",1,3.3013153076171875,1,"(46.19172668457031, -62.63848876953125, 688.73291015625)",1
16852283102,16813659850,"(0.7397786378860474, 0.4763643145561218)","(133.75189208984375, 163.41075134277344, 52.63962936401367)",1,3.760711669921875,1,"(-14.171408653259277, -60.24816131591797, 689.8435668945312)",1,"(0.7382911443710327, 0.4648403227329254)","(132.9289093017578, 166.78114318847656, 53.86627960205078)",1,3.2920074462890625,1,"(46.15736389160156, -62.6323356628418, 688.6542358398438)",1
16852299125,16813675873,"(0.7373687624931335, 0.4762336015701294)","(132.4185333251953, 163.44900512695312, 52.653541564941406)",1,3.7572174072265625,1,"(-14.183877944946289, -60.236873626708984, 689.7467651367188)",1,"(0.7375125288963318, 0.4656159281730652)","(132.4980926513672, 166.55426025390625, 53.783714294433594)",1,3.2884368896484375,1,"(46.134674072265625, -62.6215934753418, 688.5640869140625)",1
16852315922,16813692670,"(0.7378599643707275, 0.47612884640693665)","(132.69033813476562, 163.47964477539062, 52.66466522216797)",1,3.751434326171875,1,"(-14.198811531066895, -60.21261215209961, 689.5514526367188)",1,"(0.7359883785247803, 0.46593326330184937)","(131.65472412109375, 166.46145629882812, 53.74995803833008)",1,3.281829833984375,1,"(46.102928161621094, -62.60126495361328, 688.3518676757812)",1
16852333022,16813709770,"(0.7369815707206726, 0.47959092259407043)","(132.20428466796875, 162.46710205078125, 52.29612350463867)",1,3.7369384765625,1,"(-14.20711898803711, -60.20256805419922, 689.40576171875)",1,"(0.7357512712478638, 0.4660283327102661)","(131.52357482910156, 166.43365478515625, 53.73985290527344)",1,3.2705535888671875,1,"(46.08601760864258, -62.5994758605957, 688.2168579101562)",1
16852348995,16813725743,"(0.7340758442878723, 0.48026177287101746)","(130.5965576171875, 162.27090454101562, 52.2247314453125)",1,3.7446136474609375,1,"(-14.205388069152832, -60.19859313964844, 689.3423461914062)",1,"(0.7354933619499207, 0.47129306197166443)","(131.380859375, 164.8939208984375, 53.17945098876953)",1,3.2661895751953125,1,"(46.07698059082031, -62.59748077392578, 688.1591186523438)",1
16852365837,16813742585,"(0.7361385822296143, 0.48378121852874756)","(131.73788452148438, 161.24160766601562, 51.850101470947266)",1,3.735992431640625,1,"(-14.217662811279297, -60.19294738769531, 689.1782836914062)",1,"(0.7360767126083374, 0.47098347544670105)","(131.70362854003906, 164.9844512939453, 53.21240997314453)",1,3.248626708984375,1,"(46.04887008666992, -62.59450912475586, 687.9847412109375)",1
16852382942,16813759690,"(0.73560631275177, 0.4897100031375885)","(131.443359375, 159.5076446533203, 51.21898651123047)",1,3.7122039794921875,1,"(-14.23867416381836, -60.1927604675293, 688.969970703125)",1,"(0.7383377552032471, 0.4751304090023041)","(132.95465087890625, 163.77162170410156, 52.770957946777344)",1,3.25018310546875,1,"(45.99924087524414, -62.58510208129883, 687.7860717773438)",1
16852398961,16813775709,"(0.7344900369644165, 0.48698747158050537)","(130.82569885253906, 160.30389404296875, 51.50880432128906)",1,3.7137908935546875,1,"(-14.272244453430176, -60.21091842651367, 688.9060668945312)",1,"(0.7390491366386414, 0.47806236147880554)","(133.34823608398438, 162.91415405273438, 52.45886993408203)",1,3.2516326904296875,1,"(45.96050262451172, -62.583560943603516, 687.72119140625)",1
16852415752,16813792500,"(0.7373605370521545, 0.4822884202003479)","(132.41395568847656, 161.6781768798828, 52.00897979736328)",1,3.6954498291015625,1,"(-14.340204238891602, -60.24722671508789, 688.9492797851562)",1,"(0.742824912071228, 0.48417308926582336)","(135.4374237060547, 161.12698364257812, 51.80843734741211)",1,3.2605438232421875,1,"(45.89394760131836, -62.59465026855469, 687.7777099609375)",1
16852432862,16813809610,"(0.7330580353736877, 0.47767001390457153)","(130.0334014892578, 163.02891540527344, 52.50059509277344)",1,3.686981201171875,1,"(-14.403676986694336, -60.28438186645508, 689.0271606445312)",1,"(0.7402105927467346, 0.4793654978275299)","(133.99093627929688, 162.53305053710938, 52.320159912109375)",1,3.248260498046875,1,"(45.85117721557617, -62.597068786621094, 687.8612060546875)",1
16852448830,16813825578,"(0.7340916991233826, 0.47326210141181946)","(130.6053466796875, 164.3180389404297, 52.9698371887207)",1,3.67596435546875,1,"(-14.44409465789795, -60.30592727661133, 689.0774536132812)",1,"(0.7368485927581787, 0.4771794080734253)","(132.1306915283203, 163.17237854003906, 52.552886962890625)",1,3.248687744140625,1,"(45.8242301940918, -62.60470962524414, 687.9127807617188)",1
16852465667,16813842415,"(0.7323778867721558, 0.47272640466690063)","(129.6571044921875, 164.47470092773438, 53.02687072753906)",1,3.6795501708984375,1,"(-14.497956275939941, -60.32284164428711, 689.0277709960938)",1,"(0.7376124262809753, 0.475175142288208)","(132.55335998535156, 163.75856018066406, 52.766239166259766)",1,3.242095947265625,1,"(45.756282806396484, -62.5939826965332, 687.861328125)",1
16852482782,16813859530,"(0.7313157916069031, 0.47415825724601746)","(129.06944274902344, 164.05596923828125, 52.87443542480469)",1,3.675201416015625,1,"(-14.549994468688965, -60.322410583496094, 689.0057983398438)",1,"(0.7400232553482056, 0.47454243898391724)","(133.8872833251953, 163.94358825683594, 52.83356857299805)",1,3.24066162109375,1,"(45.69260025024414, -62.58476638793945, 687.841796875)",1
16852498796,16813875544,"(0.7320086359977722, 0.47213253378868103)","(129.45277404785156, 164.6483917236328, 53.090057373046875)",1,3.6693572998046875,1,"(-14.580958366394043, -60.3353157043457, 689.072998046875)",1,"(0.7403619885444641, 0.4701305031776428)","(134.07469177246094, 165.23391723632812, 53.303226470947266)",1,3.2351531982421875,1,"(45.673946380615234, -62.58944320678711, 687.9086303710938)",1
16852515583,16813892331,"(0.7304429411888123, 0.4710370898246765)","(128.58645629882812, 164.96878051757812, 53.20669174194336)",1,3.654937744140625,1,"(-14.626108169555664, -60.3447380065918, 689.16796875)",1,"(0.7388491630554199, 0.4666097164154053)","(133.23756408691406, 166.2636260986328, 53.67793273925781)",1,3.2391815185546875,1,"(45.64421463012695, -62.59347915649414, 688.0101318359375)",1
16852532702,16813909450,"(0.7323001027107239, 0.47247689962387085)","(129.6140594482422, 164.54769897460938, 53.053382873535156)",1,3.6566925048828125,1,"(-14.652533531188965, -60.35349655151367, 689.177490234375)",1,"(0.737088143825531, 0.46348851919174194)","(132.26327514648438, 167.1764373779297, 54.0102424621582)",1,3.2280426025390625,1,"(45.62686538696289, -62.588043212890625, 688.0210571289062)",1
16852548762,16813925510,"(0.7313063144683838, 0.470442533493042)","(129.06417846679688, 165.14271545410156, 53.269935607910156)",1,3.658233642578125,1,"(-14.666074752807617, -60.34645080566406, 689.17919921875)",1,"(0.7342110276222229, 0.4676685929298401)","(130.6713409423828, 165.9539337158203, 53.56525802612305)",1,3.247772216796875,1,"(45.61133575439453, -62.58133316040039, 688.0185546875)",1
16852565499,16813942247,"(0.720409095287323, 0.4673413634300232)","(123.03475952148438, 166.0496368408203, 53.60012435913086)",1,3.644256591796875,1,"(-14.737295150756836, -60.34049987792969, 689.1845092773438)",1,"(0.7237336039543152, 0.46508869528770447)","(124.8741683959961, 166.70846557617188, 53.839847564697266)",1,3.2183837890625,1,"(45.549827575683594, -62.56521987915039, 688.0281372070312)",1
16852582622,16813959370,"(0.5921897292137146, 0.46961259841918945)","(52.090965270996094, 165.38539123535156, 53.358299255371094)",1,3.638641357421875,1,"(-15.256916046142578, -60.38513946533203, 689.8154907226562)",1,"(0.6185535788536072, 0.4474756717681885)","(66.6781234741211, 171.85958862304688, 55.71475601196289)",1,3.217864990234375,1,"(45.125038146972656, -62.590702056884766, 688.6337280273438)",1
16852598631,16813975379,"(0.4952458143234253, 0.4718364477157593)","(-1.5481325387954712, 164.73500061035156, 53.12154769897461)",1,3.618255615234375,1,"(-15.659402847290039, -60.346961975097656, 689.236572265625)",1,"(0.5215961933135986, 0.4509612023830414)","(13.031519889831543, 170.84017944335938, 55.34370422363281)",1,3.2461395263671875,1,"(44.69059371948242, -62.52427673339844, 688.1507568359375)",1
16852615414,16813992162,"(0.392966091632843, 0.4727763533592224)","(-58.139503479003906, 164.46009826660156, 53.02149963378906)",1,3.6116790771484375,1,"(-16.107995986938477, -60.32707595825195, 688.7571411132812)",1,"(0.40818285942077637, 0.46549734473228455)","(-49.720096588134766, 166.58895874023438, 53.79637908935547)",1,3.263885498046875,1,"(44.12599563598633, -62.453147888183594, 687.707763671875)",1
16852632537,16814009285,"(0.38664668798446655, 0.47295713424682617)","(-61.63605880737305, 164.40724182128906, 53.00225830078125)",1,3.615325927734375,1,"(-16.170249938964844, -60.334659576416016, 688.7539672851562)",1,"(0.39589565992355347, 0.46207308769226074)","(-56.51862335205078, 167.59042358398438, 54.160858154296875)",1,3.2660980224609375,1,"(44.09572982788086, -62.46785354614258, 687.7390747070312)",1
16852648598,16814025346,"(0.3858277201652527, 0.4693552553653717)","(-62.08920669555664, 165.46066284179688, 53.385711669921875)",1,3.60809326171875,1,"(-16.19072723388672, -60.39716339111328, 689.3994140625)",1,"(0.39325448870658875, 0.46127229928970337)","(-57.979957580566406, 167.82460021972656, 54.24609375)",1,3.257476806640625,1,"(44.14494323730469, -62.53560256958008, 688.3665161132812)",1
16852665330,16814042078,"(0.3898783326148987, 0.4730992913246155)","(-59.84798812866211, 164.36566162109375, 52.98717498779297)",1,3.6143341064453125,1,"(-16.213882446289062, -60.404380798339844, 689.3671875)",1,"(0.3954610824584961, 0.4624400734901428)","(-56.759063720703125, 167.48306274414062, 54.121849060058594)",1,3.2708282470703125,1,"(44.14726257324219, -62.55624771118164, 688.333984375)",1
16852682452,16814059200,"(0.38847747445106506, 0.4721781015396118)","(-60.62310791015625, 164.6350860595703, 53.085201263427734)",1,3.6204376220703125,1,"(-16.234703063964844, -60.42548751831055, 689.4061889648438)",1,"(0.3948252201080322, 0.45920759439468384)","(-57.11088180541992, 168.42845153808594, 54.46592330932617)",1,3.2924652099609375,1,"(44.14887619018555, -62.588905334472656, 688.3722534179688)",1
16852698563,16814075311,"(0.38794049620628357, 0.4776703119277954)","(-60.92019271850586, 163.02880859375, 52.50058364868164)",1,3.634490966796875,1,"(-16.247365951538086, -60.435157775878906, 689.4714965820312)",1,"(0.39428114891052246, 0.453043133020401)","(-57.41189956665039, 170.23130798339844, 55.12211990356445)",1,3.2812347412109375,1,"(44.15142822265625, -62.609134674072266, 688.4381103515625)",1
16852715244,16814091992,"(0.3889625668525696, 0.47561630606651306)","(-60.35466384887695, 163.6295166015625, 52.71922302246094)",1,3.632110595703125,1,"(-16.264551162719727, -60.45684051513672, 689.6145629882812)",1,"(0.3958001434803009, 0.4587145447731018)","(-56.57145690917969, 168.57264709472656, 54.51841735839844)",1,3.3045806884765625,1,"(44.155574798583984, -62.63309097290039, 688.5916137695312)",1
16852732373,16814109121,"(0.38897010684013367, 0.4734049141407013)","(-60.35049819946289, 164.27626037597656, 52.954654693603516)",1,3.6375274658203125,1,"(-16.272775650024414, -60.477813720703125, 689.8175048828125)",1,"(0.393974632024765, 0.4604364037513733)","(-57.581512451171875, 168.06907653808594, 54.335113525390625)",1,3.3187255859375,1,"(44.162174224853516, -62.65935134887695, 688.7832641601562)",1
16852748432,16814125180,"(0.39079782366752625, 0.4779333472251892)","(-59.339237213134766, 162.95188903808594, 52.47262191772461)",1,3.645416259765625,1,"(-16.28095817565918, -60.48630905151367, 689.9293212890625)",1,"(0.39222684502601624, 0.45423099398612976)","(-58.548553466796875, 169.88389587402344, 54.995628356933594)",1,3.3132781982421875,1,"(44.16667556762695, -62.6714973449707, 688.8951416015625)",1
16852765160,16814141908,"(0.3864639103412628, 0.47374629974365234)","(-61.73719024658203, 164.1764373779297, 52.918304443359375)",1,3.6443634033203125,1,"(-16.288007736206055, -60.49205780029297, 690.0047607421875)",1,"(0.391057550907135, 0.45783594250679016)","(-59.19552993774414, 168.82960510253906, 54.611934661865234)",1,3.32196044921875,1,"(44.161582946777344, -62.672916412353516, 688.9735717773438)",1
16852782293,16814159041,"(0.3844948410987854, 0.4670332372188568)","(-62.82667541503906, 166.13973999023438, 53.63290023803711)",1,3.6471405029296875,1,"(-16.300312042236328, -60.48120880126953, 689.9340209960938)",1,"(0.39205503463745117, 0.4521492123603821)","(-58.64359664916992, 170.49273681640625, 55.217254638671875)",1,3.319580078125,1,"(44.13893127441406, -62.65257263183594, 688.9071044921875)",1
16852798398,16814175146,"(0.38534098863601685, 0.4652647376060486)","(-62.35850524902344, 166.65696716308594, 53.821144104003906)",1,3.6486663818359375,1,"(-16.31304931640625, -60.47021484375, 689.8511962890625)",1,"(0.39121153950691223, 0.4513523280620575)","(-59.11032485961914, 170.725830078125, 55.30207061767578)",1,3.3030853271484375,1,"(44.119354248046875, -62.6292724609375, 688.8251953125)",1
16852815076,16814191824,"(0.4169252812862396, 0.45645222067832947)","(-44.88291549682617, 169.2342987060547, 54.75919723510742)",1,3.657623291015625,1,"(-16.25698471069336, -60.4299201965332, 689.5584106445312)",1,"(0.4299945533275604, 0.4441339075565338)","(-37.651695251464844, 172.83694458007812, 56.07047653198242)",1,3.298980712890625,1,"(44.16523361206055, -62.57218933105469, 688.4924926757812)",1
16852832213,16814208961,"(0.43120047450065613, 0.46243441104888916)","(-36.98443603515625, 167.48472595214844, 54.12239456176758)",1,3.665069580078125,1,"(-16.192081451416016, -60.32147216796875, 688.4232177734375)",1,"(0.4412059783935547, 0.44648420810699463)","(-31.448396682739258, 172.14956665039062, 55.820308685302734)",1,3.275238037109375,1,"(44.11011505126953, -62.44050216674805, 687.407470703125)",1
16852848364,16814225112,"(0.4318864047527313, 0.46236544847488403)","(-36.60490036010742, 167.50491333007812, 54.12973403930664)",1,3.661834716796875,1,"(-16.224321365356445, -60.320709228515625, 688.4232177734375)",1,"(0.44215327501296997, 0.4508953094482422)","(-30.924257278442383, 170.85946655273438, 55.35076141357422)",1,3.2740631103515625,1,"(44.06234359741211, -62.43193054199219, 687.3880004882812)",1
16852864991,16814241739,"(0.43215447664260864, 0.4603913724422455)","(-36.45659637451172, 168.08224487304688, 54.339900970458984)",1,3.66552734375,1,"(-16.283124923706055, -60.38118362426758, 688.958984375)",1,"(0.4365594685077667, 0.4554668366909027)","(-34.01932907104492, 169.5225067138672, 54.86408996582031)",1,3.27569580078125,1,"(44.056617736816406, -62.460906982421875, 687.9471435546875)",1
16852882132,16814258880,"(0.43178167939186096, 0.467287540435791)","(-36.66284942626953, 166.06536865234375, 53.60581588745117)",1,3.6771087646484375,1,"(-16.34947967529297, -60.386924743652344, 689.101318359375)",1,"(0.44023987650871277, 0.45585376024246216)","(-31.982959747314453, 169.40936279296875, 54.82289123535156)",1,3.264678955078125,1,"(43.994693756103516, -62.452571868896484, 688.0726318359375)",1
16852898234,16814274982,"(0.4325827658176422, 0.4644289016723633)","(-36.21964645385742, 166.9014129638672, 53.91010284423828)",1,3.6767730712890625,1,"(-16.376758575439453, -60.37206268310547, 688.8093872070312)",1,"(0.43818050622940063, 0.4559163451194763)","(-33.12241744995117, 169.39102172851562, 54.81623840332031)",1,3.2486572265625,1,"(43.94758224487305, -62.423336029052734, 687.7894897460938)",1
16852914907,16814291655,"(0.4351905584335327, 0.46714434027671814)","(-34.77675247192383, 166.10726928710938, 53.62104415893555)",1,3.6579132080078125,1,"(-16.426023483276367, -60.32601547241211, 688.2106323242188)",1,"(0.44393038749694824, 0.45805656909942627)","(-29.940980911254883, 168.76507568359375, 54.58843994140625)",1,3.2316741943359375,1,"(43.84247970581055, -62.369632720947266, 687.1732177734375)",1
16852932052,16814308800,"(0.434438019990921, 0.4667646586894989)","(-35.1931037902832, 166.21827697753906, 53.66148376464844)",1,3.65203857421875,1,"(-16.461496353149414, -60.322898864746094, 688.078125)",1,"(0.44192442297935486, 0.4612836241722107)","(-31.050893783569336, 167.82127380371094, 54.24491882324219)",1,3.2311553955078125,1,"(43.802974700927734, -62.356868743896484, 687.0624389648438)",1
16852948104,16814324852,"(0.4349038004875183, 0.4699394106864929)","(-34.93537902832031, 165.28981018066406, 53.323524475097656)",1,3.650238037109375,1,"(-16.48819923400879, -60.349639892578125, 688.340576171875)",1,"(0.44152671098709106, 0.4569145441055298)","(-31.270912170410156, 169.0990753173828, 54.71001052856445)",1,3.223907470703125,1,"(43.79802322387695, -62.37785339355469, 687.3230590820312)",1
16852964821,16814341569,"(0.43164360523223877, 0.46988388895988464)","(-36.7392578125, 165.30606079101562, 53.32941818237305)",1,3.642669677734375,1,"(-16.512039184570312, -60.404598236083984, 688.9448852539062)",1,"(0.4407934844493866, 0.46082285046577454)","(-31.6766414642334, 167.9560546875, 54.293968200683594)",1,3.20892333984375,1,"(43.820884704589844, -62.42720031738281, 687.9566040039062)",1
16852981973,16814358721,"(0.4283173680305481, 0.4699036478996277)","(-38.579673767089844, 165.30029296875, 53.32735824584961)",1,3.6500701904296875,1,"(-16.527986526489258, -60.436180114746094, 689.3092041015625)",1,"(0.4396550953388214, 0.4600854814052582)","(-32.306495666503906, 168.17169189453125, 54.37248611450195)",1,3.20501708984375,1,"(43.820228576660156, -62.45012283325195, 688.2901000976562)",1
16852998070,16814374818,"(0.4300249218940735, 0.46715810894966125)","(-37.6348876953125, 166.10324096679688, 53.619590759277344)",1,3.6432037353515625,1,"(-16.53750228881836, -60.43742752075195, 689.322021484375)",1,"(0.44006434082984924, 0.4617284834384918)","(-32.08006286621094, 167.69119262695312, 54.197608947753906)",1,3.207305908203125,1,"(43.81156539916992, -62.45133972167969, 688.3053588867188)",1
16853014737,16814391485,"(0.4289473295211792, 0.4621972441673279)","(-38.23112487792969, 167.55409240722656, 54.14764404296875)",1,3.6273345947265625,1,"(-16.541189193725586, -60.41086959838867, 689.0355834960938)",1,"(0.43976467847824097, 0.4596622884273529)","(-32.245853424072266, 168.29544067382812, 54.41752243041992)",1,3.1900482177734375,1,"(43.77573013305664, -62.412925720214844, 687.9978637695312)",1
16853031893,16814408641,"(0.4330238699913025, 0.4567876160144806)","(-35.975555419921875, 169.13619995117188, 54.72349166870117)",1,3.6381378173828125,1,"(-16.532508850097656, -60.34326171875, 688.381591796875)",1,"(0.4413894712924957, 0.45132869482040405)","(-31.346860885620117, 170.73272705078125, 55.3045768737793)",1,3.194671630859375,1,"(43.73197555541992, -62.338897705078125, 687.3726196289062)",1
16853048036,16814424784,"(0.4387855529785156, 0.44644734263420105)","(-32.78761672973633, 172.16033935546875, 55.82420349121094)",1,3.63787841796875,1,"(-16.513845443725586, -60.280250549316406, 687.8385009765625)",1,"(0.4480053186416626, 0.43844032287597656)","(-27.68633270263672, 174.50210571289062, 56.67652893066406)",1,3.1754913330078125,1,"(43.69539260864258, -62.27580642700195, 686.8363037109375)",1
16853064653,16814441401,"(0.43936285376548767, 0.447539746761322)","(-32.46818161010742, 171.84083557128906, 55.70791244506836)",1,3.6315765380859375,1,"(-16.501375198364258, -60.18723678588867, 686.8952026367188)",1,"(0.4449285566806793, 0.43884217739105225)","(-29.38869285583496, 174.3845672607422, 56.63374710083008)",1,3.1651153564453125,1,"(43.6121940612793, -62.175445556640625, 685.8394165039062)",1
16853081813,16814458561,"(0.4386723041534424, 0.45200175046920776)","(-32.850284576416016, 170.53590393066406, 55.232913970947266)",1,3.629486083984375,1,"(-16.494319915771484, -60.10981750488281, 686.2098388671875)",1,"(0.4455309510231018, 0.4423714876174927)","(-29.055387496948242, 173.3523712158203, 56.258056640625)",1,3.17608642578125,1,"(43.56217956542969, -62.106475830078125, 685.194580078125)",1
16853097905,16814474652,"(0.43926888704299927, 0.456968754529953)","(-32.52019500732422, 169.08322143554688, 54.70420837402344)",1,3.6343841552734375,1,"(-16.483928680419922, -60.06033706665039, 685.7796020507812)",1,"(0.44573330879211426, 0.44174543023109436)","(-28.943445205688477, 173.5354766845703, 56.324703216552734)",1,3.1758270263671875,1,"(43.536251068115234, -62.063446044921875, 684.7681274414062)",1
16853114568,16814491315,"(0.43900102376937866, 0.45906567573547363)","(-32.66841506958008, 168.469970703125, 54.480987548828125)",1,3.6331939697265625,1,"(-16.464479446411133, -59.98939895629883, 685.2186889648438)",1,"(0.4470038414001465, 0.4394170343875885)","(-28.240459442138672, 174.21644592285156, 56.57257843017578)",1,3.166748046875,1,"(43.50624465942383, -62.01080322265625, 684.18408203125)",1
16853131732,16814508479,"(0.4408714771270752, 0.4664922058582306)","(-31.633453369140625, 166.29800415039062, 53.690467834472656)",1,3.6414642333984375,1,"(-16.436702728271484, -59.931060791015625, 684.8001098632812)",1,"(0.4497237801551819, 0.4340899884700775)","(-26.735483169555664, 175.77439880371094, 57.139591217041016)",1,3.1554412841796875,1,"(43.496673583984375, -61.980472564697266, 683.7833862304688)",1
16853147774,16814524521,"(0.43971189856529236, 0.4669446647167206)","(-32.27507019042969, 166.1656494140625, 53.64231491088867)",1,3.65289306640625,1,"(-16.41258430480957, -59.89634323120117, 684.5062866210938)",1,"(0.44770166277885437, 0.4368552267551422)","(-27.85432243347168, 174.96566772460938, 56.845237731933594)",1,3.1586151123046875,1,"(43.495079040527344, -61.95415496826172, 683.4945068359375)",1
16853164484,16814541231,"(0.44000187516212463, 0.46645501255989075)","(-32.114654541015625, 166.30885314941406, 53.694419860839844)",1,3.64532470703125,1,"(-16.378583908081055, -59.84909439086914, 683.99267578125)",1,"(0.4510302245616913, 0.44141677021980286)","(-26.012649536132812, 173.631591796875, 56.359710693359375)",1,3.1739654541015625,1,"(43.476959228515625, -61.90890884399414, 682.9569091796875)",1
16853181647,16814558394,"(0.4404332637786865, 0.465267539024353)","(-31.875946044921875, 166.65615844726562, 53.82081604003906)",1,3.65802001953125,1,"(-16.352048873901367, -59.83176803588867, 683.6358642578125)",1,"(0.45246097445487976, 0.4426116347312927)","(-25.22101593017578, 173.2821502685547, 56.23247146606445)",1,3.165557861328125,1,"(43.46874237060547, -61.88779830932617, 682.6248779296875)",1
16853197741,16814574488,"(0.43878892064094543, 0.46040549874305725)","(-32.78573226928711, 168.07810974121094, 54.33835983276367)",1,3.6627044677734375,1,"(-16.346040725708008, -59.83938980102539, 683.582763671875)",1,"(0.452468603849411, 0.4488929212093353)","(-25.216787338256836, 171.44509887695312, 55.56385803222656)",1,3.1739501953125,1,"(43.46927261352539, -61.89011001586914, 682.57177734375)",1
16853214398,16814591145,"(0.43773457407951355, 0.45443984866142273)","(-33.36912536621094, 169.8228302001953, 54.973445892333984)",1,3.671722412109375,1,"(-16.35972023010254, -59.87400436401367, 683.6611328125)",1,"(0.4504661560058594, 0.4502961039543152)","(-26.32473373413086, 171.03472900390625, 55.41453170776367)",1,3.1795196533203125,1,"(43.471092224121094, -61.90397262573242, 682.6589965820312)",1
16853231567,16814608314,"(0.43812140822410583, 0.4561794698238373)","(-33.15509033203125, 169.31405639648438, 54.78824996948242)",1,3.6862030029296875,1,"(-16.386154174804688, -59.91960906982422, 683.8756713867188)",1,"(0.45043519139289856, 0.4577351212501526)","(-26.34186363220215, 168.85910034179688, 54.62261962890625)",1,3.1978759765625,1,"(43.4666862487793, -61.92182922363281, 682.8656616210938)",1
16853247707,16814624454,"(0.4400516748428345, 0.4570143222808838)","(-32.08707046508789, 169.0699005126953, 54.69937515258789)",1,3.6860809326171875,1,"(-16.407716751098633, -59.93732452392578, 683.9037475585938)",1,"(0.4517650902271271, 0.4558008313179016)","(-25.606019973754883, 169.42481994628906, 54.828521728515625)",1,3.2022247314453125,1,"(43.44977569580078, -61.92888259887695, 682.8970947265625)",1
16853264314,16814641061,"(0.43670690059661865, 0.46027690172195435)","(-33.93773651123047, 168.11573791503906, 54.35206985473633)",1,3.7000274658203125,1,"(-16.421506881713867, -59.93012237548828, 683.6925048828125)",1,"(0.45112812519073486, 0.45518022775650024)","(-25.95845603942871, 169.60629272460938, 54.89463424682617)",1,3.1949310302734375,1,"(43.4104118347168, -61.90684509277344, 682.660888671875)",1
16853281487,16814658234,"(0.43623512983322144, 0.432786226272583)","(-34.198768615722656, 176.15570068359375, 57.27840042114258)",1,3.70684814453125,1,"(-16.44713020324707, -59.8163948059082, 683.1099853515625)",1,"(0.4544416069984436, 0.4204333424568176)","(-24.125102996826172, 179.7684326171875, 58.59328079223633)",1,3.219757080078125,1,"(43.34705352783203, -61.8232307434082, 682.1026000976562)",1
16853297575,16814674322,"(0.4344979524612427, 0.3894908130168915)","(-35.15995407104492, 188.81796264648438, 61.88706970214844)",1,3.705841064453125,1,"(-16.433496475219727, -59.6998176574707, 682.8994750976562)",1,"(0.46072834730148315, 0.37412938475608826)","(-20.64665985107422, 193.31057739257812, 63.5222282409668)",1,3.216522216796875,1,"(43.3017463684082, -61.71662139892578, 681.8951416015625)",1
16853314230,16814690977,"(0.43151500821113586, 0.33071258664131165)","(-36.81040573120117, 206.00833129882812, 68.14383697509766)",1,3.7096099853515625,1,"(-16.414226531982422, -59.59659194946289, 682.9202270507812)",1,"(0.4571882486343384, 0.329312801361084)","(-22.60541343688965, 206.417724609375, 68.29290008544922)",1,3.230743408203125,1,"(43.245262145996094, -61.590492248535156, 681.9238891601562)",1
16853331403,16814708150,"(0.43008607625961304, 0.3288035988807678)","(-37.60104751586914, 206.56663513183594, 68.34709167480469)",1,3.7238922119140625,1,"(-16.433635711669922, -59.593685150146484, 683.091796875)",1,"(0.45101821422576904, 0.32312673330307007)","(-26.01930046081543, 208.22689819335938, 68.95135498046875)",1,3.240142822265625,1,"(43.23594284057617, -61.592952728271484, 682.0862426757812)",1
16853347445,16814724192,"(0.4326482117176056, 0.3276093602180481)","(-36.18342208862305, 206.9159393310547, 68.47420501708984)",1,3.7281494140625,1,"(-16.429168701171875, -59.58445739746094, 683.0582275390625)",1,"(0.45324841141700745, 0.31795239448547363)","(-24.785308837890625, 209.7401885986328, 69.5021743774414)",1,3.24200439453125,1,"(43.24106216430664, -61.587032318115234, 682.0585327148438)",1
16853364145,16814740892,"(0.43367549777030945, 0.33120182156562805)","(-35.61501693725586, 205.8652801513672, 68.09176635742188)",1,3.73541259765625,1,"(-16.41459846496582, -59.555450439453125, 682.9490966796875)",1,"(0.4501391351222992, 0.3180388808250427)","(-26.50568962097168, 209.7148895263672, 69.49298095703125)",1,3.2459259033203125,1,"(43.276702880859375, -61.5673713684082, 681.9395141601562)",1
16853381323,16814758070,"(0.4342668950557709, 0.3322947919368744)","(-35.28779220581055, 205.54562377929688, 67.97542572021484)",1,3.7478179931640625,1,"(-16.393695831298828, -59.501827239990234, 682.7367553710938)",1,"(0.449146568775177, 0.3168744742870331)","(-27.054880142211914, 210.0554656982422, 69.61687469482422)",1,3.257965087890625,1,"(43.306671142578125, -61.54072570800781, 681.7285766601562)",1
16853397411,16814774158,"(0.43130117654800415, 0.32941120862960815)","(-36.9287223815918, 206.38893127441406, 68.2823486328125)",1,3.74560546875,1,"(-16.36420249938965, -59.468074798583984, 682.552978515625)",1,"(0.4483330547809601, 0.31628575921058655)","(-27.50498390197754, 210.22764587402344, 69.67955017089844)",1,3.2721099853515625,1,"(43.3310546875, -61.5157470703125, 681.5406494140625)",1
16853414061,16814790808,"(0.4347308874130249, 0.3312183916568756)","(-35.03106689453125, 205.8603973388672, 68.09001159667969)",1,3.746856689453125,1,"(-16.32715606689453, -59.43301010131836, 682.4315795898438)",1,"(0.4492991864681244, 0.3167921304702759)","(-26.970407485961914, 210.07952880859375, 69.62566375732422)",1,3.2738494873046875,1,"(43.36710739135742, -61.49005889892578, 681.4215698242188)",1
16853431239,16814807986,"(0.4350528419017792, 0.33296331763267517)","(-34.852935791015625, 205.35006713867188, 67.904296875)",1,3.757659912109375,1,"(-16.281105041503906, -59.44306945800781, 682.606201171875)",1,"(0.45019710063934326, 0.31562209129333496)","(-26.473617553710938, 210.42172241210938, 69.75021362304688)",1,3.2729034423828125,1,"(43.4247932434082, -61.513790130615234, 681.5907592773438)",1
16853447377,16814824124,"(0.43273741006851196, 0.3297050893306732)","(-36.1340446472168, 206.30300903320312, 68.25110626220703)",1,3.7768096923828125,1,"(-16.253660202026367, -59.45825958251953, 682.74755859375)",1,"(0.4512292742729187, 0.31379610300064087)","(-25.902517318725586, 210.9557647705078, 69.94458770751953)",1,3.28619384765625,1,"(43.458011627197266, -61.533790588378906, 681.7261962890625)",1
16853463975,16814840722,"(0.4308224618434906, 0.33207449316978455)","(-37.19358444213867, 205.6100311279297, 67.99884033203125)",1,3.776214599609375,1,"(-16.204647064208984, -59.47307586669922, 682.8570556640625)",1,"(0.45069971680641174, 0.3178310990333557)","(-26.195514678955078, 209.77569580078125, 69.51502227783203)",1,3.2968292236328125,1,"(43.520057678222656, -61.55268478393555, 681.8328857421875)",1
16853481159,16814857906,"(0.431789755821228, 0.33565202355384827)","(-36.65838623046875, 204.563720703125, 67.61808013916016)",1,3.7878570556640625,1,"(-16.175100326538086, -59.47600173950195, 682.7689819335938)",1,"(0.44964319467544556, 0.3200831413269043)","(-26.780086517333984, 209.11705017089844, 69.27532958984375)",1,3.3025360107421875,1,"(43.553462982177734, -61.55679702758789, 681.7399291992188)",1
16853497247,16814873994,"(0.4333917498588562, 0.33069610595703125)","(-35.77199935913086, 206.0131378173828, 68.14561462402344)",1,3.7804718017578125,1,"(-16.154558181762695, -59.466888427734375, 682.5572509765625)",1,"(0.44816428422927856, 0.322156697511673)","(-27.598377227783203, 208.5106201171875, 69.05455017089844)",1,3.2993621826171875,1,"(43.565975189208984, -61.54597091674805, 681.528564453125)",1
16853513891,16814890638,"(0.4354798495769501, 0.3263653516769409)","(-34.61669921875, 207.2797393798828, 68.60662078857422)",1,3.7853546142578125,1,"(-16.12974739074707, -59.465858459472656, 682.2373046875)",1,"(0.44739264249801636, 0.32562199234962463)","(-28.02529525756836, 207.4971466064453, 68.68570709228516)",1,3.3111419677734375,1,"(43.55964279174805, -61.53604507446289, 681.1983642578125)",1
16853531079,16814907826,"(0.41749200224876404, 0.31925737857818604)","(-44.5693473815918, 209.35855102539062, 69.36322784423828)",1,3.8034210205078125,1,"(-16.137371063232422, -59.4525146484375, 681.9371337890625)",1,"(0.4353748857975006, 0.31767359375953674)","(-34.67472839355469, 209.8217315673828, 69.53181457519531)",1,3.3077392578125,1,"(43.50283432006836, -61.513545989990234, 680.9125366210938)",1
16853547116,16814923863,"(0.4198271334171295, 0.31499820947647095)","(-43.277305603027344, 210.60418701171875, 69.81661224365234)",1,3.7938385009765625,1,"(-16.103822708129883, -59.419010162353516, 681.4855346679688)",1,"(0.43595170974731445, 0.3205411434173584)","(-34.35554504394531, 208.98306274414062, 69.22657012939453)",1,3.3053131103515625,1,"(43.49269485473633, -61.4796142578125, 680.4696655273438)",1
16853563807,16814940554,"(0.4211765229701996, 0.32201167941093445)","(-42.53068161010742, 208.55300903320312, 69.070068359375)",1,3.7955322265625,1,"(-16.064537048339844, -59.38352966308594, 681.1681518554688)",1,"(0.43624821305274963, 0.3251912593841553)","(-34.1915283203125, 207.6230926513672, 68.73162078857422)",1,3.3058319091796875,1,"(43.503238677978516, -61.44419860839844, 680.154296875)",1
16853580999,16814957746,"(0.4206521511077881, 0.3265770375728607)","(-42.82080841064453, 207.2178192138672, 68.58407592773438)",1,3.791412353515625,1,"(-16.027929306030273, -59.387516021728516, 681.5805053710938)",1,"(0.43555712699890137, 0.3234559893608093)","(-34.573890686035156, 208.130615234375, 68.91629028320312)",1,3.303497314453125,1,"(43.566017150878906, -61.46992492675781, 680.5482788085938)",1
16853597082,16814973829,"(0.41951417922973633, 0.3194842040538788)","(-43.450477600097656, 209.29222106933594, 69.33910369873047)",1,3.788482666015625,1,"(-16.007051467895508, -59.412132263183594, 682.029541015625)",1,"(0.4382004141807556, 0.31464844942092896)","(-33.11138153076172, 210.70648193359375, 69.85383605957031)",1,3.3036346435546875,1,"(43.611366271972656, -61.5036506652832, 680.98779296875)",1
16853613722,16814990469,"(0.4175890386104584, 0.32001370191574097)","(-44.51565170288086, 209.13734436035156, 69.28268432617188)",1,3.782623291015625,1,"(-15.970793724060059, -59.45485305786133, 682.7978515625)",1,"(0.4368971288204193, 0.3118278384208679)","(-33.832489013671875, 211.53138732910156, 70.15412139892578)",1,3.3014984130859375,1,"(43.715919494628906, -61.568416595458984, 681.7825927734375)",1
16853630919,16815007666,"(0.41974350810050964, 0.3242383599281311)","(-43.32354736328125, 207.90179443359375, 68.83297729492188)",1,3.782379150390625,1,"(-15.938714981079102, -59.467002868652344, 683.1480102539062)",1,"(0.43726855516433716, 0.31480273604393005)","(-33.62697219848633, 210.66134643554688, 69.83747100830078)",1,3.2948455810546875,1,"(43.77818298339844, -61.59446334838867, 682.1005859375)",1
16853647048,16815023795,"(0.4178304374217987, 0.3201800584793091)","(-44.38207244873047, 209.0886993408203, 69.26500701904297)",1,3.7709503173828125,1,"(-15.909796714782715, -59.46500015258789, 683.1712646484375)",1,"(0.4337996244430542, 0.31052297353744507)","(-35.546356201171875, 211.9130401611328, 70.29303741455078)",1,3.2879791259765625,1,"(43.81508255004883, -61.59394073486328, 682.1220092773438)",1
16853663734,16815040481,"(0.42161697149276733, 0.317195326089859)","(-42.28700637817383, 209.96157836914062, 69.58277893066406)",1,3.7650299072265625,1,"(-15.886918067932129, -59.46907043457031, 683.2921752929688)",1,"(0.4331997334957123, 0.3064781427383423)","(-35.87825393676758, 213.09597778320312, 70.7235336303711)",1,3.2752227783203125,1,"(43.86056137084961, -61.612728118896484, 682.2590942382812)",1
16853680839,16815057586,"(0.41904765367507935, 0.31638428568840027)","(-43.708621978759766, 210.19879150390625, 69.6690673828125)",1,3.7605438232421875,1,"(-15.844667434692383, -59.5008659362793, 683.7911376953125)",1,"(0.4356900155544281, 0.30311352014541626)","(-34.500396728515625, 214.0800018310547, 71.08170318603516)",1,3.2662200927734375,1,"(43.920188903808594, -61.65647506713867, 682.7359619140625)",1
16853696917,16815073664,"(0.41958165168762207, 0.3159792423248291)","(-43.41313171386719, 210.3172607421875, 69.71217346191406)",1,3.7562103271484375,1,"(-15.82276725769043, -59.52686309814453, 684.179443359375)",1,"(0.4358636736869812, 0.30356335639953613)","(-34.404327392578125, 213.94845581054688, 71.03382110595703)",1,3.26458740234375,1,"(43.96906280517578, -61.69437026977539, 683.1264038085938)",1
16853713649,16815090396,"(0.41586217284202576, 0.31300482153892517)","(-45.47111511230469, 211.18716430664062, 70.02885437011719)",1,3.7384796142578125,1,"(-15.762513160705566, -59.56882858276367, 684.6752319335938)",1,"(0.4357145428657532, 0.30523061752319336)","(-34.48680877685547, 213.4608612060547, 70.85635375976562)",1,3.2469940185546875,1,"(44.050559997558594, -61.723609924316406, 683.63720703125)",1
16853730759,16815107506,"(0.4212014973163605, 0.31799113750457764)","(-42.51688766479492, 209.7288818359375, 69.498046875)",1,3.734039306640625,1,"(-15.728169441223145, -59.581295013427734, 684.8235473632812)",1,"(0.43368640542030334, 0.30578771233558655)","(-35.6090087890625, 213.2979278564453, 70.7970199584961)",1,3.23321533203125,1,"(44.113739013671875, -61.74110412597656, 683.764404296875)",1
16853746883,16815123630,"(0.42200222611427307, 0.31412413716316223)","(-42.07382583618164, 210.85980224609375, 69.90967559814453)",1,3.7241668701171875,1,"(-15.689830780029297, -59.57928466796875, 684.8200073242188)",1,"(0.43240925669670105, 0.30702275037765503)","(-36.31561279296875, 212.93670654296875, 70.66556549072266)",1,3.2290496826171875,1,"(44.16154098510742, -61.74360275268555, 683.7573852539062)",1
16853763564,16815140311,"(0.41844549775123596, 0.31263303756713867)","(-44.04177474975586, 211.29592895507812, 70.06832885742188)",1,3.7115936279296875,1,"(-15.620741844177246, -59.59325408935547, 685.0852661132812)",1,"(0.43288055062294006, 0.2989632487297058)","(-36.05488586425781, 215.2938232421875, 71.52349090576172)",1,3.2216949462890625,1,"(44.22832107543945, -61.78700256347656, 684.038818359375)",1
16853780679,16815157426,"(0.4153699576854706, 0.3068692088127136)","(-45.743473052978516, 212.9816131591797, 70.68194580078125)",1,3.7127227783203125,1,"(-15.580764770507812, -59.64683532714844, 685.7853393554688)",1,"(0.434398353099823, 0.3043593466281891)","(-35.215065002441406, 213.7156524658203, 70.94906616210938)",1,3.2164306640625,1,"(44.31029510498047, -61.83445358276367, 684.70703125)",1
16853796752,16815173499,"(0.4148672819137573, 0.3066833019256592)","(-46.02162170410156, 213.03598022460938, 70.70172119140625)",1,3.705291748046875,1,"(-15.54935073852539, -59.66337585449219, 686.0125732421875)",1,"(0.4369194805622101, 0.303663045167923)","(-33.820106506347656, 213.91928100585938, 71.02320098876953)",1,3.2139434814453125,1,"(44.34157180786133, -61.852970123291016, 684.9411010742188)",1
16853813480,16815190227,"(0.4177294671535492, 0.3009982705116272)","(-44.43796157836914, 214.6986541748047, 71.30682373046875)",1,3.6858062744140625,1,"(-15.514423370361328, -59.670475006103516, 686.0546875)",1,"(0.43425431847572327, 0.3049667179584503)","(-35.29475402832031, 213.53802490234375, 70.88442993164062)",1,3.2142333984375,1,"(44.39999008178711, -61.8548583984375, 684.97900390625)",1
16853830599,16815207346,"(0.4172798693180084, 0.3052707016468048)","(-44.68672180175781, 213.44911193847656, 70.85206604003906)",1,3.6806793212890625,1,"(-15.462432861328125, -59.65650939941406, 686.0426635742188)",1,"(0.43365636467933655, 0.30141621828079224)","(-35.62561798095703, 214.57640075683594, 71.26241302490234)",1,3.2046966552734375,1,"(44.44189453125, -61.860599517822266, 684.960693359375)",1
16853846718,16815223465,"(0.4187110364437103, 0.3059798777103424)","(-43.894866943359375, 213.24168395996094, 70.77662658691406)",1,3.6788330078125,1,"(-15.436070442199707, -59.655052185058594, 686.0986328125)",1,"(0.42930105328559875, 0.30170339345932007)","(-38.035396575927734, 214.49241638183594, 71.23181915283203)",1,3.210601806640625,1,"(44.47621154785156, -61.86403274536133, 685.0107421875)",1
16853863396,16815240143,"(0.4169923663139343, 0.31345584988594055)","(-44.84579086303711, 211.05526733398438, 69.9808120727539)",1,3.68487548828125,1,"(-15.389570236206055, -59.64036178588867, 686.3054809570312)",1,"(0.42907822132110596, 0.2924801707267761)","(-38.15869140625, 217.18988037109375, 72.21355438232422)",1,3.2216339111328125,1,"(44.52277755737305, -61.882904052734375, 685.2230834960938)",1
16853880519,16815257266,"(0.4162589907646179, 0.3133876621723175)","(-45.25155258178711, 211.07521057128906, 69.9880599975586)",1,3.6727294921875,1,"(-15.36230754852295, -59.623512268066406, 686.5194091796875)",1,"(0.4332521855831146, 0.29070961475372314)","(-35.849246978759766, 217.7076873779297, 72.40204620361328)",1,3.2139129638671875,1,"(44.55063247680664, -61.87831115722656, 685.42578125)",1
16853896588,16815273335,"(0.42278140783309937, 0.31239384412765503)","(-41.642730712890625, 211.3658447265625, 70.09386444091797)",1,3.6612548828125,1,"(-15.318435668945312, -59.61703109741211, 686.559814453125)",1,"(0.43893516063690186, 0.2913658022880554)","(-32.704830169677734, 217.5157470703125, 72.33222961425781)",1,3.2081146240234375,1,"(44.585693359375, -61.87507247924805, 685.4716796875)",1
16853913311,16815290058,"(0.4980226755142212, 0.30614572763442993)","(-0.011713435873389244, 213.19322204589844, 70.75892639160156)",1,3.6373748779296875,1,"(-15.003440856933594, -59.62311553955078, 686.6357421875)",1,"(0.5301234126091003, 0.2894945442676544)","(17.749624252319336, 218.0630340576172, 72.53138732910156)",1,3.2045135498046875,1,"(44.90753173828125, -61.887916564941406, 685.4912719726562)",1
16853930443,16815307189,"(0.5826048254966736, 0.3090077340602875)","(46.78763198852539, 212.35617065429688, 70.45431518554688)",1,3.6499176025390625,1,"(-14.557657241821289, -59.486045837402344, 685.199951171875)",1,"(0.6026453971862793, 0.2951439917087555)","(57.87604904174805, 216.4108123779297, 71.93002319335938)",1,3.1892242431640625,1,"(45.13920974731445, -61.771034240722656, 684.0689697265625)",1
16853946554,16815323300,"(0.5949739217758179, 0.3143131136894226)","(53.63146209716797, 210.80453491210938, 69.8895492553711)",1,3.650299072265625,1,"(-14.475255966186523, -59.44623947143555, 684.7540283203125)",1,"(0.610725998878479, 0.29564350843429565)","(62.347068786621094, 216.2646942138672, 71.8768539428711)",1,3.1891326904296875,1,"(45.1533088684082, -61.72443771362305, 683.5545043945312)",1
16853963227,16815339973,"(0.5996903777122498, 0.3116518259048462)","(56.24106216430664, 211.58290100097656, 70.17280578613281)",1,3.6424102783203125,1,"(-14.49285888671875, -59.45124053955078, 684.9706420898438)",1,"(0.615761399269104, 0.30036425590515137)","(65.13312530517578, 214.884033203125, 71.37435913085938)",1,3.1888275146484375,1,"(45.15929412841797, -61.7319221496582, 683.8163452148438)",1
16853980363,16815357109,"(0.6002815961837769, 0.312520295381546)","(56.56820297241211, 211.3289031982422, 70.08037567138672)",1,3.6572418212890625,1,"(-14.508401870727539, -59.42638397216797, 684.8804321289062)",1,"(0.6157410144805908, 0.30069461464881897)","(65.12189483642578, 214.7874298095703, 71.33914947509766)",1,3.199005126953125,1,"(45.151302337646484, -61.709320068359375, 683.7378540039062)",1
16853996424,16815373170,"(0.600964367389679, 0.31292542815208435)","(56.945987701416016, 211.2104034423828, 70.03724670410156)",1,3.65753173828125,1,"(-14.516128540039062, -59.4104118347168, 684.8267822265625)",1,"(0.6134586334228516, 0.3017706573009491)","(63.859012603759766, 214.47274780273438, 71.22462463378906)",1,3.209075927734375,1,"(45.147579193115234, -61.70071792602539, 683.6865844726562)",1
16854013141,16815389887,"(0.6015431880950928, 0.3156869113445282)","(57.266170501708984, 210.4027557373047, 69.74329376220703)",1,3.6647491455078125,1,"(-14.520004272460938, -59.400917053222656, 684.7711791992188)",1,"(0.6120707988739014, 0.2997618615627289)","(63.09111404418945, 215.0602569580078, 71.43846893310547)",1,3.201446533203125,1,"(45.1457405090332, -61.697723388671875, 683.6287231445312)",1
16854030283,16815407029,"(0.6024183034896851, 0.3183237314224243)","(57.75041580200195, 209.63162231445312, 69.4626235961914)",1,3.66302490234375,1,"(-14.523517608642578, -59.3903694152832, 684.7037353515625)",1,"(0.6139066815376282, 0.2976055443286896)","(64.10690307617188, 215.69088745117188, 71.66802978515625)",1,3.20257568359375,1,"(45.137786865234375, -61.69187545776367, 683.5641479492188)",1
16854046293,16815423039,"(0.6018824577331543, 0.31622570753097534)","(57.45392608642578, 210.2451934814453, 69.68596649169922)",1,3.6440582275390625,1,"(-14.528963088989258, -59.38090896606445, 684.6216430664062)",1,"(0.6133432984352112, 0.2989322245121002)","(63.79528045654297, 215.30287170410156, 71.52678680419922)",1,3.2075958251953125,1,"(45.126197814941406, -61.68458557128906, 683.484375)",1
16854063057,16815439803,"(0.6007487773895264, 0.31679651141166687)","(56.826629638671875, 210.0782470703125, 69.62519073486328)",1,3.6383209228515625,1,"(-14.53841495513916, -59.375083923339844, 684.4637451171875)",1,"(0.6123976111412048, 0.29686230421066284)","(63.271968841552734, 215.90823364257812, 71.74714660644531)",1,3.190185546875,1,"(45.10346221923828, -61.67720413208008, 683.3194580078125)",1
16854080203,16815456949,"(0.6018502116203308, 0.31358057260513306)","(57.43610382080078, 211.018798828125, 69.96759033203125)",1,3.6372528076171875,1,"(-14.56338882446289, -59.38334274291992, 684.3313598632812)",1,"(0.6104005575180054, 0.29516294598579407)","(62.166996002197266, 216.40524291992188, 71.92805480957031)",1,3.1866607666015625,1,"(45.07642364501953, -61.67814636230469, 683.195556640625)",1
16854096259,16815473005,"(0.602735698223114, 0.31174010038375854)","(57.926025390625, 211.55703735351562, 70.16348266601562)",1,3.65057373046875,1,"(-14.588532447814941, -59.39221954345703, 684.2645263671875)",1,"(0.6109057068824768, 0.2983943521976471)","(62.44648361206055, 215.46017456054688, 71.58409118652344)",1,3.1913604736328125,1,"(45.04987716674805, -61.67554473876953, 683.1307373046875)",1
16854112973,16815489719,"(0.6019219160079956, 0.30959153175354004)","(57.47575759887695, 212.1854248046875, 70.39216613769531)",1,3.64111328125,1,"(-14.630865097045898, -59.4168701171875, 684.2057495117188)",1,"(0.6110990047454834, 0.29573482275009155)","(62.55344772338867, 216.23800659179688, 71.86714935302734)",1,3.1980743408203125,1,"(44.99872970581055, -61.6780891418457, 683.0756225585938)",1
16854130123,16815506869,"(0.599131166934967, 0.3061814308166504)","(55.93167495727539, 213.18276977539062, 70.75516510009766)",1,3.6407928466796875,1,"(-14.693359375, -59.4265251159668, 684.3326416015625)",1,"(0.6102017760276794, 0.2977375388145447)","(62.057037353515625, 215.65228271484375, 71.65396881103516)",1,3.18255615234375,1,"(44.92375946044922, -61.66435241699219, 683.2085571289062)",1
16854146225,16815522971,"(0.5787081122398376, 0.29575473070144653)","(44.63158416748047, 216.23216247558594, 71.86508178710938)",1,3.6302337646484375,1,"(-14.788804054260254, -59.42390060424805, 684.4927978515625)",1,"(0.5909104347229004, 0.2840665280818939)","(51.383121490478516, 219.65049743652344, 73.10920715332031)",1,3.1964569091796875,1,"(44.8386344909668, -61.64518356323242, 683.3594360351562)",1
16854162888,16815539634,"(0.5686500668525696, 0.29463082551956177)","(39.0664176940918, 216.56085205078125, 71.98470306396484)",1,3.619476318359375,1,"(-14.906221389770508, -59.43738555908203, 684.8816528320312)",1,"(0.580757200717926, 0.28360041975975037)","(45.76530838012695, 219.78683471679688, 73.15880584716797)",1,3.190399169921875,1,"(44.734439849853516, -61.628536224365234, 683.7901000976562)",1
16854180043,16815556789,"(0.5628984570503235, 0.2904181182384491)","(35.8840446472168, 217.7929229736328, 72.43309020996094)",1,3.6069183349609375,1,"(-14.933743476867676, -59.44359588623047, 684.9102783203125)",1,"(0.5781261920928955, 0.2866232693195343)","(44.309600830078125, 218.90277099609375, 72.8370361328125)",1,3.1761932373046875,1,"(44.713050842285156, -61.606754302978516, 683.8263549804688)",1
16854196094,16815572840,"(0.5625877380371094, 0.29209116101264954)","(35.71213912963867, 217.3036346435547, 72.25502014160156)",1,3.6056976318359375,1,"(-14.95279312133789, -59.43256378173828, 684.8152465820312)",1,"(0.5775232911109924, 0.29310521483421326)","(43.97602462768555, 217.00704956054688, 72.14707946777344)",1,3.176116943359375,1,"(44.69087600708008, -61.5726318359375, 683.7208862304688)",1
16854212803,16815589549,"(0.5627971291542053, 0.2969292998313904)","(35.827999114990234, 215.88864135742188, 71.74003601074219)",1,3.592620849609375,1,"(-14.981740951538086, -59.42106246948242, 684.7944946289062)",1,"(0.5740599036216736, 0.2885532081127167)","(42.05970001220703, 218.33834838867188, 72.6316146850586)",1,3.1701202392578125,1,"(44.67216873168945, -61.55168151855469, 683.6989135742188)",1
16854229963,16815606709,"(0.561894953250885, 0.3051876127719879)","(35.32882308959961, 213.47341918945312, 70.86093139648438)",1,3.5859527587890625,1,"(-15.018570899963379, -59.411949157714844, 684.8524169921875)",1,"(0.5743640065193176, 0.2877587378025055)","(42.22795486450195, 218.57069396972656, 72.71622467041016)",1,3.1702728271484375,1,"(44.65214157104492, -61.54280090332031, 683.7543334960938)",1
16854246061,16815622807,"(0.5647246241569519, 0.30099019408226013)","(36.89450454711914, 214.70101928710938, 71.3077392578125)",1,3.57525634765625,1,"(-15.04858112335205, -59.4139404296875, 684.9171142578125)",1,"(0.5727862119674683, 0.2807433009147644)","(41.35498046875, 220.62242126464844, 73.46297454833984)",1,3.1757354736328125,1,"(44.64167022705078, -61.541542053222656, 683.8142700195312)",1
16854262718,16815639464,"(0.5632337927818298, 0.29906725883483887)","(36.06962966918945, 215.2633819580078, 71.51242065429688)",1,3.5645599365234375,1,"(-15.079598426818848, -59.42350387573242, 685.0927124023438)",1,"(0.570580244064331, 0.28061383962631226)","(40.13441848754883, 220.6602783203125, 73.47674560546875)",1,3.171966552734375,1,"(44.629539489746094, -61.546539306640625, 684.0015258789062)",1
16854279883,16815656629,"(0.5623305439949036, 0.3020111322402954)","(35.56985855102539, 214.40237426757812, 71.19906616210938)",1,3.559814453125,1,"(-15.107467651367188, -59.43655014038086, 685.2965698242188)",1,"(0.5706239342689514, 0.2814468443393707)","(40.15858459472656, 220.4166717529297, 73.3880844116211)",1,3.164581298828125,1,"(44.62403869628906, -61.550140380859375, 684.192138671875)",1
16854295929,16815672675,"(0.5612739324569702, 0.3024083375930786)","(34.985225677490234, 214.28622436523438, 71.15679168701172)",1,3.55255126953125,1,"(-15.115438461303711, -59.44247055053711, 685.4296264648438)",1,"(0.570627748966217, 0.2811920940876007)","(40.16067886352539, 220.4911651611328, 73.41519165039062)",1,3.16888427734375,1,"(44.62711715698242, -61.55605697631836, 684.3230590820312)",1
16854312634,16815689380,"(0.561168909072876, 0.3031940758228302)","(34.927101135253906, 214.0564422607422, 71.07312774658203)",1,3.544036865234375,1,"(-15.112536430358887, -59.44435501098633, 685.5071411132812)",1,"(0.5726507306098938, 0.27946937084198)","(41.2800178527832, 220.99502563476562, 73.59859466552734)",1,3.1702423095703125,1,"(44.635372161865234, -61.54720687866211, 684.4031982421875)",1
16854329803,16815706549,"(0.5628191828727722, 0.3046676218509674)","(35.840179443359375, 213.62547302246094, 70.91629028320312)",1,3.533172607421875,1,"(-15.10399341583252, -59.4597053527832, 685.6634521484375)",1,"(0.5707647800445557, 0.2757222056388855)","(40.236515045166016, 222.0908966064453, 73.99748992919922)",1,3.1688995361328125,1,"(44.67138671875, -61.5639533996582, 684.5530395507812)",1
16854345895,16815722641,"(0.5626295208930969, 0.3025164008140564)","(35.73527526855469, 214.25462341308594, 71.14527893066406)",1,3.525390625,1,"(-15.091156959533691, -59.476375579833984, 685.7944946289062)",1,"(0.5696871280670166, 0.275688499212265)","(39.6402473449707, 222.10076904296875, 74.0010757446289)",1,3.156707763671875,1,"(44.70047378540039, -61.58094024658203, 684.6771850585938)",1
16854362550,16815739296,"(0.5614466667175293, 0.3022352159023285)","(35.080745697021484, 214.3368682861328, 71.17518615722656)",1,3.5253448486328125,1,"(-15.059189796447754, -59.5133171081543, 686.01953125)",1,"(0.5722053647041321, 0.27917441725730896)","(41.03361129760742, 221.0812530517578, 73.6300277709961)",1,3.1444244384765625,1,"(44.74204635620117, -61.62129592895508, 684.9133911132812)",1
16854379723,16815756469,"(0.5621176362037659, 0.29513752460479736)","(35.452030181884766, 216.41265869140625, 71.93074035644531)",1,3.51275634765625,1,"(-15.028531074523926, -59.556068420410156, 686.2562255859375)",1,"(0.5737422108650208, 0.2825789153575897)","(41.88393783569336, 220.08558654785156, 73.267578125)",1,3.1428985595703125,1,"(44.78742218017578, -61.6600456237793, 685.1395263671875)",1
16854395765,16815772511,"(0.5582411885261536, 0.29368019104003906)","(33.30719757080078, 216.83889770507812, 72.08586120605469)",1,3.5160980224609375,1,"(-15.000687599182129, -59.57705307006836, 686.36572265625)",1,"(0.5740680694580078, 0.2864181697368622)","(42.0642204284668, 218.96275329589844, 72.85889434814453)",1,3.1378631591796875,1,"(44.810726165771484, -61.676570892333984, 685.2461547851562)",1
16854412465,16815789211,"(0.5598297119140625, 0.28907981514930725)","(34.18614196777344, 218.18434143066406, 72.57554626464844)",1,3.4990234375,1,"(-14.96471118927002, -59.59779357910156, 686.3252563476562)",1,"(0.5703506469726562, 0.28813982009887695)","(40.00736618041992, 218.459228515625, 72.67566680908203)",1,3.1234130859375,1,"(44.86554718017578, -61.69283676147461, 685.1978759765625)",1
16854429643,16815806389,"(0.5601053833961487, 0.2838335633277893)","(34.338661193847656, 219.71865844726562, 73.13400268554688)",1,3.4991455078125,1,"(-14.911128997802734, -59.60791015625, 686.0597534179688)",1,"(0.5702457427978516, 0.28865525126457214)","(39.94929885864258, 218.30850219726562, 72.62075805664062)",1,3.1188201904296875,1,"(44.905582427978516, -61.69995880126953, 684.9364013671875)",1
16854445731,16815822477,"(0.5588351488113403, 0.28217658400535583)","(33.635826110839844, 220.20326232910156, 73.31037902832031)",1,3.4894256591796875,1,"(-14.881339073181152, -59.60271453857422, 685.8251953125)",1,"(0.565640926361084, 0.28168514370918274)","(37.401493072509766, 220.34695434570312, 73.3626937866211)",1,3.117645263671875,1,"(44.92245864868164, -61.708309173583984, 684.6950073242188)",1
16854462477,16815839223,"(0.5605548024177551, 0.2826421558856964)","(34.58731460571289, 220.0670928955078, 73.26081848144531)",1,3.490692138671875,1,"(-14.835253715515137, -59.583675384521484, 685.546875)",1,"(0.5694539546966553, 0.281423956155777)","(39.51121139526367, 220.42337036132812, 73.39048767089844)",1,3.12164306640625,1,"(44.93384552001953, -61.70748519897461, 684.4017944335938)",1
16854479563,16815856309,"(0.5621283054351807, 0.28439733386039734)","(35.45795440673828, 219.5537872314453, 73.07401275634766)",1,3.4790191650390625,1,"(-14.80296802520752, -59.560482025146484, 685.4954833984375)",1,"(0.5712667107582092, 0.28134435415267944)","(40.514225006103516, 220.44668579101562, 73.39896392822266)",1,3.1043243408203125,1,"(44.952598571777344, -61.7042350769043, 684.3555908203125)",1
16854495697,16815872443,"(0.5579137206077576, 0.2884475290775299)","(33.126014709472656, 218.36923217773438, 72.64289093017578)",1,3.4811248779296875,1,"(-14.786553382873535, -59.54232406616211, 685.48876953125)",1,"(0.5750594735145569, 0.28243300318717957)","(42.61273956298828, 220.12828063964844, 73.28309631347656)",1,3.0986785888671875,1,"(44.959346771240234, -61.69419860839844, 684.352294921875)",1
16854512392,16815889138,"(0.5586326718330383, 0.29333603382110596)","(33.523826599121094, 216.9395294189453, 72.12252807617188)",1,3.4842529296875,1,"(-14.782974243164062, -59.5126838684082, 685.5269165039062)",1,"(0.5764005780220032, 0.2839537262916565)","(43.354766845703125, 219.68353271484375, 73.12124633789062)",1,3.0919647216796875,1,"(44.95876693725586, -61.67570877075195, 684.3922729492188)",1
16854529483,16815906229,"(0.5581404566764832, 0.2989492416381836)","(33.25148010253906, 215.29788208007812, 71.52498626708984)",1,3.493194580078125,1,"(-14.797246932983398, -59.49861145019531, 685.546142578125)",1,"(0.574957549571991, 0.28695011138916016)","(42.55635452270508, 218.80718994140625, 72.80225372314453)",1,3.087615966796875,1,"(44.949432373046875, -61.65489959716797, 684.4144287109375)",1
16854545567,16815922313,"(0.5576601624488831, 0.3025940954685211)","(32.9857177734375, 214.23191833496094, 71.13701629638672)",1,3.4842681884765625,1,"(-14.821344375610352, -59.4967041015625, 685.62841796875)",1,"(0.5731691718101501, 0.29046544432640076)","(41.56684494018555, 217.7790985107422, 72.42806243896484)",1,3.0859527587890625,1,"(44.940757751464844, -61.64638137817383, 684.4937133789062)",1
16854562307,16815939053,"(0.5593246817588806, 0.3052108585834503)","(33.90673065185547, 213.46661376953125, 70.85845947265625)",1,3.48455810546875,1,"(-14.861112594604492, -59.49394226074219, 685.7771606445312)",1,"(0.5688015222549438, 0.28612232208251953)","(39.15024948120117, 219.04928588867188, 72.89041137695312)",1,3.084747314453125,1,"(44.93177032470703, -61.64841842651367, 684.65478515625)",1
16854579403,16815956149,"(0.5617595911026001, 0.30130958557128906)","(35.253929138183594, 214.60755920410156, 71.27375030517578)",1,3.4832000732421875,1,"(-14.911828994750977, -59.49930191040039, 685.7880859375)",1,"(0.5712301731109619, 0.2849542498588562)","(40.49401092529297, 219.3909149169922, 73.01471710205078)",1,3.0905303955078125,1,"(44.88762664794922, -61.63747024536133, 684.6654052734375)",1
16854595533,16815972279,"(0.5585893392562866, 0.30236056447029114)","(33.49983215332031, 214.30020141601562, 71.16188049316406)",1,3.4728546142578125,1,"(-14.9354829788208, -59.487762451171875, 685.6239624023438)",1,"(0.5729198455810547, 0.2884644567966461)","(41.42887878417969, 218.36431884765625, 72.64104461669922)",1,3.0995025634765625,1,"(44.83573532104492, -61.61390686035156, 684.5114135742188)",1
16854612223,16815988969,"(0.5588939189910889, 0.29912659525871277)","(33.66837692260742, 215.24603271484375, 71.50614166259766)",1,3.4758148193359375,1,"(-14.970812797546387, -59.470176696777344, 685.288330078125)",1,"(0.5758621096611023, 0.28802618384361267)","(43.056854248046875, 218.49249267578125, 72.68771362304688)",1,3.0920562744140625,1,"(44.75291061401367, -61.57626724243164, 684.1640014648438)",1
16854629323,16816006069,"(0.562782347202301, 0.29853078722953796)","(35.8198127746582, 215.4202880859375, 71.56949615478516)",1,3.4713287353515625,1,"(-15.016839981079102, -59.45433044433594, 685.0797729492188)",1,"(0.5743994116783142, 0.28751200437545776)","(42.247554779052734, 218.6428680419922, 72.74247741699219)",1,3.098541259765625,1,"(44.70270919799805, -61.551082611083984, 683.9724731445312)",1
16854645402,16816022148,"(0.562384843826294, 0.2993128001689911)","(35.59990310668945, 215.19161987304688, 71.48624420166016)",1,3.4764556884765625,1,"(-15.051841735839844, -59.446868896484375, 685.0277099609375)",1,"(0.57352215051651, 0.2833995223045349)","(41.762168884277344, 219.84555053710938, 73.18024444580078)",1,3.090057373046875,1,"(44.67995071411133, -61.54403305053711, 683.9207153320312)",1
16854662139,16816038885,"(0.5614467263221741, 0.30285823345184326)","(35.0807991027832, 214.15469360351562, 71.1088638305664)",1,3.4765167236328125,1,"(-15.092130661010742, -59.44975280761719, 685.1202392578125)",1,"(0.5711487531661987, 0.28137239813804626)","(40.44894027709961, 220.43844604492188, 73.39602661132812)",1,3.0963897705078125,1,"(44.6571159362793, -61.54009246826172, 684.0230712890625)",1
16854679243,16816055989,"(0.5632569193840027, 0.3015730381011963)","(36.08237838745117, 214.5305633544922, 71.24571228027344)",1,3.4904632568359375,1,"(-15.137072563171387, -59.4641227722168, 685.2474365234375)",1,"(0.5724890828132629, 0.2786943018436432)","(41.190574645996094, 221.2216796875, 73.68111419677734)",1,3.1017608642578125,1,"(44.6211051940918, -61.53529357910156, 684.1423950195312)",1
16854695368,16816072114,"(0.5603979229927063, 0.3012044429779053)","(34.50047302246094, 214.6383514404297, 71.28492736816406)",1,3.48492431640625,1,"(-15.155193328857422, -59.46164321899414, 685.2408447265625)",1,"(0.5748065114021301, 0.2774927318096161)","(42.47281265258789, 221.57308959960938, 73.80901336669922)",1,3.1105194091796875,1,"(44.59698486328125, -61.52980422973633, 684.1442260742188)",1
16854712054,16816088800,"(0.5595492124557495, 0.3023205101490021)","(34.030914306640625, 214.3119354248047, 71.1661148071289)",1,3.4981842041015625,1,"(-15.179656028747559, -59.45246124267578, 685.14208984375)",1,"(0.574386715888977, 0.278461217880249)","(42.240577697753906, 221.2898406982422, 73.70592498779297)",1,3.12091064453125,1,"(44.56361770629883, -61.511112213134766, 684.0390014648438)",1
16854729163,16816105909,"(0.5591060519218445, 0.304378867149353)","(33.78571319580078, 213.70994567871094, 70.9469985961914)",1,3.4925537109375,1,"(-15.201763153076172, -59.43381118774414, 684.96337890625)",1,"(0.576815128326416, 0.28168246150016785)","(43.58416748046875, 220.3477783203125, 73.36300659179688)",1,3.1222991943359375,1,"(44.523597717285156, -61.50617980957031, 683.8670043945312)",1
16854745237,16816121983,"(0.5611168742179871, 0.3012295067310333)","(34.8983154296875, 214.63099670410156, 71.28225708007812)",1,3.4962921142578125,1,"(-15.21995735168457, -59.422874450683594, 684.8051147460938)",1,"(0.5762187242507935, 0.2840556502342224)","(43.25418472290039, 219.6536865234375, 73.1103744506836)",1,3.11956787109375,1,"(44.49921417236328, -61.499534606933594, 683.7153930664062)",1
16854761969,16816138714,"(0.5609250664710999, 0.29590722918510437)","(34.79218292236328, 216.18759155273438, 71.8487777709961)",1,3.4856719970703125,1,"(-15.249234199523926, -59.37845230102539, 684.6063842773438)",1,"(0.5793197751045227, 0.2754359841346741)","(44.97001647949219, 222.1746063232422, 74.02793884277344)",1,3.135589599609375,1,"(44.4510498046875, -61.45541763305664, 683.5029907226562)",1
16854779083,16816155828,"(0.5824874043464661, 0.23457054793834686)","(46.72264099121094, 234.12620544433594, 78.37791442871094)",1,3.51031494140625,1,"(-15.199481010437012, -59.28300476074219, 684.6478271484375)",1,"(0.6029828190803528, 0.2319330871105194)","(58.06275177001953, 234.89755249023438, 78.6587142944336)",1,3.13629150390625,1,"(44.46990966796875, -61.35201644897461, 683.5595703125)",1
16854795106,16816171851,"(0.5915902256965637, 0.2198343724012375)","(51.75923156738281, 238.43597412109375, 79.94652557373047)",1,3.5065765380859375,1,"(-15.182417869567871, -59.29707336425781, 685.1051025390625)",1,"(0.610903799533844, 0.2197539508342743)","(62.445472717285156, 238.45950317382812, 79.95514678955078)",1,3.13275146484375,1,"(44.48516082763672, -61.3542366027832, 683.9856567382812)",1
16854811884,16816188629,"(0.5876142978668213, 0.21433401107788086)","(49.559391021728516, 240.0446319580078, 80.53203582763672)",1,3.5176849365234375,1,"(-15.254246711730957, -59.337249755859375, 685.2177734375)",1,"(0.6007940769195557, 0.21402224898338318)","(56.85173797607422, 240.13580322265625, 80.56521606445312)",1,3.155120849609375,1,"(44.45479202270508, -61.391746520996094, 684.10009765625)",1
16854829003,16816205748,"(0.5857625007629395, 0.2154773771762848)","(48.53474807739258, 239.71022033691406, 80.41031646728516)",1,3.52374267578125,1,"(-15.309867858886719, -59.317039489746094, 684.8362426757812)",1,"(0.5991791486740112, 0.2129732370376587)","(55.95822525024414, 240.4425811767578, 80.67693328857422)",1,3.1585845947265625,1,"(44.38185119628906, -61.379669189453125, 683.749267578125)",1
16854845072,16816221817,"(0.5877529382705688, 0.22096781432628632)","(49.63606643676758, 238.1044921875, 79.82587432861328)",1,3.54718017578125,1,"(-15.358339309692383, -59.31282424926758, 684.71240234375)",1,"(0.5987151861190796, 0.21464958786964417)","(55.70146942138672, 239.95233154296875, 80.49849700927734)",1,3.1497955322265625,1,"(44.33020782470703, -61.36469650268555, 683.6239624023438)",1
16854861800,16816238545,"(0.5892449021339417, 0.21955128014087677)","(50.46156692504883, 238.51878356933594, 79.97667694091797)",1,3.54937744140625,1,"(-15.443085670471191, -59.30986785888672, 684.6307373046875)",1,"(0.6041377782821655, 0.21211650967597961)","(58.701812744140625, 240.6931610107422, 80.7680892944336)",1,3.1495513916015625,1,"(44.2341423034668, -61.34801483154297, 683.548095703125)",1
16854878919,16816255664,"(0.5872580409049988, 0.21862564980983734)","(49.36226272583008, 238.78945922851562, 80.07522583007812)",1,3.5464324951171875,1,"(-15.523198127746582, -59.32305908203125, 684.6185913085938)",1,"(0.6020105481147766, 0.21633374691009521)","(57.524784088134766, 239.4597625732422, 80.31917572021484)",1,3.1552276611328125,1,"(44.18065643310547, -61.354248046875, 683.54931640625)",1
16854894942,16816271687,"(0.5874803066253662, 0.22494708001613617)","(49.485206604003906, 236.94070434570312, 79.40230560302734)",1,3.5537567138671875,1,"(-15.574634552001953, -59.34320831298828, 684.69091796875)",1,"(0.5998919606208801, 0.21671094000339508)","(56.35255432128906, 239.34945678710938, 80.27901458740234)",1,3.1596832275390625,1,"(44.1495475769043, -61.370872497558594, 683.615234375)",1
16854911716,16816288461,"(0.5909339189529419, 0.2233283519744873)","(51.3961181640625, 237.41412353515625, 79.57461547851562)",1,3.55596923828125,1,"(-15.665019035339355, -59.369503021240234, 684.5885009765625)",1,"(0.6060784459114075, 0.20634964108467102)","(59.775543212890625, 242.37974548339844, 81.38194274902344)",1,3.1593170166015625,1,"(44.0453987121582, -61.39060592651367, 683.5112915039062)",1
16854928839,16816305584,"(0.5867103338241577, 0.22089917957782745)","(49.0591926574707, 238.12454223632812, 79.83323669433594)",1,3.5571136474609375,1,"(-15.729486465454102, -59.37654113769531, 684.4279174804688)",1,"(0.604196310043335, 0.2063724249601364)","(58.73416519165039, 242.37307739257812, 81.37954711914062)",1,3.1747894287109375,1,"(43.980194091796875, -61.39043045043945, 683.375244140625)",1
16854944908,16816321653,"(0.5877994298934937, 0.21669720113277435)","(49.661781311035156, 239.3534698486328, 80.28052520751953)",1,3.566253662109375,1,"(-15.775164604187012, -59.39321517944336, 684.462646484375)",1,"(0.6023344397544861, 0.21114858984947205)","(57.703956604003906, 240.9762725830078, 80.8711166381836)",1,3.17242431640625,1,"(43.950889587402344, -61.39114761352539, 683.406982421875)",1
16854961631,16816338376,"(0.59028559923172, 0.21165037155151367)","(51.03738021850586, 240.82949829101562, 80.81769561767578)",1,3.575897216796875,1,"(-15.847187995910645, -59.427711486816406, 684.43212890625)",1,"(0.6013324856758118, 0.2065919190645218)","(57.149635314941406, 242.3088836669922, 81.3561782836914)",1,3.187469482421875,1,"(43.894248962402344, -61.407005310058594, 683.3789672851562)",1
16854978759,16816355504,"(0.5911998152732849, 0.21457648277282715)","(51.54323196411133, 239.9737091064453, 80.50623321533203)",1,3.578369140625,1,"(-15.9132080078125, -59.47201919555664, 684.4864501953125)",1,"(0.6039976477622986, 0.20422887802124023)","(58.624229431152344, 242.99998474121094, 81.60770416259766)",1,3.18975830078125,1,"(43.84454345703125, -61.435115814208984, 683.4361572265625)",1
16854994778,16816371523,"(0.5923603773117065, 0.20815235376358032)","(52.18536376953125, 241.85252380371094, 81.1900863647461)",1,3.5704498291015625,1,"(-15.94400405883789, -59.49720764160156, 684.5664672851562)",1,"(0.604560136795044, 0.1990351378917694)","(58.93547439575195, 244.51895141601562, 82.16057586669922)",1,3.1813507080078125,1,"(43.82284164428711, -61.45577621459961, 683.5211791992188)",1
16855011547,16816388292,"(0.5888282060623169, 0.2052382230758667)","(50.23100662231445, 242.70480346679688, 81.50028228759766)",1,3.5794677734375,1,"(-15.974403381347656, -59.510704040527344, 684.6075439453125)",1,"(0.604667067527771, 0.19964325428009033)","(58.99460220336914, 244.3411102294922, 82.09581756591797)",1,3.1898956298828125,1,"(43.783958435058594, -61.4486198425293, 683.5648193359375)",1
16855028683,16816405428,"(0.5892786979675293, 0.20443084836006165)","(50.48027801513672, 242.94093322753906, 81.5862045288086)",1,3.58624267578125,1,"(-16.017934799194336, -59.511878967285156, 684.5819702148438)",1,"(0.6036859750747681, 0.19999666512012482)","(58.451805114746094, 244.23777770996094, 82.05819702148438)",1,3.1916046142578125,1,"(43.76171875, -61.436702728271484, 683.5444946289062)",1
16855044744,16816421489,"(0.5894457101821899, 0.20712223649024963)","(50.57270050048828, 242.15379333496094, 81.2997055053711)",1,3.5872955322265625,1,"(-16.03537940979004, -59.51222610473633, 684.515380859375)",1,"(0.601884126663208, 0.2043328434228897)","(57.45487594604492, 242.96958923339844, 81.59662628173828)",1,3.1851043701171875,1,"(43.74428176879883, -61.425838470458984, 683.4813232421875)",1
16855061461,16816438206,"(0.5892109274864197, 0.2136574387550354)","(50.442771911621094, 240.2425079345703, 80.60406494140625)",1,3.5879669189453125,1,"(-16.06319808959961, -59.50920867919922, 684.370361328125)",1,"(0.60170978307724, 0.20091255009174347)","(57.35839080810547, 243.96987915039062, 81.96073913574219)",1,3.1956634521484375,1,"(43.71511459350586, -61.43115997314453, 683.32470703125)",1
16855078603,16816455348,"(0.5909314155578613, 0.21893636882305145)","(51.39469528198242, 238.69862365722656, 80.0421371459961)",1,3.5899658203125,1,"(-16.09603500366211, -59.52043151855469, 684.2164306640625)",1,"(0.6003351211547852, 0.1986992359161377)","(56.597808837890625, 244.61715698242188, 82.19637298583984)",1,3.1776885986328125,1,"(43.69377517700195, -61.43992233276367, 683.1773681640625)",1
16855094710,16816471455,"(0.5907027125358582, 0.21706466376781464)","(51.26819610595703, 239.24603271484375, 80.2413558959961)",1,3.586883544921875,1,"(-16.117433547973633, -59.52682876586914, 684.1393432617188)",1,"(0.6015475988388062, 0.19793301820755005)","(57.268653869628906, 244.84129333496094, 82.27793884277344)",1,3.168548583984375,1,"(43.668941497802734, -61.44321823120117, 683.1031494140625)",1
16855111377,16816488122,"(0.5905836224555969, 0.2160070389509201)","(51.20230484008789, 239.5553436279297, 80.35394287109375)",1,3.584716796875,1,"(-16.143537521362305, -59.52687072753906, 684.0391235351562)",1,"(0.601434051990509, 0.20114202797412872)","(57.20579147338867, 243.9027557373047, 81.93634796142578)",1,3.16815185546875,1,"(43.64060592651367, -61.443355560302734, 682.99853515625)",1
16855128519,16816505264,"(0.5907995104789734, 0.21720567345619202)","(51.321739196777344, 239.2047882080078, 80.22637176513672)",1,3.5705718994140625,1,"(-16.151559829711914, -59.52558898925781, 683.8961181640625)",1,"(0.6028293967247009, 0.20708231627941132)","(57.9778938293457, 242.16546630859375, 81.30400085449219)",1,3.1616668701171875,1,"(43.61609649658203, -61.44009780883789, 682.8602905273438)",1
16855144579,16816521324,"(0.5900790095329285, 0.21754761040210724)","(50.92304992675781, 239.1047821044922, 80.18998718261719)",1,3.5516815185546875,1,"(-16.149843215942383, -59.53800582885742, 683.8116455078125)",1,"(0.6006011962890625, 0.20748494565486908)","(56.74501419067383, 242.04769897460938, 81.26112365722656)",1,3.1479949951171875,1,"(43.607791900634766, -61.449249267578125, 682.7780151367188)",1
16855161293,16816538038,"(0.5897396802902222, 0.2194456309080124)","(50.735347747802734, 238.5496826171875, 79.98793029785156)",1,3.5402374267578125,1,"(-16.148033142089844, -59.5536994934082, 683.6775512695312)",1,"(0.600511372089386, 0.20966531336307526)","(56.695350646972656, 241.41001892089844, 81.02906036376953)",1,3.1324310302734375,1,"(43.60496139526367, -61.46684646606445, 682.63330078125)",1
16855178439,16816555184,"(0.5885558128356934, 0.21390299499034882)","(50.0803108215332, 240.17068481445312, 80.57791900634766)",1,3.517364501953125,1,"(-16.14872169494629, -59.57044219970703, 683.5311889648438)",1,"(0.5989706516265869, 0.21235235035419464)","(55.84282684326172, 240.6241455078125, 80.74302673339844)",1,3.1307373046875,1,"(43.60079574584961, -61.47959518432617, 682.4935302734375)",1
16855194448,16816571193,"(0.5877355337142944, 0.21670767664909363)","(49.6264533996582, 239.3504180908203, 80.27941131591797)",1,3.513336181640625,1,"(-16.155799865722656, -59.566280364990234, 683.4181518554688)",1,"(0.6007403135299683, 0.21048066020011902)","(56.82198715209961, 241.1715850830078, 80.9422378540039)",1,3.119537353515625,1,"(43.587127685546875, -61.47734451293945, 682.3806762695312)",1
16855211208,16816587953,"(0.5884565114974976, 0.21502716839313507)","(50.025352478027344, 239.84190368652344, 80.4582748413086)",1,3.489288330078125,1,"(-16.168487548828125, -59.556949615478516, 683.2576904296875)",1,"(0.6026496291160583, 0.21206828951835632)","(57.8784294128418, 240.70724487304688, 80.77324676513672)",1,3.11065673828125,1,"(43.54654312133789, -61.46427917480469, 682.2139282226562)",1
16855228359,16816605104,"(0.5879387855529785, 0.21517641842365265)","(49.7388801574707, 239.79824829101562, 80.4423828125)",1,3.4792327880859375,1,"(-16.191513061523438, -59.56043243408203, 683.1117553710938)",1,"(0.6040604114532471, 0.20770388841629028)","(58.65901565551758, 241.9836883544922, 81.23780059814453)",1,3.0968780517578125,1,"(43.515830993652344, -61.46708297729492, 682.0781860351562)",1
16855244414,16816621159,"(0.5885586142539978, 0.21011041104793549)","(50.08181381225586, 241.2798614501953, 80.9816665649414)",1,3.4728240966796875,1,"(-16.202932357788086, -59.57040023803711, 683.0609741210938)",1,"(0.6039496064186096, 0.20018739998340607)","(58.59767150878906, 244.1819610595703, 82.03790283203125)",1,3.087860107421875,1,"(43.49448776245117, -61.47813034057617, 682.0266723632812)",1
16855261123,16816637868,"(0.5894340872764587, 0.20744340121746063)","(50.5662727355957, 242.05984497070312, 81.26555633544922)",1,3.4580230712890625,1,"(-16.23453140258789, -59.59032440185547, 683.1290283203125)",1,"(0.6046479344367981, 0.201670840382576)","(58.98405456542969, 243.7481231689453, 81.87999725341797)",1,3.079010009765625,1,"(43.47196578979492, -61.48668670654297, 682.1038208007812)",1
16855278279,16816655024,"(0.5895670652389526, 0.21002334356307983)","(50.63983917236328, 241.30532836914062, 80.99093627929688)",1,3.4462127685546875,1,"(-16.26702880859375, -59.58530807495117, 683.20703125)",1,"(0.6058018207550049, 0.20224198698997498)","(59.62247085571289, 243.58106994628906, 81.8192138671875)",1,3.0703125,1,"(43.45072937011719, -61.47258377075195, 682.184326171875)",1
16855294380,16816671125,"(0.5910024642944336, 0.21208682656288147)","(51.433998107910156, 240.7018280029297, 80.7712631225586)",1,3.4415740966796875,1,"(-16.284337997436523, -59.57101821899414, 683.2206420898438)",1,"(0.6043707132339478, 0.2018202394247055)","(58.830657958984375, 243.7044219970703, 81.86412048339844)",1,3.055938720703125,1,"(43.4379997253418, -61.45418930053711, 682.1995239257812)",1
16855311038,16816687783,"(0.5923698544502258, 0.21457941830158234)","(52.190643310546875, 239.97283935546875, 80.50591278076172)",1,3.42767333984375,1,"(-16.303829193115234, -59.56877899169922, 683.2489624023438)",1,"(0.603797972202301, 0.20241911709308624)","(58.5137939453125, 243.52926635742188, 81.80036926269531)",1,3.0512237548828125,1,"(43.43069839477539, -61.4448356628418, 682.2305908203125)",1
16855328199,16816704944,"(0.5922545790672302, 0.21318230032920837)","(52.1268424987793, 240.38145446777344, 80.6546859741211)",1,3.430419921875,1,"(-16.308605194091797, -59.58933639526367, 683.30615234375)",1,"(0.6051621437072754, 0.203264057636261)","(59.26858139038086, 243.2821502685547, 81.71044158935547)",1,3.037689208984375,1,"(43.4347038269043, -61.46289825439453, 682.2861938476562)",1
16855344249,16816720994,"(0.5897195339202881, 0.21179790794849396)","(50.72417449951172, 240.78631591796875, 80.80207061767578)",1,3.410858154296875,1,"(-16.30939483642578, -59.60408020019531, 683.3387451171875)",1,"(0.6051443219184875, 0.20383183658123016)","(59.25871658325195, 243.11607360839844, 81.6500015258789)",1,3.0260009765625,1,"(43.44144821166992, -61.47946548461914, 682.31591796875)",1
16855360954,16816737699,"(0.5908010005950928, 0.21253709495067596)","(51.32255935668945, 240.57017517089844, 80.72335052490234)",1,3.403839111328125,1,"(-16.30719757080078, -59.59356689453125, 683.3458251953125)",1,"(0.6070477962493896, 0.20362424850463867)","(60.31193161010742, 243.1767578125, 81.67215728759766)",1,3.009063720703125,1,"(43.444618225097656, -61.46745681762695, 682.3216552734375)",1
16855378119,16816754864,"(0.5861074924468994, 0.2182561457157135)","(48.725624084472656, 238.8975372314453, 80.11456298828125)",1,3.3938140869140625,1,"(-16.33269691467285, -59.51786422729492, 683.3538818359375)",1,"(0.6010351181030273, 0.2054368555545807)","(56.98511505126953, 242.6466827392578, 81.47916412353516)",1,3.0265350341796875,1,"(43.45219802856445, -61.405757904052734, 682.3295288085938)",1
16855394215,16816770960,"(0.542816162109375, 0.22331519424915314)","(24.77252769470215, 237.41795349121094, 79.5760498046875)",1,3.379241943359375,1,"(-16.505332946777344, -59.50202178955078, 683.6350708007812)",1,"(0.5697299838066101, 0.19629882276058197)","(39.66397476196289, 245.31922912597656, 82.45186614990234)",1,3.0201263427734375,1,"(43.3504524230957, -61.38752365112305, 682.5752563476562)",1
16855410966,16816787711,"(0.43365272879600525, 0.25505390763282776)","(-35.62763214111328, 228.13560485839844, 76.19757080078125)",1,3.38720703125,1,"(-16.931840896606445, -59.53974151611328, 683.4375610351562)",1,"(0.4575492739677429, 0.22546373307704926)","(-22.40566062927246, 236.78961181640625, 79.34733581542969)",1,3.0653076171875,1,"(42.93684387207031, -61.40860366821289, 682.3884887695312)",1
16855428034,16816804779,"(0.4064091145992279, 0.2864229679107666)","(-50.70152282714844, 218.9613494873047, 72.85840606689453)",1,3.379486083984375,1,"(-17.03434944152832, -59.645835876464844, 683.0065307617188)",1,"(0.43176358938217163, 0.26705533266067505)","(-36.67285919189453, 224.6256561279297, 74.92001342773438)",1,3.057861328125,1,"(42.78923416137695, -61.50468444824219, 682.0504150390625)",1
16855444085,16816820830,"(0.41334110498428345, 0.32576456665992737)","(-46.86604309082031, 207.45542907714844, 68.67058563232422)",1,3.3546295166015625,1,"(-16.984464645385742, -59.655696868896484, 682.8234252929688)",1,"(0.43325307965278625, 0.30800437927246094)","(-35.84873962402344, 212.64959716796875, 70.56105041503906)",1,2.978515625,1,"(42.827091217041016, -61.53205108642578, 681.8504638671875)",1
16855460785,16816837530,"(0.411786288022995, 0.3333626985549927)","(-47.726318359375, 205.23330688476562, 67.86175537109375)",1,3.32763671875,1,"(-16.87388801574707, -59.58091354370117, 681.9481811523438)",1,"(0.42917436361312866, 0.2965054512023926)","(-38.10549545288086, 216.01263427734375, 71.7850570678711)",1,2.973602294921875,1,"(42.853946685791016, -61.49081039428711, 680.96044921875)",1
16855477954,16816854699,"(0.4144245684146881, 0.3305014967918396)","(-46.26655960083008, 206.07008361816406, 68.16632080078125)",1,3.308135986328125,1,"(-16.813688278198242, -59.56165313720703, 681.8114013671875)",1,"(0.43298420310020447, 0.3040291368961334)","(-35.99751663208008, 213.81224060058594, 70.98422241210938)",1,2.96966552734375,1,"(42.88616943359375, -61.48009490966797, 680.82666015625)",1
16855494051,16816870796,"(0.41384613513946533, 0.32963934540748596)","(-46.586585998535156, 206.3221893310547, 68.25811004638672)",1,3.2951812744140625,1,"(-16.777151107788086, -59.545860290527344, 681.7269897460938)",1,"(0.43299609422683716, 0.3070581257343292)","(-35.990936279296875, 212.9263916015625, 70.66178894042969)",1,2.965423583984375,1,"(42.92808532714844, -61.47964096069336, 680.7385864257812)",1
16855510700,16816887445,"(0.41563740372657776, 0.3257388770580292)","(-45.595489501953125, 207.46290588378906, 68.67334747314453)",1,3.2802581787109375,1,"(-16.733564376831055, -59.573394775390625, 681.9744262695312)",1,"(0.4304957389831543, 0.31280818581581116)","(-37.374385833740234, 211.24468994140625, 70.04975128173828)",1,2.9522857666015625,1,"(43.023624420166016, -61.5152587890625, 681.00146484375)",1
16855527874,16816904619,"(0.41444826126098633, 0.3251382112503052)","(-46.25343704223633, 207.63861083984375, 68.73721313476562)",1,3.2839508056640625,1,"(-16.683176040649414, -59.60763931274414, 682.283203125)",1,"(0.4317401051521301, 0.3116670250892639)","(-36.685874938964844, 211.5784454345703, 70.17122650146484)",1,2.9412841796875,1,"(43.092018127441406, -61.5616569519043, 681.2853393554688)",1
16855544017,16816920762,"(0.4121755361557007, 0.3279738426208496)","(-47.510948181152344, 206.809326171875, 68.43537902832031)",1,3.284881591796875,1,"(-16.63681411743164, -59.59719467163086, 682.0654296875)",1,"(0.4280306100845337, 0.3083840012550354)","(-38.73834228515625, 212.53860473632812, 70.52068328857422)",1,2.9432525634765625,1,"(43.11372375488281, -61.559303283691406, 681.0693359375)",1
16855560615,16816937360,"(0.41293761134147644, 0.332495778799057)","(-47.089298248291016, 205.48684692382812, 67.95404052734375)",1,3.2640838623046875,1,"(-16.596519470214844, -59.54458999633789, 681.4951171875)",1,"(0.43129825592041016, 0.31145021319389343)","(-36.930328369140625, 211.64183044433594, 70.19430541992188)",1,2.9319000244140625,1,"(43.088844299316406, -61.520660400390625, 680.48291015625)",1
16855577794,16816954539,"(0.4126889407634735, 0.33563587069511414)","(-47.22687911987305, 204.56846618652344, 67.61981964111328)",1,3.246795654296875,1,"(-16.576309204101562, -59.54572677612305, 681.4732055664062)",1,"(0.4299648702144623, 0.31103625893592834)","(-37.668094635009766, 211.7628936767578, 70.2383804321289)",1,2.9351959228515625,1,"(43.11418914794922, -61.53976821899414, 680.4747314453125)",1
16855593887,16816970631,"(0.4125092029571533, 0.33777672052383423)","(-47.326324462890625, 203.94232177734375, 67.39192199707031)",1,3.25921630859375,1,"(-16.576065063476562, -59.57759094238281, 681.7062377929688)",1,"(0.4301432967185974, 0.305932879447937)","(-37.56937026977539, 213.2554168701172, 70.78160858154297)",1,2.9306488037109375,1,"(43.136192321777344, -61.574485778808594, 680.7091064453125)",1
16855610531,16816987275,"(0.4140089154243469, 0.3404005169868469)","(-46.49653244018555, 203.17498779296875, 67.11259460449219)",1,3.2550811767578125,1,"(-16.59433937072754, -59.62565994262695, 682.189208984375)",1,"(0.4329172968864441, 0.3086477816104889)","(-36.034542083740234, 212.46144104003906, 70.4925765991211)",1,2.927490234375,1,"(43.16932678222656, -61.62669372558594, 681.218017578125)",1
16855627714,16817004458,"(0.4156278967857361, 0.332758367061615)","(-45.60076904296875, 205.41001892089844, 67.92611694335938)",1,3.2293701171875,1,"(-16.619474411010742, -59.67799377441406, 682.6749267578125)",1,"(0.4314572811126709, 0.30623823404312134)","(-36.84237289428711, 213.16615295410156, 70.74908447265625)",1,2.919586181640625,1,"(43.186866760253906, -61.660430908203125, 681.6756591796875)",1
16855643853,16817020597,"(0.4124765396118164, 0.3325144052505493)","(-47.34440994262695, 205.4813690185547, 67.95209503173828)",1,3.2515411376953125,1,"(-16.64085578918457, -59.707969665527344, 682.9273681640625)",1,"(0.43027549982070923, 0.30875661969184875)","(-37.496219635009766, 212.42959594726562, 70.48101806640625)",1,2.91827392578125,1,"(43.18796157836914, -61.67734909057617, 681.9381103515625)",1
16855660447,16817037191,"(0.4117269515991211, 0.32811281085014343)","(-47.7591438293457, 206.7686767578125, 68.42060852050781)",1,3.22955322265625,1,"(-16.671871185302734, -59.74330139160156, 683.1740112304688)",1,"(0.4263494312763214, 0.31077688932418823)","(-39.66851043701172, 211.83877563476562, 70.26598358154297)",1,2.91748046875,1,"(43.190696716308594, -61.69113540649414, 682.1907958984375)",1
16855677634,16817054378,"(0.41365012526512146, 0.32077640295028687)","(-46.6950569152832, 208.91429138183594, 69.2015380859375)",1,3.20721435546875,1,"(-16.71282386779785, -59.75605392456055, 683.1043090820312)",1,"(0.42495912313461304, 0.3089526295661926)","(-40.43779373168945, 212.37228393554688, 70.46015167236328)",1,2.9058074951171875,1,"(43.155006408691406, -61.684444427490234, 682.1209106445312)",1
16855693722,16817070466,"(0.41555604338645935, 0.32489821314811707)","(-45.640499114990234, 207.7088165283203, 68.7627944946289)",1,3.22491455078125,1,"(-16.73355484008789, -59.74839401245117, 682.9218139648438)",1,"(0.4242384731769562, 0.31139326095581055)","(-40.83652114868164, 211.6584930419922, 70.20035552978516)",1,2.90765380859375,1,"(43.121639251708984, -61.665714263916016, 681.931640625)",1
16855710459,16817087203,"(0.415913850069046, 0.3236742615699768)","(-45.442527770996094, 208.0667724609375, 68.8930892944336)",1,3.2165679931640625,1,"(-16.768163681030273, -59.72984313964844, 682.6437377929688)",1,"(0.4294237494468689, 0.31563231348991394)","(-37.967506408691406, 210.4187469482422, 69.74913024902344)",1,2.903839111328125,1,"(43.05109786987305, -61.63282012939453, 681.6499633789062)",1
16855727554,16817104298,"(0.4151284098625183, 0.3252319097518921)","(-45.87710952758789, 207.61122131347656, 68.72725677490234)",1,3.21319580078125,1,"(-16.80356788635254, -59.72198486328125, 682.671142578125)",1,"(0.4306287467479706, 0.3095223009586334)","(-37.3007926940918, 212.2056884765625, 70.39952087402344)",1,2.9071502685546875,1,"(43.01869201660156, -61.62213134765625, 681.6817626953125)",1
16855743688,16817120432,"(0.41472092270851135, 0.32428160309791565)","(-46.102577209472656, 207.88916015625, 68.82839965820312)",1,3.2180328369140625,1,"(-16.82005500793457, -59.72258377075195, 682.8013916015625)",1,"(0.4304862320423126, 0.31219246983528137)","(-37.37962341308594, 211.4247589111328, 70.11529541015625)",1,2.8970489501953125,1,"(43.010894775390625, -61.619720458984375, 681.818359375)",1
16855760374,16817137118,"(0.41531115770339966, 0.327480286359787)","(-45.7760124206543, 206.95367431640625, 68.48790740966797)",1,3.2126007080078125,1,"(-16.8292293548584, -59.719085693359375, 683.1011962890625)",1,"(0.4322833716869354, 0.3114301264286041)","(-36.38526916503906, 211.64773559570312, 70.19641876220703)",1,2.900054931640625,1,"(43.0385856628418, -61.63539123535156, 682.13232421875)",1
16855777474,16817154218,"(0.49364742636680603, 0.3469991683959961)","(-2.4325084686279297, 201.24513244628906, 66.41012573242188)",1,3.1879730224609375,1,"(-16.551097869873047, -59.900306701660156, 683.968017578125)",1,"(0.5152307748794556, 0.3576391637325287)","(9.509553909301758, 198.13333129882812, 65.277587890625)",1,2.9075927734375,1,"(43.3853759765625, -61.7913818359375, 682.9298095703125)",1
16855793557,16817170301,"(0.572475254535675, 0.40184107422828674)","(41.18288803100586, 185.2059783935547, 60.57239532470703)",1,3.23773193359375,1,"(-16.17063331604004, -59.96403503417969, 683.852783203125)",1,"(0.6094962954521179, 0.4093100130558014)","(61.666622161865234, 183.0216064453125, 59.777374267578125)",1,2.9053955078125,1,"(43.742698669433594, -61.87879180908203, 682.843994140625)",1
16855810290,16817187034,"(0.7016322016716003, 0.47113141417503357)","(112.6454849243164, 164.94117736816406, 53.19667053222656)",1,3.2577972412109375,1,"(-15.554228782653809, -59.87007522583008, 682.4865112304688)",1,"(0.7434231042861938, 0.4850870966911316)","(135.76840209960938, 160.85968017578125, 51.71110534667969)",1,2.889495849609375,1,"(44.220245361328125, -61.856163024902344, 681.373779296875)",1
16855827394,16817204138,"(0.7408190965652466, 0.51032555103302)","(134.3275909423828, 153.47840881347656, 49.024532318115234)",1,3.28277587890625,1,"(-15.398330688476562, -60.006248474121094, 682.8820190429688)",1,"(0.7636435627937317, 0.5067915320396423)","(146.95635986328125, 154.511962890625, 49.4007453918457)",1,2.904266357421875,1,"(44.3468017578125, -61.981239318847656, 681.709228515625)",1
16855843523,16817220267,"(0.7286131381988525, 0.5170097351074219)","(127.57405853271484, 151.52354431152344, 48.31300354003906)",1,3.294769287109375,1,"(-15.476411819458008, -60.0333366394043, 682.4832763671875)",1,"(0.7466359734535217, 0.5063810348510742)","(137.5460662841797, 154.6320037841797, 49.44443893432617)",1,2.915618896484375,1,"(44.25358963012695, -61.9825439453125, 681.3862915039062)",1
16855860301,16817237045,"(0.7352828979492188, 0.5374643206596375)","(131.26443481445312, 145.54136657714844, 46.13566589355469)",1,3.3120269775390625,1,"(-15.548727035522461, -60.09417724609375, 682.7972412109375)",1,"(0.7450056076049805, 0.5134487748146057)","(136.64398193359375, 152.56500244140625, 48.692100524902344)",1,2.912200927734375,1,"(44.22200393676758, -62.04043960571289, 681.7655639648438)",1
16855877323,16817254067,"(0.7320328950881958, 0.5382835865020752)","(129.4661865234375, 145.3017578125, 46.04850769042969)",1,3.3260955810546875,1,"(-15.629277229309082, -60.22990036010742, 683.8255004882812)",1,"(0.7424766421318054, 0.5173467397689819)","(135.2447052001953, 151.42495727539062, 48.27717208862305)",1,2.93505859375,1,"(44.24563217163086, -62.15095901489258, 682.7252197265625)",1
16855893392,16817270136,"(0.7323068380355835, 0.5247430205345154)","(129.6177520751953, 149.26182556152344, 47.48987579345703)",1,3.320709228515625,1,"(-15.674468040466309, -60.305824279785156, 684.1936645507812)",1,"(0.7438151240348816, 0.5155624747276306)","(135.98532104492188, 151.94679260253906, 48.467105865478516)",1,2.9360809326171875,1,"(44.24951934814453, -62.20164489746094, 683.0811767578125)",1
16855910120,16817286864,"(0.7321743965148926, 0.5158946514129639)","(129.5445098876953, 151.8496551513672, 48.43170928955078)",1,3.33880615234375,1,"(-15.728931427001953, -60.40985107421875, 684.8418579101562)",1,"(0.7454173564910889, 0.5203786492347717)","(136.87184143066406, 150.5382537841797, 47.95439147949219)",1,2.9593048095703125,1,"(44.25546646118164, -62.29534912109375, 683.7845458984375)",1
16855927243,16817303987,"(0.7335285544395447, 0.5144460797309875)","(130.2937469482422, 152.27330017089844, 48.5859260559082)",1,3.362884521484375,1,"(-15.78945541381836, -60.48871994018555, 685.45654296875)",1,"(0.7449987530708313, 0.5175856351852417)","(136.64016723632812, 151.35513305664062, 48.25168991088867)",1,2.9824371337890625,1,"(44.25507354736328, -62.365047454833984, 684.369384765625)",1
16855943262,16817320006,"(0.7360115647315979, 0.5100650787353516)","(131.6676025390625, 153.5545654296875, 49.05223846435547)",1,3.3689422607421875,1,"(-15.83388614654541, -60.51960372924805, 685.6963500976562)",1,"(0.7462028861045837, 0.5169744491577148)","(137.3064422607422, 151.53384399414062, 48.31674575805664)",1,2.9936676025390625,1,"(44.246116638183594, -62.385643005371094, 684.6083374023438)",1
16855960132,16817336876,"(0.7377113699913025, 0.5115799903869629)","(132.6081085205078, 153.1115264892578, 48.89101791381836)",1,3.385040283203125,1,"(-15.91042423248291, -60.520023345947266, 685.80517578125)",1,"(0.7421224117279053, 0.515933632850647)","(135.0487060546875, 151.8382568359375, 48.42755889892578)",1,3.0052032470703125,1,"(44.20348358154297, -62.387718200683594, 684.7223510742188)",1
16855977163,16817353907,"(0.7358936667442322, 0.5077853798866272)","(131.60232543945312, 154.22129821777344, 49.294925689697266)",1,3.3975982666015625,1,"(-15.993093490600586, -60.54400634765625, 685.9874267578125)",1,"(0.7454673647880554, 0.5180313587188721)","(136.89950561523438, 151.22474670410156, 48.20424270629883)",1,3.0096588134765625,1,"(44.13131332397461, -62.38580322265625, 684.9057006835938)",1
16855993228,16817369972,"(0.7356817126274109, 0.5122711658477783)","(131.48509216308594, 152.90939331054688, 48.81743240356445)",1,3.4299468994140625,1,"(-16.06527328491211, -60.5655403137207, 686.1613159179688)",1,"(0.7453343868255615, 0.5202420949935913)","(136.82591247558594, 150.5782012939453, 47.96889877319336)",1,3.033355712890625,1,"(44.08248519897461, -62.38866424560547, 685.0853271484375)",1
16856010048,16817386792,"(0.7348975539207458, 0.5172993540763855)","(131.05120849609375, 151.43885803222656, 48.282161712646484)",1,3.4467315673828125,1,"(-16.178115844726562, -60.57912826538086, 686.2740478515625)",1,"(0.7460681796073914, 0.5194672346115112)","(137.23193359375, 150.80482482910156, 48.05143356323242)",1,3.02899169921875,1,"(43.984127044677734, -62.38890838623047, 685.21240234375)",1
16856027083,16817403827,"(0.7325605154037476, 0.5173560976982117)","(129.7581329345703, 151.42222595214844, 48.27617645263672)",1,3.444244384765625,1,"(-16.278385162353516, -60.61101150512695, 686.5639038085938)",1,"(0.7482091188430786, 0.5166444778442383)","(138.41653442382812, 151.63037109375, 48.35185623168945)",1,3.0459442138671875,1,"(43.88846206665039, -62.406673431396484, 685.5046997070312)",1
16856043098,16817419842,"(0.7324544191360474, 0.5142095685005188)","(129.69940185546875, 152.3424835205078, 48.61110305786133)",1,3.4460906982421875,1,"(-16.353761672973633, -60.644840240478516, 686.82958984375)",1,"(0.7469250559806824, 0.5142363905906677)","(137.70606994628906, 152.33468627929688, 48.60821533203125)",1,3.049774169921875,1,"(43.843360900878906, -62.42486572265625, 685.7802124023438)",1
16856059963,16817436707,"(0.7340927124023438, 0.509320855140686)","(130.60589599609375, 153.772216796875, 49.131465911865234)",1,3.4445648193359375,1,"(-16.468536376953125, -60.65887451171875, 686.8786010742188)",1,"(0.7473101019859314, 0.514571487903595)","(137.91903686523438, 152.2366180419922, 48.572509765625)",1,3.05938720703125,1,"(43.73328399658203, -62.40989685058594, 685.8331909179688)",1
16856077003,16817453747,"(0.737354576587677, 0.5159295797348022)","(132.41064453125, 151.8394317626953, 48.4279670715332)",1,3.4709930419921875,1,"(-16.58849334716797, -60.661834716796875, 686.8644409179688)",1,"(0.7438070178031921, 0.5112705230712891)","(135.9808349609375, 153.2020263671875, 48.92390823364258)",1,3.0726776123046875,1,"(43.642093658447266, -62.405616760253906, 685.8271484375)",1
16856093064,16817469808,"(0.7337473630905151, 0.5237067341804504)","(130.41477966308594, 149.56494140625, 47.60012435913086)",1,3.4828948974609375,1,"(-16.63770294189453, -60.67799377441406, 686.9862670898438)",1,"(0.7444044351577759, 0.508951723575592)","(136.31134033203125, 153.88021850585938, 49.170738220214844)",1,3.0794677734375,1,"(43.59242248535156, -62.41472244262695, 685.9534912109375)",1
16856109878,16817486622,"(0.7342322468757629, 0.5309445858001709)","(130.6831512451172, 147.4480743408203, 46.82969665527344)",1,3.48992919921875,1,"(-16.72527503967285, -60.69740295410156, 687.1319580078125)",1,"(0.7469168901443481, 0.509219229221344)","(137.7014923095703, 153.80198669433594, 49.142311096191406)",1,3.0919952392578125,1,"(43.510257720947266, -62.4305419921875, 686.112548828125)",1
16856126927,16817503672,"(0.7404366731643677, 0.526928186416626)","(134.1160125732422, 148.6227569580078, 47.25722122192383)",1,3.5040740966796875,1,"(-16.83759880065918, -60.73688888549805, 687.25830078125)",1,"(0.744761049747467, 0.5143890380859375)","(136.5087432861328, 152.2899627685547, 48.59196472167969)",1,3.10302734375,1,"(43.43539810180664, -62.444210052490234, 686.2400512695312)",1
16856142933,16817519678,"(0.73575359582901, 0.5203507542610168)","(131.52487182617188, 150.54641723632812, 47.95736312866211)",1,3.489990234375,1,"(-16.899263381958008, -60.75285339355469, 687.2777709960938)",1,"(0.7415466904640198, 0.5103747248649597)","(134.73020935058594, 153.4640350341797, 49.019287109375)",1,3.1033477783203125,1,"(43.37931442260742, -62.44643783569336, 686.2742309570312)",1
16856159793,16817536538,"(0.6559995412826538, 0.4493953287601471)","(87.39689636230469, 171.29820251464844, 55.51038360595703)",1,3.4818878173828125,1,"(-17.188316345214844, -60.648460388183594, 686.8239135742188)",1,"(0.6755580902099609, 0.43866077065467834)","(98.21869659423828, 174.43763732910156, 56.653038024902344)",1,3.1086883544921875,1,"(42.98949432373047, -62.286197662353516, 685.7765502929688)",1
16856176847,16817553592,"(0.5895183682441711, 0.3453579545021057)","(50.61285400390625, 201.72512817382812, 66.58488464355469)",1,3.4732513427734375,1,"(-17.570348739624023, -60.45740509033203, 686.9005737304688)",1,"(0.6189534664154053, 0.35321933031082153)","(66.89936828613281, 199.4259490966797, 65.74810028076172)",1,3.1343536376953125,1,"(42.60228729248047, -62.10763168334961, 685.8992919921875)",1
16856192899,16817569644,"(0.5865390300750732, 0.29523777961730957)","(48.96440505981445, 216.3833465576172, 71.92008209228516)",1,3.47528076171875,1,"(-17.665996551513672, -60.45733642578125, 687.7340698242188)",1,"(0.6072860360145569, 0.31112566590309143)","(60.443763732910156, 211.7367401123047, 70.2288589477539)",1,3.15960693359375,1,"(42.55454635620117, -62.102012634277344, 686.8226318359375)",1
16856209613,16817586358,"(0.5840057134628296, 0.28840598464012146)","(47.562774658203125, 218.3813934326172, 72.64725494384766)",1,3.468048095703125,1,"(-17.712263107299805, -60.424041748046875, 687.8494873046875)",1,"(0.5960160493850708, 0.28771835565567017)","(54.20802307128906, 218.58250427246094, 72.72049713134766)",1,3.1688995361328125,1,"(42.49869918823242, -62.070133209228516, 686.9081420898438)",1
16856226763,16817603508,"(0.5845800638198853, 0.2904580235481262)","(47.8804931640625, 217.78126525878906, 72.4288330078125)",1,3.4772491455078125,1,"(-17.754669189453125, -60.38603973388672, 687.4840087890625)",1,"(0.5965956449508667, 0.2817714214324951)","(54.528717041015625, 220.32176208496094, 73.35354614257812)",1,3.179229736328125,1,"(42.447479248046875, -62.031307220458984, 686.5542602539062)",1
16856242768,16817619513,"(0.5853591561317444, 0.28970736265182495)","(48.31160354614258, 218.0007781982422, 72.50875091552734)",1,3.4695892333984375,1,"(-17.776140213012695, -60.350337982177734, 687.2097778320312)",1,"(0.5986241698265076, 0.2876396179199219)","(55.651126861572266, 218.6055450439453, 72.7288818359375)",1,3.185699462890625,1,"(42.41551971435547, -61.99578094482422, 686.2778930664062)",1
16856259528,16817636273,"(0.5817520022392273, 0.2920672595500946)","(46.31575012207031, 217.31063842773438, 72.2575454711914)",1,3.4702606201171875,1,"(-17.78934669494629, -60.306522369384766, 686.9392700195312)",1,"(0.5989561080932617, 0.28475189208984375)","(55.83479309082031, 219.4501190185547, 73.0362319946289)",1,3.1812591552734375,1,"(42.39032745361328, -61.96118927001953, 685.9976806640625)",1
16856276679,16817653425,"(0.584930419921875, 0.29458001255989075)","(48.07438278198242, 216.5757293701172, 71.99010467529297)",1,3.466552734375,1,"(-17.798032760620117, -60.276004791259766, 686.814697265625)",1,"(0.5965257883071899, 0.28199490904808044)","(54.49006652832031, 220.2563934326172, 73.32974243164062)",1,3.1879119873046875,1,"(42.39189147949219, -61.94758605957031, 685.876953125)",1
16856292734,16817669480,"(0.5843165516853333, 0.28987106680870056)","(47.73472595214844, 217.95289611816406, 72.49136352539062)",1,3.4653472900390625,1,"(-17.793163299560547, -60.269081115722656, 686.6983032226562)",1,"(0.594915509223938, 0.28141433000564575)","(53.59912872314453, 220.42616271972656, 73.39152526855469)",1,3.1945648193359375,1,"(42.397560119628906, -61.93721389770508, 685.7655029296875)",1
